1.45545006 0.45974001 -0.40829501
1.44766605 0.45228401 -0.40571100
1.43062103 0.44203001 -0.40054199
1.42276299 0.43471101 -0.39795801
1.42412198 0.43023899 -0.39795801
1.42546701 0.42576301 -0.39795801
1.42679703 0.42128301 -0.39795801
1.42811406 0.41679800 -0.39795801
1.42013395 0.40963200 -0.39537400
1.43070400 0.40781701 -0.39795801
1.43190801 0.40357000 -0.39795801
1.43316901 0.39906999 -0.39795801
1.42510104 0.39200300 -0.39537400
1.43564796 0.39005700 -0.39795801
1.42753601 0.38304201 -0.39537400
1.43807006 0.38102901 -0.39795801
1.43926001 0.37650901 -0.39795801
1.44043601 0.37198499 -0.39795801
1.44159698 0.36745900 -0.39795801
1.44274497 0.36292800 -0.39795801
1.43444002 0.35631701 -0.39537400
1.44499695 0.35385501 -0.39795801
1.43671095 0.34704599 -0.39537400
1.43779397 0.34253100 -0.39537400
1.43880403 0.33826399 -0.39537400
1.44927001 0.33592299 -0.39795801
1.44090104 0.32921600 -0.39537400
1.43250406 0.32256600 -0.39278999
1.44294095 0.32015699 -0.39537400
1.44394004 0.31562200 -0.39537400
1.44492400 0.31108400 -0.39537400
1.44589400 0.30654299 -0.39537400
1.43739402 0.30002600 -0.39278999
1.44779205 0.29745200 -0.39537400
1.46765697 0.29673201 -0.40054199
1.47805595 0.29400399 -0.40312701
1.48840296 0.29147300 -0.40571100
1.48931098 0.28679600 -0.40571100
1.49020398 0.28211600 -0.40571100
1.49108303 0.27743301 -0.40571100
1.48244500 0.27101001 -0.40312701
1.50230503 0.26976600 -0.40829501
1.48411798 0.26168999 -0.40312701
1.49445200 0.25867400 -0.40571100
1.49525702 0.25397801 -0.40571100
1.51510596 0.25245401 -0.41087899
1.49682295 0.24457800 -0.40571100
1.49758399 0.23987500 -0.40571100
1.50783300 0.23692900 -0.40829501
1.50856996 0.23219100 -0.40829501
1.49973905 0.22601099 -0.40571100
1.48132801 0.21847899 -0.40054199
1.48200703 0.21382500 -0.40054199
1.49223697 0.21051700 -0.40312701
1.48332095 0.20450900 -0.40054199
1.47438300 0.19855800 -0.39795801
1.44626498 0.19014800 -0.39020601
1.44685495 0.18560299 -0.39020601
1.44743097 0.18105701 -0.39020601
1.44799304 0.17650799 -0.39020601
1.44854105 0.17195900 -0.39020601
1.44907403 0.16740701 -0.39020601
1.44959199 0.16285400 -0.39020601
1.45009696 0.15829900 -0.39020601
1.46016705 0.15501501 -0.39278999
1.45103705 0.14943799 -0.39020601
1.45152402 0.14462601 -0.39020601
1.45197201 0.14006500 -0.39020601
1.44276202 0.13485700 -0.38762200
1.45280004 0.13119200 -0.39020601
1.45320499 0.12662800 -0.39020601
1.44396901 0.12125400 -0.38762200
1.44434297 0.11671700 -0.38762200
1.45433402 0.11292600 -0.39020601
1.45468199 0.10835600 -0.39020601
1.44537902 0.10309900 -0.38762200
1.44569600 0.09855800 -0.38762200
1.45563805 0.09464200 -0.39020601
1.45591199 0.09032300 -0.39020601
1.45618904 0.08574900 -0.39020601
1.47574198 0.08224900 -0.39537400
1.49528694 0.07862600 -0.40054199
1.50517499 0.07440600 -0.40312701
1.49575198 0.06923000 -0.40054199
1.50561297 0.06494700 -0.40312701
1.49615705 0.05983100 -0.40054199
1.48668396 0.05477400 -0.39795801
1.49650300 0.05042900 -0.40054199
1.49665499 0.04572700 -0.40054199
1.50644696 0.04129000 -0.40312701
1.49691200 0.03632300 -0.40054199
1.49701905 0.03161900 -0.40054199
1.48745203 0.02674200 -0.39795801
1.50684702 0.02235600 -0.40312701
1.50690997 0.01762200 -0.40312701
1.49729800 0.01280600 -0.40054199
1.50698996 0.00841700 -0.40312701
1.50700903 0.00368200 -0.40312701
1.49735200 -0.00104500 -0.40054199
1.49734199 -0.00574900 -0.40054199
1.48765600 -0.01038600 -0.39795801
1.45863402 -0.01502100 -0.39020601
1.44892001 -0.01947300 -0.38762200
1.44885194 -0.02402500 -0.38762200
1.44877398 -0.02832400 -0.38762200
1.44867802 -0.03287500 -0.38762200
1.44856799 -0.03742600 -0.38762200
1.45809901 -0.04225700 -0.39020601
1.44830406 -0.04652700 -0.38762200
1.45780504 -0.05141700 -0.39020601
1.44798303 -0.05562600 -0.38762200
1.45745301 -0.06057600 -0.39020601
1.44760501 -0.06472300 -0.38762200
1.44739497 -0.06927000 -0.38762200
1.45681798 -0.07430900 -0.39020601
1.45657694 -0.07888500 -0.39020601
1.45633602 -0.08320700 -0.39020601
1.44642496 -0.08720000 -0.38762200
1.45578504 -0.09235600 -0.39020601
1.45548797 -0.09692900 -0.39020601
1.45517600 -0.10150100 -0.39020601
1.45484996 -0.10607200 -0.39020601
1.45450902 -0.11064200 -0.39020601
1.45415497 -0.11521100 -0.39020601
1.44415796 -0.11898500 -0.38762200
1.46302700 -0.12516800 -0.39278999
1.49149406 -0.13232499 -0.40054199
1.50069106 -0.13789400 -0.40312701
1.50025105 -0.14260800 -0.40312701
1.49979496 -0.14732000 -0.40312701
1.49932504 -0.15203100 -0.40312701
1.49883997 -0.15674099 -0.40312701
1.48876297 -0.16015400 -0.40054199
1.49782598 -0.16615500 -0.40312701
1.49729598 -0.17086001 -0.40312701
1.49675202 -0.17556299 -0.40312701
1.50581598 -0.18115699 -0.40571100
1.50523901 -0.18588699 -0.40571100
1.51423097 -0.19182900 -0.40829501
1.50404096 -0.19534101 -0.40571100
1.49384403 -0.19879100 -0.40312701
1.51235604 -0.20609100 -0.40829501
1.50213397 -0.20950700 -0.40571100
1.50146794 -0.21422499 -0.40571100
1.51034701 -0.22033601 -0.40829501
1.50009203 -0.22365500 -0.40571100
1.49938202 -0.22836700 -0.40571100
1.47002101 -0.22862200 -0.39795801
1.45021403 -0.23021001 -0.39278999
1.44948304 -0.23476499 -0.39278999
1.45826995 -0.24089199 -0.39537400
1.45750594 -0.24547200 -0.39537400
1.44720602 -0.24841499 -0.39278999
1.46545005 -0.25628901 -0.39795801
1.46463799 -0.26089200 -0.39795801
1.45430601 -0.26376799 -0.39537400
1.45346999 -0.26833501 -0.39537400
1.46211398 -0.27468401 -0.39795801
1.46124399 -0.27927601 -0.39795801
1.46035898 -0.28386500 -0.39795801
1.45003295 -0.28632501 -0.39537400
1.45859802 -0.29278100 -0.39795801
1.45761895 -0.29761600 -0.39795801
1.45667696 -0.30219400 -0.39795801
1.44632101 -0.30452400 -0.39537400
1.45480394 -0.31108600 -0.39795801
1.45381904 -0.31565499 -0.39795801
1.44338703 -0.31814200 -0.39537400
1.45180702 -0.32478300 -0.39795801
1.44135904 -0.32720399 -0.39537400
1.46856594 -0.33823499 -0.40312701
1.48631001 -0.34724301 -0.40829501
1.49461198 -0.35413799 -0.41087899
1.51227796 -0.36334500 -0.41604701
1.51112902 -0.36809400 -0.41604701
1.50058699 -0.37052399 -0.41346300
1.50878704 -0.37758201 -0.41604701
1.49822903 -0.37994501 -0.41346300
1.50638402 -0.38705400 -0.41604701
1.49581206 -0.38935101 -0.41346300
1.48523998 -0.39158601 -0.41087899
1.50267005 -0.40123400 -0.41604701
1.50140202 -0.40595299 -0.41604701
1.50011897 -0.41066799 -0.41604701
1.49882102 -0.41537800 -0.41604701
1.50680995 -0.42269400 -0.41863099
1.50547504 -0.42742601 -0.41863099
1.49484003 -0.42948601 -0.41604701
1.49348295 -0.43417999 -0.41604701
1.49211204 -0.43887001 -0.41604701
1.45368898 -0.43253499 -0.40571100
1.45232296 -0.43709999 -0.40571100
1.44170105 -0.43884701 -0.40312701
1.44954801 -0.44621599 -0.40571100
1.44813895 -0.45076799 -0.40571100
1.44671595 -0.45531499 -0.40571100
1.44527805 -0.45985800 -0.40571100
1.44382703 -0.46439600 -0.40571100
1.44236004 -0.46893001 -0.40571100
1.43170297 -0.47044301 -0.40312701
1.43946898 -0.47773200 -0.40571100
1.43796098 -0.48225200 -0.40571100
1.44948399 0.45757699 -0.35102400
1.43231297 0.44721299 -0.34652400
1.43371105 0.44271100 -0.34652400
1.43509495 0.43820500 -0.34652400
1.43646395 0.43369499 -0.34652400
1.43781996 0.42917901 -0.34652400
1.43916094 0.42466000 -0.34652400
1.44048798 0.42013699 -0.34652400
1.44180095 0.41560900 -0.34652400
1.44309902 0.41107801 -0.34652400
1.44431305 0.40679401 -0.34652400
1.44558406 0.40225500 -0.34652400
1.45623505 0.40029401 -0.34877399
1.46688902 0.39827001 -0.35102400
1.47754395 0.39618301 -0.35327500
1.47878098 0.39153901 -0.35327500
1.48000395 0.38689101 -0.35327500
1.49064696 0.38467500 -0.35552499
1.48240602 0.37758499 -0.35327500
1.48358405 0.37292600 -0.35327500
1.47522795 0.36617500 -0.35102400
1.48589802 0.36359701 -0.35327500
1.50597596 0.36349899 -0.35777500
1.47867501 0.35199699 -0.35102400
1.48919797 0.34983701 -0.35327500
1.48079801 0.34295800 -0.35102400
1.48186803 0.33830401 -0.35102400
1.48292303 0.33364701 -0.35102400
1.47445095 0.32687801 -0.34877399
1.48499000 0.32432401 -0.35102400
1.49552798 0.32170501 -0.35327500
1.48699903 0.31498599 -0.35102400
1.48798096 0.31031400 -0.35102400
1.44122601 0.29584101 -0.33977401
1.46124899 0.29517099 -0.34427401
1.45261300 0.28867900 -0.34202400
1.45346296 0.28436700 -0.34202400
1.45434904 0.27980101 -0.34202400
1.45522106 0.27522999 -0.34202400
1.44649899 0.26887599 -0.33977401
1.45692205 0.26608101 -0.34202400
1.45774996 0.26150301 -0.34202400
1.45856500 0.25692201 -0.34202400
1.44976401 0.25067800 -0.33977401
1.45054400 0.24612300 -0.33977401
1.45131004 0.24156401 -0.33977401
1.45206201 0.23700400 -0.33977401
1.45279896 0.23244099 -0.33977401
1.46310794 0.22964001 -0.34202400
1.46382201 0.22504300 -0.34202400
1.45488703 0.21899199 -0.33977401
1.46520698 0.21584100 -0.34202400
1.46587801 0.21123700 -0.34202400
1.45688605 0.20527101 -0.33977401
1.44787204 0.19936299 -0.33752400
1.45814705 0.19611301 -0.33977401
1.43943501 0.18899401 -0.33527300
1.46901500 0.18818600 -0.34202400
1.48893595 0.18598500 -0.34652400
1.48951304 0.18130600 -0.34652400
1.49007499 0.17662600 -0.34652400
1.50998199 0.17417701 -0.35102400
1.50083804 0.16834600 -0.34877399
1.50136006 0.16362999 -0.34877399
1.50183904 0.15917400 -0.34877399
1.49263895 0.15345900 -0.34652400
1.49313998 0.14850900 -0.34652400
1.49359906 0.14381801 -0.34652400
1.49401903 0.13938500 -0.34652400
1.49444902 0.13469000 -0.34652400
1.48515797 0.12915100 -0.34427401
1.49526596 0.12529799 -0.34652400
1.48593998 0.11981700 -0.34427401
1.49602401 0.11590100 -0.34652400
1.49638104 0.11120000 -0.34652400
1.49672306 0.10649900 -0.34652400
1.49705005 0.10179600 -0.34652400
1.49736202 0.09709300 -0.34652400
1.44901896 0.08964100 -0.33527300
1.46874702 0.08623100 -0.33977401
1.46901095 0.08161700 -0.33977401
1.46925998 0.07700100 -0.33977401
1.45003104 0.07142600 -0.33527300
1.45024800 0.06687000 -0.33527300
1.46018600 0.06273200 -0.33752400
1.45063996 0.05775700 -0.33527300
1.46055102 0.05355600 -0.33752400
1.45097399 0.04864000 -0.33527300
1.45112002 0.04408200 -0.33527300
1.46099102 0.03978900 -0.33752400
1.46110904 0.03519900 -0.33752400
1.46121204 0.03060800 -0.33752400
1.47104299 0.02619000 -0.33977401
1.47111797 0.02156900 -0.33977401
1.46143603 0.01683500 -0.33752400
1.46148098 0.01224400 -0.33752400
1.46151102 0.00790800 -0.33752400
1.46152902 0.00331600 -0.33752400
1.46153200 -0.00127500 -0.33752400
1.45177698 -0.00582800 -0.33527300
1.46149504 -0.01045800 -0.33752400
1.46145296 -0.01530500 -0.33752400
1.47114003 -0.02002900 -0.33977401
1.48081195 -0.02481400 -0.34202400
1.50021505 -0.02959100 -0.34652400
1.50985599 -0.03452700 -0.34877399
1.50000000 -0.03901700 -0.34652400
1.49986994 -0.04372900 -0.34652400
1.49972498 -0.04844100 -0.34652400
1.49956501 -0.05315200 -0.34652400
1.49939096 -0.05786300 -0.34652400
1.49920201 -0.06257300 -0.34652400
1.49899805 -0.06728300 -0.34652400
1.50851095 -0.07245900 -0.34877399
1.49854505 -0.07670000 -0.34652400
1.50802600 -0.08193600 -0.34877399
1.49804902 -0.08585200 -0.34652400
1.48804605 -0.08997000 -0.34427401
1.49748003 -0.09526300 -0.34652400
1.51661694 -0.10126500 -0.35102400
1.48713195 -0.10399000 -0.34427401
1.49651599 -0.10937200 -0.34652400
1.50588000 -0.11481400 -0.34877399
1.50551200 -0.11954400 -0.34877399
1.44686604 -0.11946200 -0.33527300
1.46589899 -0.12567200 -0.33977401
1.46549702 -0.13027699 -0.33977401
1.45537806 -0.13398699 -0.33752400
1.46465003 -0.13948201 -0.33977401
1.47390103 -0.14503700 -0.34202400
1.47343802 -0.14966600 -0.34202400
1.45358002 -0.15226400 -0.33752400
1.46280897 -0.15762000 -0.33977401
1.46227801 -0.16247000 -0.33977401
1.46176004 -0.16706300 -0.33977401
1.46122801 -0.17165500 -0.33977401
1.46071303 -0.17599000 -0.33977401
1.46982205 -0.18177401 -0.34202400
1.45957804 -0.18516400 -0.33977401
1.46865106 -0.19100501 -0.34202400
1.45838594 -0.19433101 -0.33977401
1.45776796 -0.19891199 -0.33977401
1.45713603 -0.20349100 -0.33977401
1.45649004 -0.20806700 -0.33977401
1.45582902 -0.21264200 -0.33977401
1.46478999 -0.21865299 -0.34202400
1.45446396 -0.22178499 -0.33977401
1.45376003 -0.22635300 -0.33977401
1.47228706 -0.23397800 -0.34427401
1.49078095 -0.24172100 -0.34877399
1.49001396 -0.24640299 -0.34877399
1.49884105 -0.25270301 -0.35102400
1.48843598 -0.25576001 -0.34877399
1.49722302 -0.26211500 -0.35102400
1.49639201 -0.26681799 -0.35102400
1.50513399 -0.27325800 -0.35327500
1.50426805 -0.27798501 -0.35327500
1.50338697 -0.28270900 -0.35327500
1.50249100 -0.28743100 -0.35327500
1.50158095 -0.29214999 -0.35327500
1.50070798 -0.29660401 -0.35327500
1.49976802 -0.30131701 -0.35327500
1.48921502 -0.30433801 -0.35102400
1.49779105 -0.31099600 -0.35327500
1.49686205 -0.31543800 -0.35327500
1.50539100 -0.32217801 -0.35552499
1.49485004 -0.32483700 -0.35327500
1.50333703 -0.33163100 -0.35552499
1.50228798 -0.33635199 -0.35552499
1.46321797 -0.33243501 -0.34652400
1.46216702 -0.33702999 -0.34652400
1.46110106 -0.34162199 -0.34652400
1.46950102 -0.34845901 -0.34877399
1.45892501 -0.35079601 -0.34652400
1.45781600 -0.35537699 -0.34652400
1.45669198 -0.35995501 -0.34652400
1.45555401 -0.36453000 -0.34652400
1.46384597 -0.37149799 -0.34877399
1.46267200 -0.37609500 -0.34877399
1.45205402 -0.37823200 -0.34652400
1.46027994 -0.38527700 -0.34877399
1.45906198 -0.38986301 -0.34877399
1.46723604 -0.39699000 -0.35102400
1.45658398 -0.39902300 -0.34877399
1.46471298 -0.40620100 -0.35102400
1.46342897 -0.41080001 -0.35102400
1.45275903 -0.41273299 -0.34877399
1.46081901 -0.41998699 -0.35102400
1.45949197 -0.42457399 -0.35102400
1.45815098 -0.42915699 -0.35102400
1.44745803 -0.43095601 -0.34877399
1.46475601 -0.44112000 -0.35327500
1.45404196 -0.44288099 -0.35102400
1.46195495 -0.45031500 -0.35327500
1.45123100 -0.45200801 -0.35102400
1.45909703 -0.45949200 -0.35327500
1.45764601 -0.46407300 -0.35327500
1.44690597 -0.46566501 -0.35102400
1.44543600 -0.47020900 -0.35102400
1.44395196 -0.47474700 -0.35102400
1.44253695 -0.47902900 -0.35102400
1.44102502 -0.48355901 -0.35102400
1.45219803 0.45314401 -0.29712099
1.45361495 0.44857901 -0.29712099
1.45501697 0.44400999 -0.29712099
1.45640397 0.43943700 -0.29712099
1.45777798 0.43485901 -0.29712099
1.44972301 0.42750099 -0.29520500
1.46048105 0.42569101 -0.29712099
1.45237994 0.41838399 -0.29520500
1.46312702 0.41650701 -0.29712099
1.46435595 0.41216400 -0.29712099
1.45618796 0.40493101 -0.29520500
1.47638094 0.40555400 -0.29903799
1.47764802 0.40091401 -0.29903799
1.47889996 0.39627001 -0.29903799
1.47064996 0.38911200 -0.29712099
1.47186506 0.38448900 -0.29712099
1.46356201 0.37741300 -0.29520500
1.50278604 0.38249701 -0.30287200
1.48494196 0.37299201 -0.29903799
1.48604202 0.36858401 -0.29903799
1.48725700 0.36365399 -0.29903799
1.50747299 0.36358199 -0.30287200
1.51815605 0.36111599 -0.30478901
1.50966597 0.35436699 -0.30287200
1.46296299 0.33855799 -0.29328799
1.49272597 0.34050900 -0.29903799
1.49378800 0.33581799 -0.29903799
1.45650601 0.32263300 -0.29137099
1.47669101 0.32224101 -0.29520500
1.50648201 0.32378700 -0.30095500
1.47868598 0.31295499 -0.29520500
1.47005403 0.30630699 -0.29328799
1.43255103 0.29380000 -0.28562000
1.50081098 0.30289000 -0.29903799
1.47287500 0.29243901 -0.29328799
1.48336899 0.28995001 -0.29520500
1.48427200 0.28528899 -0.29520500
1.48516095 0.28062400 -0.29520500
1.48603594 0.27595699 -0.29520500
1.47723997 0.26952499 -0.29328799
1.49740100 0.26834601 -0.29712099
1.47890401 0.26023901 -0.29328799
1.48938596 0.25726199 -0.29520500
1.47083402 0.24930100 -0.29137099
1.48129106 0.24628900 -0.29328799
1.49174404 0.24321300 -0.29520500
1.48281002 0.23697700 -0.29328799
1.48350596 0.23257600 -0.29328799
1.47452903 0.22642399 -0.29137099
1.47523296 0.22179100 -0.29137099
1.48563194 0.21858400 -0.29328799
1.49602604 0.21531500 -0.29520500
1.48697603 0.20924599 -0.29328799
1.48762596 0.20457301 -0.29328799
1.46880698 0.19728500 -0.28945401
1.45968902 0.19139400 -0.28753701
1.47001803 0.18805300 -0.28945401
1.49981904 0.18707800 -0.29520500
1.50039899 0.18236500 -0.29520500
1.48147094 0.17534401 -0.29137099
1.46251500 0.16844299 -0.28753701
1.53131199 0.17149401 -0.30095500
1.48305798 0.16137400 -0.29137099
1.49329102 0.15800500 -0.29328799
1.48401594 0.15231100 -0.29137099
1.48451304 0.14738899 -0.29137099
1.48496902 0.14272501 -0.29137099
1.46584105 0.13649800 -0.28753701
1.52491295 0.13716801 -0.29903799
1.48622596 0.12898301 -0.29137099
1.49640405 0.12513100 -0.29328799
1.51635599 0.12200300 -0.29712099
1.47758996 0.11421300 -0.28945401
1.49751699 0.11102100 -0.29328799
1.47827804 0.10492700 -0.28945401
1.47860098 0.10028200 -0.28945401
1.49849701 0.09690300 -0.29328799
1.46939003 0.09064400 -0.28753701
1.46966696 0.08602800 -0.28753701
1.50912797 0.08358100 -0.29520500
1.49958205 0.07832700 -0.29328799
1.49001801 0.07313400 -0.29137099
1.49024105 0.06845300 -0.29137099
1.49044800 0.06377100 -0.29137099
1.49064100 0.05908900 -0.29137099
1.49082005 0.05440500 -0.29137099
1.48117399 0.04939400 -0.28945401
1.49113202 0.04503700 -0.29137099
1.48145497 0.04008700 -0.28945401
1.48157406 0.03543300 -0.28945401
1.48167801 0.03077800 -0.28945401
1.47195399 0.02595000 -0.28753701
1.48184204 0.02146800 -0.28945401
1.48190200 0.01681300 -0.28945401
1.49176204 0.01223800 -0.29137099
1.48197699 0.00776000 -0.28945401
1.48199403 0.00310300 -0.28945401
1.49181104 -0.00156200 -0.29137099
1.48198402 -0.00620800 -0.28945401
1.48195803 -0.01086400 -0.28945401
1.46228600 -0.01556900 -0.28562000
1.48185694 -0.02043300 -0.28945401
1.48178506 -0.02508900 -0.28945401
1.51114202 -0.03007100 -0.29520500
1.48160398 -0.03414000 -0.28945401
1.51092303 -0.03956500 -0.29520500
1.51079094 -0.04431100 -0.29520500
1.48121703 -0.04810200 -0.28945401
1.47125006 -0.05240600 -0.28753701
1.51030695 -0.05854800 -0.29520500
1.49050295 -0.06247100 -0.29137099
1.47069097 -0.06626900 -0.28753701
1.49988496 -0.07230700 -0.29328799
1.48984802 -0.07651500 -0.29137099
1.48960102 -0.08119500 -0.29137099
1.50895000 -0.08674100 -0.29520500
1.48907697 -0.09029300 -0.29137099
1.47899103 -0.09434600 -0.28945401
1.50806499 -0.10095900 -0.29520500
1.49794996 -0.10501000 -0.29328799
1.50740099 -0.11043200 -0.29520500
1.48747504 -0.11367200 -0.29137099
1.50667799 -0.11990100 -0.29520500
1.45738804 -0.12058700 -0.28562000
1.47655904 -0.12684500 -0.28945401
1.49570501 -0.13322499 -0.29328799
1.48550606 -0.13702200 -0.29137099
1.48506796 -0.14168800 -0.29137099
1.49438298 -0.14731599 -0.29328799
1.49391305 -0.15200999 -0.29328799
1.49342799 -0.15670200 -0.29328799
1.48319805 -0.16007900 -0.29137099
1.49241400 -0.16608199 -0.29328799
1.48213398 -0.16965400 -0.29137099
1.49134099 -0.17545600 -0.29328799
1.49081397 -0.17987999 -0.29328799
1.48050106 -0.18335700 -0.29137099
1.47991800 -0.18800700 -0.29137099
1.47932005 -0.19265500 -0.29137099
1.48843598 -0.19859999 -0.29328799
1.47808003 -0.20194601 -0.29137099
1.47743797 -0.20658900 -0.29137099
1.48649800 -0.21261901 -0.29328799
1.48582196 -0.21728800 -0.29328799
1.49483895 -0.22340500 -0.29520500
1.47472596 -0.22513799 -0.29137099
1.47401094 -0.22977000 -0.29137099
1.48297501 -0.23594099 -0.29328799
1.48222601 -0.24059901 -0.29328799
1.49114597 -0.24685800 -0.29520500
1.51939595 -0.25644100 -0.30095500
1.49923801 -0.25788599 -0.29712099
1.50808704 -0.26428801 -0.29903799
1.51691198 -0.27074900 -0.30095500
1.48708403 -0.27024901 -0.29520500
1.51517999 -0.28027499 -0.30095500
1.50464702 -0.28321800 -0.29903799
1.51338899 -0.28979000 -0.30095500
1.52210498 -0.29641899 -0.30287200
1.49233496 -0.29521999 -0.29712099
1.52988803 -0.30764601 -0.30478901
1.49039805 -0.30485100 -0.29712099
1.50865102 -0.31352499 -0.30095500
1.48850799 -0.31394899 -0.29712099
1.51630402 -0.32479101 -0.30287200
1.51527703 -0.32955301 -0.30287200
1.49506605 -0.33008000 -0.29903799
1.48444498 -0.33262900 -0.29712099
1.44511199 -0.32858700 -0.28945401
1.49188900 -0.34415501 -0.29903799
1.50035703 -0.35107699 -0.30095500
1.48969698 -0.35352200 -0.29903799
1.49812102 -0.36049700 -0.30095500
1.49698198 -0.36520201 -0.30095500
1.49582696 -0.36990300 -0.30095500
1.49465704 -0.37459999 -0.30095500
1.49347305 -0.37929401 -0.30095500
1.50177896 -0.38643000 -0.30287200
1.49106002 -0.38867000 -0.30095500
1.48983204 -0.39335200 -0.30095500
1.49807000 -0.40056601 -0.30287200
1.48733103 -0.40270600 -0.30095500
1.48605895 -0.40737599 -0.30095500
1.49422896 -0.41466701 -0.30287200
1.49291897 -0.41935900 -0.30287200
1.49159396 -0.42404699 -0.30287200
1.49025404 -0.42873099 -0.30287200
1.49832296 -0.43615401 -0.30478901
1.49694598 -0.44085899 -0.30478901
1.47674096 -0.43995500 -0.30095500
1.48474896 -0.44742399 -0.30287200
1.48333597 -0.45208600 -0.30287200
1.48190904 -0.45674399 -0.30287200
1.47109604 -0.45847699 -0.30095500
1.47900999 -0.46604601 -0.30287200
1.47753799 -0.47069001 -0.30287200
1.47605205 -0.47533000 -0.30287200
1.46521902 -0.47692701 -0.30095500
1.46371305 -0.48152801 -0.30095500
1.47159195 -0.48896301 -0.30287200
1.47004902 -0.49358401 -0.30287200
1.47220898 0.45403600 -0.24505700
1.49251997 0.45517001 -0.24819900
1.46557701 0.44192600 -0.24348600
1.45749402 0.43449801 -0.24191500
1.47779799 0.43550000 -0.24505700
1.46019495 0.42533100 -0.24191500
1.48050499 0.42620599 -0.24505700
1.48183703 0.42155400 -0.24505700
1.48308098 0.41715500 -0.24505700
1.48438394 0.41249299 -0.24505700
1.46662605 0.40259901 -0.24191500
1.46788299 0.39798999 -0.24191500
1.47866595 0.39593101 -0.24348600
1.45125902 0.38371000 -0.23877300
1.48112500 0.38663200 -0.24348600
1.48233199 0.38197699 -0.24348600
1.46438205 0.37244999 -0.24034400
1.48470199 0.37265599 -0.24348600
1.48580205 0.36824900 -0.24348600
1.48701501 0.36331999 -0.24348600
1.48814905 0.35864699 -0.24348600
1.47966003 0.35168600 -0.24191500
1.48069704 0.34729499 -0.24191500
1.49140298 0.34486601 -0.24348600
1.48284996 0.33798400 -0.24191500
1.47426903 0.33115900 -0.24034400
1.49458694 0.33079499 -0.24348600
1.47632003 0.32189000 -0.24034400
1.48697996 0.31932399 -0.24191500
1.47831404 0.31260699 -0.24034400
1.48895705 0.30997500 -0.24191500
1.48992300 0.30529499 -0.24191500
1.50055599 0.30256599 -0.24348600
1.54993498 0.30745801 -0.25134000
1.52176201 0.29717901 -0.24662800
1.56148303 0.29984701 -0.25291100
1.55271196 0.29310700 -0.25134000
1.55362499 0.28822801 -0.25134000
1.52537596 0.27803299 -0.24662800
1.56512702 0.28020099 -0.25291100
1.55627298 0.27357301 -0.25134000
1.56685698 0.27036199 -0.25291100
1.55796099 0.26378900 -0.25134000
1.52955496 0.25403899 -0.24662800
1.56933498 0.25558299 -0.25291100
1.53112102 0.24442400 -0.24662800
1.55135298 0.24293500 -0.24977000
1.53258598 0.23506600 -0.24662800
1.56261599 0.23465000 -0.25134000
1.56334496 0.22973999 -0.25134000
1.56405902 0.22482701 -0.25134000
1.56475794 0.21991199 -0.25134000
1.55565703 0.21365100 -0.24977000
1.47801495 0.19825900 -0.23720300
1.48842299 0.19489799 -0.23877300
1.48902798 0.19022100 -0.23877300
1.49941802 0.18676201 -0.24034400
1.49019301 0.18086100 -0.23877300
1.48094702 0.17501900 -0.23720300
1.48148894 0.17036600 -0.23720300
1.48201704 0.16571100 -0.23720300
1.49234796 0.16212100 -0.23877300
1.50264394 0.15872900 -0.24034400
1.49331105 0.15300199 -0.23877300
1.49381006 0.14804900 -0.23877300
1.48443699 0.14241201 -0.23720300
1.51435399 0.14074899 -0.24191500
1.49511600 0.13422400 -0.23877300
1.48569095 0.12867500 -0.23720300
1.50577104 0.12564901 -0.24034400
1.50615799 0.12091800 -0.24034400
1.49668396 0.11542600 -0.23877300
1.49704003 0.11072300 -0.23877300
1.48752904 0.10532300 -0.23720300
1.48785198 0.10064900 -0.23720300
1.48816097 0.09597400 -0.23720300
1.48843896 0.09155800 -0.23720300
1.49857903 0.08745700 -0.23877300
1.53828895 0.08492700 -0.24505700
1.53854895 0.08009300 -0.24505700
1.57824898 0.07718900 -0.25134000
1.56861806 0.07177900 -0.24977000
1.52936804 0.06516900 -0.24348600
1.56903803 0.06192200 -0.24977000
1.52974796 0.05555900 -0.24348600
1.56939602 0.05206200 -0.24977000
1.57942295 0.04742800 -0.25134000
1.54007602 0.04140400 -0.24505700
1.56981695 0.03726900 -0.24977000
1.56992698 0.03233700 -0.24977000
1.57989502 0.02757700 -0.25134000
1.57009900 0.02247200 -0.24977000
1.54053605 0.01720900 -0.24505700
1.58008397 0.01268600 -0.25134000
1.55048800 0.00784800 -0.24662800
1.58013201 0.00303300 -0.25134000
1.58013403 -0.00193000 -0.25134000
1.58011997 -0.00689500 -0.25134000
1.57021499 -0.01178500 -0.24977000
1.51091599 -0.01635000 -0.24034400
1.48123300 -0.02068300 -0.23563200
1.50090897 -0.02567400 -0.23877300
1.50082600 -0.03012800 -0.23877300
1.50072396 -0.03484200 -0.23877300
1.49073505 -0.03929700 -0.23720300
1.49060404 -0.04398000 -0.23720300
1.48058796 -0.04834000 -0.23563200
1.49029803 -0.05334500 -0.23720300
1.49999201 -0.05841000 -0.23877300
1.49980104 -0.06312300 -0.23877300
1.49959505 -0.06783400 -0.23877300
1.50923896 -0.07302200 -0.24034400
1.49913895 -0.07725500 -0.23877300
1.48902798 -0.08142500 -0.23720300
1.47892106 -0.08527400 -0.23563200
1.49836099 -0.09111900 -0.23877300
1.49806702 -0.09582500 -0.23877300
1.49775898 -0.10053100 -0.23877300
1.48758399 -0.10454400 -0.23720300
1.49709702 -0.10994000 -0.23877300
1.48689795 -0.11388800 -0.23720300
1.48653197 -0.11855900 -0.23720300
1.47631097 -0.12241300 -0.23563200
1.52511597 -0.13128500 -0.24348600
1.54436898 -0.13783100 -0.24662800
1.56359696 -0.14450000 -0.24977000
1.56313503 -0.14941099 -0.24977000
1.56265795 -0.15432100 -0.24977000
1.57199001 -0.16023099 -0.25134000
1.58130097 -0.16620100 -0.25291100
1.56116402 -0.16877000 -0.24977000
1.56059504 -0.17394599 -0.24977000
1.56985295 -0.17997199 -0.25134000
1.55947196 -0.18374801 -0.24977000
1.57852900 -0.19074300 -0.25291100
1.56812096 -0.19448601 -0.25134000
1.56750202 -0.19941100 -0.25134000
1.56686795 -0.20433500 -0.25134000
1.54664099 -0.20664100 -0.24819900
1.58512294 -0.21685299 -0.25448200
1.54531205 -0.21635400 -0.24819900
1.53484797 -0.21980800 -0.24662800
1.54392195 -0.22605900 -0.24819900
1.57250500 -0.23529300 -0.25291100
1.49365902 -0.22829500 -0.24034400
1.50269198 -0.23450901 -0.24191500
1.49219501 -0.23767500 -0.24034400
1.49144101 -0.24236199 -0.24034400
1.50041497 -0.24866100 -0.24191500
1.48015106 -0.25008300 -0.23877300
1.49882305 -0.25808400 -0.24191500
1.49800503 -0.26279101 -0.24191500
1.49717200 -0.26749599 -0.24191500
1.49632394 -0.27219799 -0.24191500
1.49546099 -0.27689701 -0.24191500
1.50428903 -0.28342301 -0.24348600
1.51309097 -0.29000601 -0.24505700
1.49278498 -0.29097900 -0.24191500
1.50160301 -0.29732499 -0.24348600
1.50066197 -0.30204099 -0.24348600
1.50932705 -0.30899701 -0.24505700
1.49868000 -0.31172600 -0.24348600
1.48808599 -0.31413099 -0.24191500
1.49674797 -0.32087499 -0.24348600
1.50538194 -0.32767600 -0.24505700
1.50434506 -0.33240399 -0.24505700
1.49365699 -0.33496699 -0.24348600
1.50222695 -0.34184900 -0.24505700
1.51076806 -0.34878799 -0.24662800
1.56735897 -0.36704400 -0.25605300
1.55658996 -0.36968401 -0.25448200
1.52661705 -0.36763600 -0.24977000
1.57342505 -0.38414100 -0.25762400
1.56262398 -0.38670999 -0.25605300
1.57097995 -0.39401999 -0.25762400
1.56016302 -0.39652100 -0.25605300
1.55890906 -0.40142000 -0.25605300
1.55764103 -0.40631601 -0.25605300
1.56590497 -0.41373000 -0.25762400
1.53597701 -0.41098899 -0.25291100
1.56327403 -0.42355999 -0.25762400
1.52383995 -0.41801900 -0.25134000
1.56058204 -0.43337399 -0.25762400
1.55921304 -0.43827501 -0.25762400
1.55782795 -0.44317099 -0.25762400
1.55642796 -0.44806299 -0.25762400
1.52656806 -0.44466501 -0.25291100
1.53463602 -0.45225000 -0.25448200
1.54267204 -0.45989099 -0.25605300
1.49394298 -0.45047900 -0.24819900
1.50196695 -0.45805100 -0.24977000
1.50051999 -0.46276700 -0.24977000
1.49905896 -0.46747899 -0.24977000
1.49758303 -0.47218600 -0.24977000
1.48668301 -0.47388899 -0.24819900
1.48518705 -0.47855800 -0.24819900
1.48367596 -0.48322099 -0.24819900
1.48215103 -0.48787999 -0.24819900
1.47132504 -0.48916000 -0.24662800
1.46065402 0.45019299 -0.18819100
1.44307303 0.43981501 -0.18574700
1.43494499 0.43241599 -0.18452500
1.44580805 0.43073899 -0.18574700
1.44715500 0.42619500 -0.18574700
1.43895698 0.41887301 -0.18452500
1.44980395 0.41709399 -0.18574700
1.45110703 0.41253799 -0.18574700
1.45232403 0.40823001 -0.18574700
1.45360005 0.40366501 -0.18574700
1.44528902 0.39647099 -0.18452500
1.45610702 0.39452401 -0.18574700
1.45734000 0.38994801 -0.18574700
1.45855701 0.38536701 -0.18574700
1.45015705 0.37827799 -0.18452500
1.44172704 0.37124500 -0.18330300
1.45250499 0.36915901 -0.18452500
1.45365798 0.36459500 -0.18452500
1.45473301 0.36028001 -0.18452500
1.44627798 0.35309899 -0.18330300
1.45703006 0.35087800 -0.18452500
1.44846797 0.34400499 -0.18330300
1.44948196 0.33970699 -0.18330300
1.45054305 0.33515099 -0.18330300
1.45158899 0.33059201 -0.18330300
1.46230400 0.32820401 -0.18452500
1.46332800 0.32360801 -0.18452500
1.45464003 0.31689700 -0.18330300
1.45562804 0.31232500 -0.18330300
1.45660198 0.30774999 -0.18330300
1.45756197 0.30317399 -0.18330300
1.44878399 0.29660201 -0.18208100
1.43997896 0.29008901 -0.18085900
1.48956096 0.29521099 -0.18696900
1.50991297 0.29459199 -0.18941300
1.53032601 0.29358700 -0.19185700
1.52148795 0.28693801 -0.19063500
1.52238202 0.28215599 -0.19063500
1.53302503 0.27915099 -0.19185700
1.52412403 0.27258599 -0.19063500
1.52497303 0.26779699 -0.19063500
1.52580702 0.26300400 -0.19063500
1.53641200 0.25986400 -0.19185700
1.52742898 0.25341201 -0.19063500
1.52821803 0.24861200 -0.19063500
1.51918995 0.24224800 -0.18941300
1.51990199 0.23773900 -0.18941300
1.53045201 0.23446500 -0.19063500
1.54099703 0.23112801 -0.19185700
1.52207506 0.22340401 -0.18941300
1.52277005 0.21862100 -0.18941300
1.52344894 0.21383600 -0.18941300
1.52411306 0.20904800 -0.18941300
1.51492500 0.20294100 -0.18819100
1.48603201 0.19432101 -0.18452500
1.46694398 0.18714000 -0.18208100
1.46752501 0.18253000 -0.18208100
1.46809101 0.17791800 -0.18208100
1.46864295 0.17330500 -0.18208100
1.45931995 0.16755900 -0.18085900
1.45983899 0.16297400 -0.18085900
1.45047700 0.15731600 -0.17963700
1.45093703 0.15301099 -0.17963700
1.45141006 0.14845300 -0.17963700
1.45189500 0.14363900 -0.17963700
1.45233905 0.13907699 -0.17963700
1.45274496 0.13476700 -0.17963700
1.45316100 0.13020200 -0.17963700
1.45356297 0.12563699 -0.17963700
1.45395100 0.12107000 -0.17963700
1.46421695 0.11729300 -0.18085900
1.45468295 0.11193200 -0.17963700
1.46492505 0.10809100 -0.18085900
1.45535696 0.10279000 -0.17963700
1.46557605 0.09888500 -0.18085900
1.45597398 0.09364300 -0.17963700
1.45624602 0.08932300 -0.17963700
1.45651901 0.08474800 -0.17963700
1.47659898 0.08126300 -0.18208100
1.51649296 0.07868000 -0.18696900
1.51673305 0.07391500 -0.18696900
1.51695800 0.06915000 -0.18696900
1.52708399 0.06480500 -0.18819100
1.52727997 0.06000700 -0.18819100
1.52746105 0.05520900 -0.18819100
1.52762699 0.05040900 -0.18819100
1.54761899 0.04620200 -0.19063500
1.53783500 0.04107600 -0.18941300
1.55780101 0.03671200 -0.19185700
1.53806198 0.03141200 -0.18941300
1.52822995 0.02640800 -0.18819100
1.52830505 0.02160700 -0.18819100
1.52836597 0.01680600 -0.18819100
1.52841103 0.01200500 -0.18819100
1.52844000 0.00746900 -0.18819100
1.52845597 0.00266700 -0.18819100
1.52845705 -0.00213400 -0.18819100
1.52844203 -0.00693600 -0.18819100
1.52841306 -0.01173800 -0.18819100
1.47874296 -0.01626000 -0.18208100
1.48860896 -0.02104600 -0.18330300
1.46868801 -0.02538000 -0.18085900
1.48845303 -0.03013900 -0.18330300
1.46850598 -0.03435100 -0.18085900
1.46839094 -0.03896400 -0.18085900
1.46826100 -0.04357700 -0.18085900
1.45819700 -0.04786400 -0.17963700
1.44812095 -0.05208800 -0.17841500
1.45786798 -0.05702500 -0.17963700
1.45768094 -0.06160500 -0.17963700
1.45748103 -0.06618400 -0.17963700
1.44735205 -0.07028100 -0.17841500
1.46694803 -0.07585300 -0.18085900
1.45679200 -0.07991700 -0.17963700
1.46645701 -0.08481200 -0.18085900
1.46618402 -0.08941900 -0.18085900
1.46589506 -0.09402400 -0.18085900
1.47549498 -0.09929600 -0.18208100
1.46527600 -0.10323300 -0.18085900
1.47484195 -0.10856400 -0.18208100
1.45470202 -0.11167800 -0.17963700
1.45434403 -0.11624700 -0.17963700
1.46386302 -0.12163800 -0.18085900
1.45358503 -0.12538300 -0.17963700
1.48284101 -0.13260099 -0.18330300
1.52194798 -0.14091900 -0.18819100
1.54125798 -0.14759199 -0.19063500
1.52103305 -0.15047900 -0.18819100
1.53042603 -0.15626501 -0.18941300
1.52992797 -0.16107200 -0.18941300
1.52944303 -0.16561100 -0.18941300
1.52888501 -0.17068100 -0.18941300
1.52834201 -0.17548400 -0.18941300
1.53763902 -0.18144700 -0.19063500
1.52724099 -0.18481600 -0.18941300
1.53650200 -0.19083700 -0.19063500
1.52604997 -0.19440900 -0.18941300
1.52543199 -0.19920200 -0.18941300
1.53463602 -0.20530900 -0.19063500
1.53398299 -0.21013001 -0.19063500
1.53331494 -0.21494800 -0.19063500
1.53263199 -0.21976399 -0.19063500
1.54175401 -0.22601700 -0.19185700
1.52140605 -0.22791900 -0.18941300
1.52068198 -0.23269700 -0.18941300
1.48071897 -0.23134500 -0.18452500
1.48978698 -0.23755901 -0.18574700
1.48903298 -0.24223800 -0.18574700
1.47847295 -0.24529000 -0.18452500
1.47769499 -0.24993300 -0.18452500
1.47690296 -0.25457501 -0.18452500
1.46632004 -0.25749600 -0.18330300
1.47527397 -0.26384899 -0.18452500
1.46467400 -0.26670399 -0.18330300
1.47358704 -0.27311301 -0.18452500
1.47272205 -0.27774099 -0.18452500
1.47184205 -0.28236699 -0.18452500
1.46120703 -0.28508899 -0.18330300
1.46035397 -0.28942299 -0.18330300
1.46916699 -0.29596901 -0.18452500
1.46817803 -0.30083999 -0.18452500
1.46722496 -0.30544999 -0.18452500
1.47602296 -0.31185400 -0.18574700
1.47503603 -0.31648999 -0.18574700
1.48373199 -0.32323501 -0.18696900
1.47301900 -0.32575101 -0.18574700
1.47198796 -0.33037701 -0.18574700
1.46126604 -0.33279601 -0.18452500
1.47955298 -0.34185401 -0.18696900
1.51712501 -0.35555899 -0.19185700
1.52565706 -0.36261901 -0.19307899
1.52451003 -0.36741000 -0.19307899
1.52334797 -0.37219700 -0.19307899
1.52217102 -0.37698099 -0.19307899
1.53060603 -0.38417801 -0.19430099
1.51977301 -0.38653800 -0.19307899
1.52816200 -0.39378700 -0.19430099
1.52691698 -0.39858600 -0.19430099
1.52565706 -0.40338099 -0.19430099
1.54355705 -0.41330600 -0.19674499
1.52309299 -0.41295901 -0.19430099
1.56964302 -0.43087801 -0.20041101
1.51090503 -0.41986299 -0.19307899
1.52868700 -0.42998299 -0.19552299
1.52732897 -0.43478301 -0.19552299
1.51641798 -0.43683201 -0.19430099
1.50550997 -0.43881601 -0.19307899
1.50412405 -0.44354400 -0.19307899
1.48370099 -0.44259301 -0.19063500
1.47280204 -0.44438499 -0.18941300
1.46190500 -0.44611201 -0.18819100
1.47946405 -0.45655599 -0.19063500
1.46854806 -0.45824501 -0.18941300
1.46710098 -0.46285701 -0.18941300
1.46563995 -0.46746400 -0.18941300
1.46416402 -0.47206599 -0.18941300
1.46267402 -0.47666299 -0.18941300
1.46116900 -0.48125601 -0.18941300
1.45031703 -0.48245600 -0.18819100
1.46604097 0.45157301 -0.13566300
1.45792401 0.44406301 -0.13478200
1.44023502 0.43373600 -0.13302000
1.46068501 0.43489400 -0.13478200
1.44293296 0.42467800 -0.13302000
1.45382404 0.42292500 -0.13390100
1.45514596 0.41835600 -0.13390100
1.45645297 0.41378301 -0.13390100
1.44808400 0.40676501 -0.13302000
1.44935501 0.40221399 -0.13302000
1.46021795 0.40029201 -0.13390100
1.49992800 0.40611601 -0.13742501
1.53968799 0.41169500 -0.14094900
1.55060601 0.40939799 -0.14182900
1.54224503 0.40201199 -0.14094900
1.53385305 0.39468300 -0.14006799
1.52543104 0.38741001 -0.13918699
1.55562794 0.38988101 -0.14182900
1.54717505 0.38260001 -0.14094900
1.53869200 0.37537700 -0.14006799
1.54954803 0.37287199 -0.14094900
1.55071199 0.36800200 -0.14094900
1.55179703 0.36340001 -0.14094900
1.53351998 0.35404101 -0.13918699
1.54433703 0.35143101 -0.14006799
1.54543304 0.34657899 -0.14006799
1.54651499 0.34172201 -0.14006799
1.54758000 0.33686101 -0.14006799
1.54863095 0.33199799 -0.14006799
1.54966700 0.32712999 -0.14006799
1.55068600 0.32226101 -0.14006799
1.51265502 0.30940300 -0.13654400
1.47455895 0.29678699 -0.13302000
1.46571195 0.29021901 -0.13213900
1.46656704 0.28586900 -0.13213900
1.46745801 0.28126001 -0.13213900
1.46833396 0.27664801 -0.13213900
1.46919596 0.27203399 -0.13213900
1.47004294 0.26741701 -0.13213900
1.48068202 0.26455000 -0.13302000
1.47169399 0.25817600 -0.13213900
1.47249806 0.25355101 -0.13213900
1.47328806 0.24892300 -0.13213900
1.46423495 0.24266499 -0.13125800
1.46499002 0.23806401 -0.13125800
1.46573102 0.23346099 -0.13125800
1.46641695 0.22911000 -0.13125800
1.46712995 0.22450200 -0.13125800
1.46782804 0.21989200 -0.13125800
1.46851099 0.21528000 -0.13125800
1.45931995 0.20925200 -0.13037699
1.46983504 0.20604900 -0.13125800
1.47047496 0.20142999 -0.13125800
1.47110105 0.19680899 -0.13125800
1.47171199 0.19218700 -0.13125800
1.49207103 0.19008000 -0.13302000
1.56185699 0.19398600 -0.13918699
1.53279102 0.18548800 -0.13654400
1.55315197 0.18300299 -0.13830601
1.54382300 0.17698801 -0.13742501
1.55427098 0.17324001 -0.13830601
1.53500104 0.16621201 -0.13654400
1.54539394 0.16270000 -0.13742501
1.55580699 0.15885600 -0.13830601
1.54641199 0.15271699 -0.13742501
1.56671703 0.14975300 -0.13918699
1.55723500 0.14418600 -0.13830601
1.55768096 0.13929300 -0.13830601
1.55811000 0.13440000 -0.13830601
1.55852497 0.12950400 -0.13830601
1.54899502 0.12381300 -0.13742501
1.56923997 0.12047100 -0.13918699
1.56961095 0.11554000 -0.13918699
1.55009305 0.10920900 -0.13742501
1.56036699 0.10500700 -0.13830601
1.56068897 0.10010400 -0.13830601
1.52120900 0.09304100 -0.13478200
1.47177196 0.08537800 -0.13037699
1.48197901 0.08129900 -0.13125800
1.47227895 0.07612800 -0.13037699
1.47251105 0.07150200 -0.13037699
1.47272801 0.06687600 -0.13037699
1.48288405 0.06267000 -0.13125800
1.47311997 0.05762200 -0.13037699
1.47329295 0.05299300 -0.13037699
1.47345304 0.04836400 -0.13037699
1.48355401 0.04403100 -0.13125800
1.47372699 0.03910600 -0.13037699
1.47384298 0.03447600 -0.13037699
1.48390305 0.03004700 -0.13125800
1.46407104 0.02504400 -0.12949599
1.47410202 0.02058400 -0.13037699
1.48412001 0.01606100 -0.13125800
1.47420299 0.01132100 -0.13037699
1.47423005 0.00694700 -0.13037699
1.47424400 0.00231500 -0.13037699
1.46428299 -0.00230000 -0.12949599
1.47423005 -0.00694700 -0.13037699
1.48415899 -0.01191600 -0.13125800
1.47415400 -0.01646700 -0.13037699
1.48405504 -0.02124100 -0.13125800
1.52382004 -0.02659800 -0.13478200
1.55361104 -0.03173000 -0.13742501
1.54354501 -0.03637600 -0.13654400
1.55338097 -0.04149100 -0.13742501
1.56320000 -0.04666800 -0.13830601
1.56304502 -0.05157800 -0.13830601
1.55292106 -0.05612900 -0.13742501
1.56269002 -0.06139800 -0.13830601
1.55253804 -0.06588500 -0.13742501
1.53242099 -0.06985500 -0.13566300
1.55209303 -0.07563800 -0.13742501
1.56179595 -0.08103000 -0.13830601
1.55158699 -0.08538900 -0.13742501
1.56127095 -0.09056900 -0.13830601
1.57092202 -0.09608200 -0.13918699
1.57061195 -0.10101600 -0.13918699
1.56034899 -0.10528000 -0.13830601
1.55007398 -0.10947900 -0.13742501
1.55965602 -0.11508100 -0.13830601
1.56921899 -0.12074500 -0.13918699
1.56883204 -0.12567399 -0.13918699
1.53864896 -0.12812200 -0.13654400
1.47869396 -0.12780900 -0.13125800
1.47828496 -0.13245399 -0.13125800
1.48777997 -0.13801700 -0.13213900
1.48733902 -0.14269100 -0.13213900
1.47697103 -0.14638001 -0.13125800
1.48641396 -0.15203300 -0.13213900
1.49583495 -0.15774700 -0.13302000
1.48542905 -0.16136900 -0.13213900
1.48491502 -0.16603500 -0.13213900
1.48438597 -0.17069900 -0.13213900
1.47395003 -0.17419299 -0.13125800
1.49320400 -0.18096200 -0.13302000
1.47285795 -0.18319300 -0.13125800
1.48215699 -0.18908000 -0.13213900
1.47167802 -0.19244400 -0.13125800
1.48093903 -0.19838899 -0.13213900
1.47044003 -0.20168699 -0.13125800
1.46979904 -0.20630500 -0.13125800
1.46914399 -0.21092200 -0.13125800
1.47832894 -0.21698301 -0.13213900
1.47764003 -0.22162600 -0.13213900
1.46709096 -0.22475800 -0.13125800
1.47621906 -0.23090599 -0.13213900
1.50499594 -0.24025300 -0.13478200
1.55339098 -0.25298601 -0.13918699
1.56241500 -0.25949699 -0.14006799
1.56159306 -0.26440400 -0.14006799
1.56075394 -0.26930901 -0.14006799
1.55990005 -0.27421001 -0.14006799
1.55903101 -0.27911001 -0.14006799
1.55814695 -0.28400600 -0.14006799
1.56704104 -0.29071701 -0.14094900
1.55633199 -0.29379100 -0.14006799
1.56518304 -0.30055699 -0.14094900
1.54467797 -0.30165401 -0.13918699
1.56331801 -0.31011200 -0.14094900
1.56233597 -0.31502199 -0.14094900
1.57104099 -0.32220301 -0.14182900
1.57977295 -0.32916901 -0.14271000
1.55929804 -0.32973301 -0.14094900
1.57773197 -0.33881301 -0.14271000
1.56692803 -0.34164599 -0.14182900
1.56584704 -0.34656599 -0.14182900
1.54531205 -0.34711799 -0.14006799
1.48594201 -0.33868900 -0.13478200
1.47516596 -0.34111100 -0.13390100
1.48378503 -0.34801900 -0.13478200
1.48268402 -0.35267800 -0.13478200
1.48156905 -0.35733399 -0.13478200
1.48043895 -0.36198699 -0.13478200
1.47929394 -0.36663601 -0.13478200
1.46847403 -0.36885500 -0.13390100
1.47696102 -0.37592399 -0.13478200
1.47577298 -0.38056201 -0.13478200
1.48420799 -0.38771400 -0.13566300
1.48298299 -0.39237499 -0.13566300
1.47212100 -0.39445400 -0.13478200
1.48048794 -0.40168500 -0.13566300
1.47921896 -0.40633401 -0.13566300
1.47793496 -0.41097900 -0.13566300
1.46704805 -0.41292101 -0.13478200
1.46574402 -0.41752800 -0.13478200
1.47399604 -0.42489001 -0.13566300
1.47265399 -0.42951801 -0.13566300
1.47129703 -0.43414301 -0.13566300
1.46992600 -0.43876299 -0.13566300
1.46853995 -0.44337800 -0.13566300
1.47666705 -0.45089900 -0.13654400
1.46572602 -0.45259699 -0.13566300
1.46429598 -0.45719901 -0.13566300
1.47235203 -0.46479601 -0.13654400
1.47088504 -0.46941900 -0.13654400
1.46940303 -0.47403800 -0.13654400
1.47737598 -0.48174000 -0.13742501
1.46639502 -0.48326099 -0.13654400
1.47440600 -0.49075499 -0.13742501
1.45885396 0.45410299 -0.08021500
1.48890698 0.45833200 -0.08178800
1.45212495 0.44202000 -0.07969100
1.45350695 0.43745601 -0.07969100
1.46444499 0.43573499 -0.08021500
1.45622694 0.42831400 -0.07969100
1.44797599 0.42095000 -0.07916700
1.45888901 0.41915700 -0.07969100
1.45059204 0.41184399 -0.07916700
1.45180798 0.40753800 -0.07916700
1.45308101 0.40297499 -0.07916700
1.43507695 0.39313099 -0.07811800
1.45558405 0.39383700 -0.07916700
1.52434802 0.40730801 -0.08283700
1.53527606 0.40506399 -0.08336100
1.53654099 0.40023899 -0.08336100
1.54746306 0.39789701 -0.08388500
1.53902602 0.39057699 -0.08336100
1.54024506 0.38574001 -0.08336100
1.54144895 0.38089901 -0.08336100
1.55234098 0.37841901 -0.08388500
1.54381204 0.37120599 -0.08336100
1.55468798 0.36865899 -0.08388500
1.53632700 0.35949299 -0.08283700
1.55691099 0.35915500 -0.08388500
1.54829395 0.35204700 -0.08336100
1.54939198 0.34718299 -0.08336100
1.55047500 0.34231299 -0.08336100
1.54178500 0.33531800 -0.08283700
1.54282999 0.33047199 -0.08283700
1.54386103 0.32562301 -0.08283700
1.55465400 0.32280299 -0.08336100
1.51652396 0.30991900 -0.08126400
1.47833002 0.29727799 -0.07916700
1.49884903 0.29650801 -0.08021500
1.47031605 0.28633299 -0.07864300
1.47120798 0.28171301 -0.07864300
1.47208595 0.27708900 -0.07864300
1.48276901 0.27427900 -0.07916700
1.48362303 0.26962000 -0.07916700
1.48446298 0.26495799 -0.07916700
1.47545099 0.25856999 -0.07864300
1.47625697 0.25393301 -0.07864300
1.47704697 0.24929300 -0.07864300
1.46797097 0.24302100 -0.07811800
1.47858405 0.24000800 -0.07864300
1.48919296 0.23693100 -0.07916700
1.47015595 0.22943200 -0.07811800
1.48074102 0.22632000 -0.07864300
1.48144495 0.22166800 -0.07864300
1.48213398 0.21701300 -0.07864300
1.47292304 0.21094000 -0.07811800
1.47357798 0.20631100 -0.07811800
1.47421896 0.20168000 -0.07811800
1.46494699 0.19572601 -0.07759400
1.45565200 0.18983100 -0.07707000
1.47605503 0.18777800 -0.07811800
1.52618897 0.18928500 -0.08074000
1.54660404 0.18688500 -0.08178800
1.53726602 0.18085900 -0.08126400
1.55766904 0.17829999 -0.08231200
1.55822206 0.17340501 -0.08231200
1.56868696 0.16958299 -0.08283700
1.55925202 0.16388400 -0.08231200
1.55975902 0.15898401 -0.08231200
1.56027806 0.15381201 -0.08231200
1.56075299 0.14890900 -0.08231200
1.56118798 0.14427701 -0.08231200
1.55168700 0.13848400 -0.08178800
1.56206405 0.13446601 -0.08231200
1.56247902 0.12955800 -0.08231200
1.56287801 0.12464800 -0.08231200
1.56326199 0.11973800 -0.08231200
1.56362998 0.11482500 -0.08231200
1.57394505 0.11061400 -0.08283700
1.55435705 0.10433000 -0.08178800
1.55467701 0.09944600 -0.08178800
1.54499805 0.09422500 -0.08126400
1.48546898 0.08591200 -0.07811800
1.49570203 0.08179000 -0.07864300
1.47600603 0.07606300 -0.07759400
1.47623801 0.07142500 -0.07759400
1.47645497 0.06678700 -0.07759400
1.47665703 0.06214900 -0.07759400
1.46686602 0.05712100 -0.07707000
1.47701895 0.05286900 -0.07759400
1.47717798 0.04822800 -0.07759400
1.48730397 0.04388200 -0.07811800
1.47745097 0.03894700 -0.07759400
1.47756600 0.03430500 -0.07759400
1.47766697 0.02966300 -0.07759400
1.47775304 0.02502000 -0.07759400
1.47782397 0.02037800 -0.07759400
1.47788095 0.01573500 -0.07759400
1.46793699 0.01101700 -0.07707000
1.46796298 0.00666100 -0.07707000
1.47796297 0.00206300 -0.07759400
1.47796202 -0.00258000 -0.07759400
1.47794700 -0.00722300 -0.07759400
1.47791505 -0.01212400 -0.07759400
1.47786999 -0.01676700 -0.07759400
1.44785404 -0.02097500 -0.07602100
1.50768900 -0.02658000 -0.07916700
1.54753995 -0.03187600 -0.08126400
1.54743195 -0.03673700 -0.08126400
1.55729198 -0.04186700 -0.08178800
1.56713402 -0.04705900 -0.08231200
1.56697905 -0.05198200 -0.08231200
1.56680799 -0.05690500 -0.08231200
1.57659996 -0.06222000 -0.08283700
1.56641901 -0.06674800 -0.08231200
1.57617795 -0.07212500 -0.08283700
1.55599499 -0.07610100 -0.08178800
1.57569301 -0.08202700 -0.08283700
1.57542801 -0.08697700 -0.08283700
1.55522394 -0.09049100 -0.08178800
1.56490004 -0.09598800 -0.08231200
1.55462503 -0.10026100 -0.08178800
1.56426597 -0.10581800 -0.08231200
1.56392598 -0.11073200 -0.08231200
1.56357002 -0.11564500 -0.08231200
1.57315600 -0.12132400 -0.08283700
1.58272099 -0.12706500 -0.08336100
1.55245900 -0.12954500 -0.08178800
1.49234998 -0.12925200 -0.07864300
1.48199105 -0.13304600 -0.07811800
1.48156500 -0.13770100 -0.07811800
1.48112500 -0.14235500 -0.07811800
1.48067105 -0.14700800 -0.07811800
1.49013603 -0.15267600 -0.07864300
1.47971797 -0.15630800 -0.07811800
1.47922003 -0.16095600 -0.07811800
1.47870696 -0.16560200 -0.07811800
1.48810005 -0.17138900 -0.07864300
1.47763705 -0.17489000 -0.07811800
1.48702502 -0.18047699 -0.07864300
1.48645103 -0.18514700 -0.07864300
1.48586202 -0.18981600 -0.07864300
1.48525798 -0.19448300 -0.07864300
1.48464000 -0.19914800 -0.07864300
1.48400700 -0.20381100 -0.07864300
1.48335898 -0.20847300 -0.07864300
1.48269701 -0.21313199 -0.07864300
1.48202002 -0.21778899 -0.07864300
1.48132896 -0.22244300 -0.07864300
1.48062205 -0.22709601 -0.07864300
1.46017003 -0.22865599 -0.07759400
1.48902702 -0.23796999 -0.07916700
1.53755295 -0.25068200 -0.08178800
1.55646002 -0.25878701 -0.08283700
1.55563903 -0.26367500 -0.08283700
1.56464398 -0.27026099 -0.08336100
1.56378698 -0.27517501 -0.08336100
1.56291497 -0.28008601 -0.08336100
1.56202698 -0.28499499 -0.08336100
1.57094204 -0.29172400 -0.08388500
1.57001805 -0.29665801 -0.08388500
1.56907797 -0.30158901 -0.08388500
1.56812298 -0.30651700 -0.08388500
1.56720698 -0.31116799 -0.08388500
1.55643296 -0.31411499 -0.08336100
1.56516504 -0.32128200 -0.08388500
1.56414795 -0.32619801 -0.08388500
1.56317306 -0.33083701 -0.08388500
1.56212604 -0.33574599 -0.08388500
1.55130696 -0.33852300 -0.08336100
1.55998600 -0.34555501 -0.08388500
1.52966297 -0.34388301 -0.08231200
1.49936700 -0.34202400 -0.08074000
1.49828506 -0.34673300 -0.08074000
1.48746598 -0.34915599 -0.08021500
1.49607694 -0.35613999 -0.08074000
1.48524296 -0.35849500 -0.08021500
1.50351000 -0.36790600 -0.08126400
1.49265397 -0.37022400 -0.08074000
1.49148297 -0.37491101 -0.08074000
1.49029803 -0.37959501 -0.08074000
1.49876797 -0.38677099 -0.08126400
1.48788404 -0.38895199 -0.08074000
1.48665404 -0.39362401 -0.08074000
1.48540998 -0.39829201 -0.08074000
1.49378896 -0.40557399 -0.08126400
1.48287904 -0.40761799 -0.08074000
1.48159099 -0.41227400 -0.08074000
1.48989999 -0.41963401 -0.08126400
1.48857498 -0.42431301 -0.08126400
1.48723400 -0.42898700 -0.08126400
1.48587894 -0.43365699 -0.08126400
1.47493196 -0.43549499 -0.08074000
1.47355700 -0.44012699 -0.08074000
1.47216702 -0.44475400 -0.08074000
1.48031294 -0.45229399 -0.08126400
1.47888398 -0.45694301 -0.08126400
1.47744203 -0.46158701 -0.08126400
1.47598398 -0.46622601 -0.08126400
1.48402500 -0.47389799 -0.08178800
1.47302604 -0.47549000 -0.08126400
1.46203101 -0.47701800 -0.08074000
1.46052504 -0.48160899 -0.08074000
1.45908999 -0.48594001 -0.08074000
1.47178304 0.45249799 -0.02646600
1.48276305 0.45078099 -0.02663700
1.45544600 0.43748599 -0.02612200
1.46639800 0.43575901 -0.02629400
1.46775997 0.43114999 -0.02629400
1.46910703 0.42653701 -0.02629400
1.47036600 0.42217600 -0.02629400
1.46206605 0.41482601 -0.02612200
1.45373499 0.40753201 -0.02595000
1.46464396 0.40563101 -0.02612200
1.46591103 0.40102801 -0.02612200
1.45751095 0.39381301 -0.02595000
1.46840203 0.39180899 -0.02612200
1.46962500 0.38719401 -0.02612200
1.48051095 0.38509199 -0.02629400
1.47202897 0.37795299 -0.02612200
1.47314405 0.37358400 -0.02612200
1.46461105 0.36652601 -0.02595000
1.46575499 0.36192301 -0.02595000
1.47659898 0.35968301 -0.02612200
1.46800005 0.35270700 -0.02595000
1.46910095 0.34809300 -0.02595000
1.46045101 0.34120101 -0.02577800
1.47125900 0.33885601 -0.02595000
1.47231698 0.33423099 -0.02595000
1.47335899 0.32960501 -0.02595000
1.47438705 0.32497501 -0.02595000
1.47540104 0.32034099 -0.02595000
1.47640002 0.31570399 -0.02595000
1.46760094 0.30900401 -0.02577800
1.46856403 0.30439299 -0.02577800
1.47931004 0.30177599 -0.02595000
1.46059406 0.29344600 -0.02560600
1.48112595 0.29273400 -0.02595000
1.52129698 0.29571101 -0.02663700
1.53204000 0.29280701 -0.02680900
1.54277802 0.28983799 -0.02698100
1.55351400 0.28680500 -0.02715300
1.54456902 0.28013900 -0.02698100
1.54544199 0.27528501 -0.02698100
1.53645003 0.26870701 -0.02680900
1.53728604 0.26387799 -0.02680900
1.54796803 0.26070699 -0.02698100
1.54877901 0.25584301 -0.02698100
1.54953098 0.25124699 -0.02698100
1.56018698 0.24794701 -0.02715300
1.56095898 0.24304400 -0.02715300
1.55183005 0.23663200 -0.02698100
1.55256605 0.23175500 -0.02698100
1.55328596 0.22687700 -0.02698100
1.54409301 0.22058199 -0.02680900
1.55468094 0.21711300 -0.02698100
1.55535603 0.21222700 -0.02698100
1.54610395 0.20602000 -0.02680900
1.49716794 0.19471399 -0.02595000
1.48785400 0.18875100 -0.02577800
1.48843896 0.18407600 -0.02577800
1.48900998 0.17939900 -0.02577800
1.47963595 0.17355500 -0.02560600
1.48017395 0.16890600 -0.02560600
1.48066902 0.16451301 -0.02560600
1.48117805 0.15986100 -0.02560600
1.49159002 0.15650900 -0.02577800
1.48212695 0.15081000 -0.02560600
1.48261905 0.14589500 -0.02560600
1.47311699 0.14028800 -0.02543400
1.47354996 0.13565999 -0.02543400
1.47396898 0.13102899 -0.02543400
1.48433495 0.12725300 -0.02560600
1.48472798 0.12258900 -0.02560600
1.48510599 0.11792300 -0.02560600
1.48546898 0.11325700 -0.02560600
1.48581696 0.10859000 -0.02560600
1.48615098 0.10392200 -0.02560600
1.48645306 0.09951200 -0.02560600
1.49673605 0.09547800 -0.02577800
1.48704898 0.09017000 -0.02560600
1.48732495 0.08549800 -0.02560600
1.48758602 0.08082600 -0.02560600
1.51778901 0.07768500 -0.02612200
1.53799903 0.07387500 -0.02646600
1.54821205 0.06949200 -0.02663700
1.53843296 0.06421100 -0.02646600
1.54861796 0.05976200 -0.02663700
1.54879797 0.05489700 -0.02663700
1.54896295 0.05003100 -0.02663700
1.53911901 0.04487300 -0.02646600
1.54924703 0.04029800 -0.02663700
1.53936994 0.03520200 -0.02646600
1.54946995 0.03056300 -0.02663700
1.54955804 0.02569500 -0.02663700
1.55962896 0.02096100 -0.02680900
1.55968404 0.01633400 -0.02680900
1.55972803 0.01143300 -0.02680900
1.54975700 0.00649200 -0.02663700
1.54977000 0.00162300 -0.02663700
1.54976797 -0.00324600 -0.02663700
1.54974997 -0.00811500 -0.02663700
1.54971695 -0.01298300 -0.02663700
1.55966604 -0.01796700 -0.02680900
1.50961494 -0.02213400 -0.02595000
1.48954403 -0.02652000 -0.02560600
1.48945296 -0.03120000 -0.02560600
1.48934805 -0.03587900 -0.02560600
1.48922801 -0.04055700 -0.02560600
1.48909295 -0.04523600 -0.02560600
1.48894405 -0.04991400 -0.02560600
1.48877895 -0.05459100 -0.02560600
1.48860097 -0.05926800 -0.02560600
1.48840702 -0.06394400 -0.02560600
1.48819900 -0.06862000 -0.02560600
1.48797596 -0.07329500 -0.02560600
1.48775196 -0.07770900 -0.02560600
1.48749995 -0.08238300 -0.02560600
1.48723400 -0.08705600 -0.02560600
1.47697401 -0.09111200 -0.02543400
1.48665798 -0.09639800 -0.02560600
1.48634803 -0.10106800 -0.02560600
1.49599600 -0.10644700 -0.02577800
1.48568296 -0.11040500 -0.02560600
1.49529803 -0.11584500 -0.02577800
1.49492598 -0.12054200 -0.02577800
1.48457694 -0.12440200 -0.02560600
1.47421801 -0.12819999 -0.02543400
1.49372399 -0.13462500 -0.02577800
1.54306996 -0.14396100 -0.02663700
1.56251502 -0.15072800 -0.02698100
1.56203401 -0.15563600 -0.02698100
1.55161905 -0.15924899 -0.02680900
1.56105399 -0.16517501 -0.02698100
1.55058801 -0.16899499 -0.02680900
1.55004895 -0.17386600 -0.02680900
1.55942798 -0.17987999 -0.02698100
1.54892600 -0.18360201 -0.02680900
1.54837406 -0.18819700 -0.02680900
1.55769706 -0.19429800 -0.02698100
1.55704403 -0.19946200 -0.02698100
1.56632304 -0.20565400 -0.02715300
1.55576003 -0.20924100 -0.02698100
1.56500006 -0.21549200 -0.02715300
1.56431603 -0.22040699 -0.02715300
1.55371904 -0.22389400 -0.02698100
1.56289995 -0.23023200 -0.02715300
1.55228198 -0.23365200 -0.02698100
1.55154002 -0.23852800 -0.02698100
1.50139499 -0.23564900 -0.02612200
1.50064695 -0.24036500 -0.02612200
1.49001706 -0.24346600 -0.02595000
1.48924506 -0.24814500 -0.02595000
1.49831498 -0.25449699 -0.02612200
1.48765600 -0.25749800 -0.02595000
1.49668705 -0.26390600 -0.02612200
1.48600900 -0.26684001 -0.02595000
1.49499905 -0.27330500 -0.02612200
1.49413300 -0.27800000 -0.02612200
1.48342800 -0.28083301 -0.02595000
1.49240696 -0.28712201 -0.02612200
1.49149799 -0.29180899 -0.02612200
1.48081803 -0.29428399 -0.02595000
1.47988701 -0.29893500 -0.02595000
1.48868096 -0.30585301 -0.02612200
1.48771298 -0.31052801 -0.02612200
1.48672998 -0.31520101 -0.02612200
1.48573196 -0.31987000 -0.02612200
1.48471999 -0.32453600 -0.02612200
1.48369300 -0.32919899 -0.02612200
1.48265195 -0.33385801 -0.02612200
1.49134302 -0.34074101 -0.02629400
1.50000501 -0.34768301 -0.02646600
1.53783798 -0.36154601 -0.02715300
1.55614698 -0.37101299 -0.02749700
1.56469202 -0.37825000 -0.02766900
1.56349599 -0.38316399 -0.02766900
1.55258095 -0.38566300 -0.02749700
1.55136204 -0.39053899 -0.02749700
1.55981600 -0.39788201 -0.02766900
1.55855799 -0.40278000 -0.02766900
1.54761195 -0.40514201 -0.02749700
1.55599594 -0.41256499 -0.02766900
1.55469298 -0.41745099 -0.02766900
1.57266998 -0.42758000 -0.02801200
1.56167901 -0.42986500 -0.02784000
1.55068898 -0.43208501 -0.02766900
1.56857002 -0.44238299 -0.02801200
1.56717300 -0.44730800 -0.02801200
1.56576002 -0.45222899 -0.02801200
1.55473399 -0.45434201 -0.02784000
1.56288803 -0.46205801 -0.02801200
1.50395203 -0.44977701 -0.02698100
1.50253201 -0.45449999 -0.02698100
1.49153495 -0.45629299 -0.02680900
1.48054302 -0.45802099 -0.02663700
1.47909701 -0.46267000 -0.02663700
1.47763598 -0.46731499 -0.02663700
1.49520695 -0.47804400 -0.02698100
1.48418403 -0.47966501 -0.02680900
1.49225903 -0.48716900 -0.02698100
1.47173095 -0.48558900 -0.02663700
1.46071398 -0.48704800 -0.02646600
1.51087999 0.46365300 0.30719399
1.51232898 0.45890400 0.30719399
1.47615397 0.44286701 0.29956201
1.50577104 0.44660199 0.30528599
1.49774694 0.43910700 0.30337799
1.48969102 0.43166801 0.30147001
1.50991297 0.43239099 0.30528599
1.50174499 0.42523399 0.30337799
1.49362004 0.41786900 0.30147001
1.49492502 0.41317499 0.30147001
1.48674595 0.40589100 0.29956201
1.49749196 0.40377399 0.30147001
1.48926699 0.39654201 0.29956201
1.49999905 0.39435700 0.30147001
1.49172902 0.38717601 0.29956201
1.49293804 0.38248801 0.29956201
1.49413300 0.37779599 0.29956201
1.49524701 0.37336099 0.29956201
1.48688102 0.36631399 0.29765400
1.49762702 0.36369699 0.29956201
1.48921597 0.35670400 0.29765400
1.49982095 0.35454300 0.29956201
1.49136698 0.34760100 0.29765400
1.50201905 0.34511200 0.29956201
1.49352205 0.33822301 0.29765400
1.49457705 0.33353001 0.29765400
1.49561703 0.32883301 0.29765400
1.49664295 0.32413200 0.29765400
1.49765396 0.31942901 0.29765400
1.50825703 0.31674001 0.29956201
1.49963105 0.31001300 0.29765400
1.50059795 0.30530000 0.29765400
1.49192405 0.29865700 0.29574600
1.49280405 0.29423001 0.29574600
1.49372101 0.28953901 0.29574600
1.50426602 0.28668201 0.29765400
1.49550998 0.28014699 0.29574600
1.50603700 0.27722400 0.29765400
1.49724102 0.27074501 0.29574600
1.50774896 0.26775700 0.29765400
1.49891305 0.26133201 0.29574600
1.49972606 0.25662199 0.29574600
1.50052500 0.25190899 0.29574600
1.51099503 0.24878900 0.29765400
1.50207806 0.24247700 0.29574600
1.50279105 0.23801900 0.29574600
1.51323199 0.23480199 0.29765400
1.51396203 0.23004600 0.29765400
1.50496805 0.22384501 0.29574600
1.50566304 0.21911600 0.29574600
1.50634396 0.21438400 0.29574600
1.50700998 0.20965099 0.29574600
1.50766206 0.20491500 0.29574600
1.49856699 0.19888701 0.29383799
1.49918401 0.19417800 0.29383799
1.50952601 0.19069700 0.29574600
1.50037503 0.18475500 0.29383799
1.50094795 0.18004000 0.29383799
1.51125598 0.17646199 0.29574600
1.51180303 0.17171399 0.29574600
1.49282098 0.16480900 0.29192999
1.50306404 0.16142701 0.29383799
1.50356305 0.15670399 0.29383799
1.50402200 0.15224200 0.29383799
1.50454402 0.14699200 0.29383799
1.49520099 0.14160100 0.29192999
1.50541401 0.13779800 0.29383799
1.50583899 0.13306800 0.29383799
1.50625002 0.12833700 0.29383799
1.49686205 0.12280200 0.29192999
1.50702703 0.11887000 0.29383799
1.50739300 0.11413500 0.29383799
1.49795306 0.10868900 0.29192999
1.50808001 0.10466200 0.29383799
1.50840104 0.09992400 0.29383799
1.50869095 0.09544700 0.29383799
1.49918497 0.09011800 0.29192999
1.50926101 0.08596700 0.29383799
1.49972200 0.08069700 0.29192999
1.50977099 0.07648200 0.29383799
1.50019896 0.07127200 0.29192999
1.51022196 0.06699400 0.29383799
1.50061703 0.06184500 0.29192999
1.49099505 0.05675700 0.29002199
1.49116600 0.05207300 0.29002199
1.50113297 0.04769900 0.29192999
1.51108801 0.04326400 0.29383799
1.49159002 0.03801700 0.29002199
1.51133001 0.03376900 0.29383799
1.50161397 0.02883300 0.29192999
1.50169802 0.02411500 0.29192999
1.51158094 0.01952400 0.29383799
1.50181901 0.01467900 0.29192999
1.48222399 0.01008900 0.28811401
1.50188100 0.00550500 0.29192999
1.50189102 0.00078600 0.29192999
1.51170194 -0.00395800 0.29383799
1.49205005 -0.00859400 0.29002199
1.50183201 -0.01336800 0.29192999
1.50177896 -0.01834900 0.29192999
1.50171399 -0.02306600 0.29192999
1.51145399 -0.02770200 0.29383799
1.51135898 -0.03245000 0.29383799
1.51125002 -0.03719800 0.29383799
1.51112497 -0.04194600 0.29383799
1.50117397 -0.04639000 0.29192999
1.51083195 -0.05143900 0.29383799
1.50085294 -0.05582100 0.29192999
1.51047897 -0.06093100 0.29383799
1.50047302 -0.06525000 0.29192999
1.51006603 -0.07042100 0.29383799
1.50983799 -0.07516400 0.29383799
1.50959396 -0.07990700 0.29383799
1.50934994 -0.08438600 0.29383799
1.50907803 -0.08912700 0.29383799
1.50879002 -0.09386800 0.29383799
1.50848806 -0.09860700 0.29383799
1.50817096 -0.10334600 0.29383799
1.50783896 -0.10808300 0.29383799
1.50749195 -0.11282000 0.29383799
1.50713003 -0.11755500 0.29383799
1.50675297 -0.12228900 0.29383799
1.50636101 -0.12702200 0.29383799
1.50595498 -0.13175400 0.29383799
1.50553298 -0.13648400 0.29383799
1.50509703 -0.14121400 0.29383799
1.50464594 -0.14594100 0.29383799
1.50417995 -0.15066700 0.29383799
1.50370002 -0.15539201 0.29383799
1.50323200 -0.15985300 0.29383799
1.51248002 -0.16564400 0.29574600
1.50216806 -0.16955701 0.29383799
1.50162804 -0.17427599 0.29383799
1.51085198 -0.17989101 0.29574600
1.50053596 -0.18344501 0.29383799
1.50972497 -0.18911700 0.29574600
1.50908899 -0.19412200 0.29574600
1.50847197 -0.19886200 0.29574600
1.50784004 -0.20360000 0.29574600
1.50719297 -0.20833600 0.29574600
1.50653100 -0.21307001 0.29574600
1.50585401 -0.21780200 0.29574600
1.50516200 -0.22253101 0.29574600
1.51416194 -0.22872500 0.29765400
1.50373399 -0.23198400 0.29574600
1.51269495 -0.23823400 0.29765400
1.50224698 -0.24142800 0.29574600
1.50148106 -0.24614599 0.29574600
1.51038301 -0.25248000 0.29765400
1.51925898 -0.25887299 0.29956201
1.50876606 -0.26196501 0.29765400
1.50793600 -0.26670399 0.29765400
1.51675200 -0.27318001 0.29956201
1.50623000 -0.27617300 0.29765400
1.50535500 -0.28090400 0.29765400
1.50446498 -0.28563201 0.29765400
1.51319897 -0.29221800 0.29956201
1.51232505 -0.29670599 0.29956201
1.50175905 -0.29953599 0.29765400
1.51048505 -0.30593899 0.29956201
1.49979305 -0.30922800 0.29765400
1.51808596 -0.31769800 0.30147001
1.50747800 -0.32042399 0.29956201
1.51605904 -0.32723001 0.30147001
1.50543499 -0.32989001 0.29956201
1.51397300 -0.33674899 0.30147001
1.50333297 -0.33934200 0.29956201
1.51182795 -0.34625500 0.30147001
1.51073301 -0.35100299 0.30147001
1.50006795 -0.35349500 0.29956201
1.50849700 -0.36048800 0.30147001
1.50735700 -0.36522499 0.30147001
1.50620198 -0.36995900 0.30147001
1.50503302 -0.37468901 0.30147001
1.51336598 -0.38181701 0.30337799
1.51215899 -0.38656899 0.30337799
1.51093698 -0.39131799 0.30337799
1.50970101 -0.39606300 0.30337799
1.50844896 -0.40080300 0.30337799
1.51666105 -0.40809101 0.30528599
1.50590098 -0.41027299 0.30337799
1.50460398 -0.41500199 0.30337799
1.51274800 -0.42236701 0.30528599
1.52085996 -0.42978701 0.30719399
1.51006401 -0.43186301 0.30528599
1.50870001 -0.43660501 0.30528599
1.50732100 -0.44134301 0.30528599
1.50592697 -0.44607601 0.30528599
1.49511504 -0.44798699 0.30337799
1.51248896 -0.45837599 0.30719399
1.50165606 -0.46024901 0.30528599
1.50957894 -0.46787000 0.30719399
1.50810206 -0.47261000 0.30719399
1.51596701 -0.48031101 0.30910200
1.50510299 -0.48207700 0.30719399
1.49424195 -0.48377901 0.30528599
1.50204396 -0.49152401 0.30719399
1.49125898 -0.49289799 0.30528599
1.48970306 -0.49757999 0.30528599
1.46952999 -0.49597999 0.30147001
1.49194801 0.45755801 0.24724799
1.48392606 0.45000300 0.24568300
1.49479306 0.44817501 0.24724799
1.49619401 0.44347700 0.24724799
1.49758005 0.43877399 0.24724799
1.49895096 0.43406701 0.24724799
1.50030696 0.42935601 0.24724799
1.49207103 0.42221299 0.24568300
1.48387802 0.41486499 0.24411801
1.48517394 0.41020000 0.24411801
1.49598396 0.40813199 0.24568300
1.48772204 0.40086100 0.24411801
1.48897398 0.39618501 0.24411801
1.49021101 0.39150599 0.24411801
1.49143398 0.38682199 0.24411801
1.49264205 0.38213500 0.24411801
1.49383497 0.37744400 0.24411801
1.49494803 0.37300900 0.24411801
1.48652196 0.36594999 0.24255399
1.49732602 0.36334801 0.24411801
1.49846005 0.35864201 0.24411801
1.48990500 0.35192400 0.24255399
1.50062299 0.34948200 0.24411801
1.49208701 0.34255600 0.24255399
1.50278902 0.34004599 0.24411801
1.49421000 0.33317399 0.24255399
1.49524903 0.32847801 0.24255399
1.49627399 0.32377899 0.24255399
1.50694299 0.32113600 0.24411801
1.48861206 0.31234401 0.24098900
1.49925900 0.30966300 0.24255399
1.50022399 0.30495200 0.24255399
1.49149001 0.29830000 0.24098900
1.49236798 0.29387301 0.24098900
1.50298095 0.29106101 0.24255399
1.52329302 0.29003200 0.24568300
1.53390503 0.28706300 0.24724799
1.53479898 0.28224200 0.24724799
1.53567803 0.27741900 0.24724799
1.52681696 0.27086800 0.24568300
1.53739095 0.26776499 0.24724799
1.53822398 0.26293400 0.24724799
1.53904295 0.25809899 0.24724799
1.53984594 0.25326300 0.24724799
1.54063404 0.24842501 0.24724799
1.55112004 0.24539600 0.24881300
1.53236306 0.23749600 0.24568300
1.53310096 0.23268101 0.24568300
1.53382504 0.22786300 0.24568300
1.54430699 0.22446500 0.24724799
1.53522599 0.21822099 0.24568300
1.52612102 0.21203800 0.24411801
1.53656697 0.20857100 0.24568300
1.54700601 0.20504101 0.24724799
1.48887098 0.19257800 0.23785900
1.50906706 0.19037201 0.24098900
1.50965798 0.18562999 0.24098900
1.51023304 0.18088600 0.24098900
1.51079404 0.17614099 0.24098900
1.50152600 0.17028099 0.23942401
1.51187098 0.16664501 0.24098900
1.50253797 0.16110601 0.23942401
1.50303698 0.15638401 0.23942401
1.50349402 0.15192400 0.23942401
1.50401497 0.14667501 0.23942401
1.50444400 0.14221200 0.23942401
1.50488305 0.13748500 0.23942401
1.51514602 0.13362400 0.24098900
1.50571799 0.12802701 0.23942401
1.50611198 0.12329600 0.23942401
1.51633894 0.11933800 0.24098900
1.50685704 0.11383000 0.23942401
1.50720704 0.10909600 0.23942401
1.50754297 0.10436000 0.23942401
1.50786304 0.09962400 0.23942401
1.50815201 0.09514900 0.23942401
1.50844395 0.09041100 0.23942401
1.49885905 0.08511200 0.23785900
1.48925698 0.07987300 0.23629400
1.50922894 0.07619000 0.23942401
1.52919197 0.07238200 0.24255399
1.53927898 0.06801400 0.24411801
1.53948498 0.06317800 0.24411801
1.54954600 0.05871500 0.24568300
1.53985202 0.05350400 0.24411801
1.54988396 0.04897800 0.24568300
1.55002999 0.04410900 0.24568300
1.54028797 0.03898900 0.24411801
1.56015098 0.03458700 0.24724799
1.54050195 0.02931000 0.24411801
1.55046201 0.02462700 0.24568300
1.55053198 0.01975600 0.24568300
1.55058599 0.01488500 0.24568300
1.54074705 0.01021900 0.24411801
1.54077196 0.00537800 0.24411801
1.54078102 0.00053800 0.24411801
1.54077494 -0.00430300 0.24411801
1.54075396 -0.00914300 0.24411801
1.55059397 -0.01407300 0.24568300
1.52091098 -0.01884800 0.24098900
1.51096797 -0.02347200 0.23942401
1.51089203 -0.02795500 0.23942401
1.51079702 -0.03270200 0.23942401
1.51068699 -0.03744800 0.23942401
1.51056099 -0.04219400 0.23942401
1.51042104 -0.04693900 0.23942401
1.51026702 -0.05168400 0.23942401
1.50022697 -0.05606000 0.23785900
1.50991201 -0.06117200 0.23942401
1.50971198 -0.06591500 0.23942401
1.50949800 -0.07065800 0.23942401
1.50926805 -0.07540000 0.23942401
1.50902402 -0.08014100 0.23942401
1.50878000 -0.08461800 0.23942401
1.51836598 -0.08994200 0.24098900
1.50821805 -0.09409600 0.23942401
1.51777101 -0.09948000 0.24098900
1.50759697 -0.10357100 0.23942401
1.51711595 -0.10901400 0.24098900
1.51676595 -0.11378000 0.24098900
1.51640105 -0.11854400 0.24098900
1.50617695 -0.12250700 0.23942401
1.50578403 -0.12723801 0.23942401
1.50537705 -0.13196801 0.23942401
1.51479101 -0.13759001 0.24098900
1.53401899 -0.14419700 0.24411801
1.54338896 -0.14997099 0.24568300
1.53308201 -0.15383300 0.24411801
1.54241598 -0.15966500 0.24568300
1.54193497 -0.16424100 0.24568300
1.55122995 -0.17016099 0.24724799
1.55065703 -0.17530400 0.24724799
1.54028797 -0.17903499 0.24568300
1.54955697 -0.18477300 0.24724799
1.54896903 -0.18964100 0.24724799
1.54839897 -0.19423600 0.24724799
1.54774702 -0.19936900 0.24724799
1.54711294 -0.20423099 0.24724799
1.54646301 -0.20908999 0.24724799
1.53601599 -0.21259300 0.24568300
1.54511905 -0.21880300 0.24724799
1.54442406 -0.22365600 0.24724799
1.55348396 -0.22995301 0.24881300
1.55275404 -0.23483200 0.24881300
1.51296496 -0.23367900 0.24255399
1.51222301 -0.23843101 0.24255399
1.51146698 -0.24318001 0.24255399
1.51069498 -0.24792700 0.24255399
1.50990903 -0.25267199 0.24255399
1.50910699 -0.25741401 0.24255399
1.51802194 -0.26384500 0.24411801
1.50746000 -0.26689100 0.24255399
1.51633501 -0.27337801 0.24411801
1.50575399 -0.27635801 0.24255399
1.51458704 -0.28290001 0.24411801
1.51369095 -0.28765699 0.24411801
1.52247703 -0.29428500 0.24568300
1.51190495 -0.29689801 0.24411801
1.51096499 -0.30164599 0.24411801
1.51006305 -0.30612800 0.24411801
1.51865900 -0.31339401 0.24568300
1.51772201 -0.31789801 0.24568300
1.51671600 -0.32266501 0.24568300
1.51569498 -0.32742801 0.24568300
1.51465905 -0.33218801 0.24568300
1.52324796 -0.33909100 0.24724799
1.51254201 -0.34169799 0.24568300
1.50183296 -0.34424201 0.24411801
1.51998496 -0.35343200 0.24724799
1.52848005 -0.36047199 0.24881300
1.52734005 -0.36527300 0.24881300
1.53578401 -0.37239599 0.25037801
1.53460598 -0.37721899 0.25037801
1.53341401 -0.38203901 0.25037801
1.54178202 -0.38927200 0.25194299
1.55012000 -0.39656201 0.25350800
1.54886699 -0.40143001 0.25350800
1.53804505 -0.40378499 0.25194299
1.54631400 -0.41115299 0.25350800
1.54501498 -0.41600901 0.25350800
1.54369998 -0.42086101 0.25350800
1.55189097 -0.42833599 0.25507200
1.53151298 -0.42789400 0.25194299
1.53966498 -0.43539101 0.25350800
1.51929796 -0.43479100 0.25037801
1.53689897 -0.44505599 0.25350800
1.52601504 -0.44710499 0.25194299
1.51513302 -0.44909099 0.25037801
1.50425398 -0.45101199 0.24881300
1.51228201 -0.45860100 0.25037801
1.51083302 -0.46335000 0.25037801
1.50936997 -0.46809399 0.25037801
1.50789201 -0.47283399 0.25037801
1.51581395 -0.48055401 0.25194299
1.51429701 -0.48531300 0.25194299
1.50336897 -0.48702401 0.25037801
1.50183201 -0.49174500 0.25037801
1.48161101 -0.48999599 0.24724799
1.47069705 -0.49151799 0.24568300
1.51593399 -0.51193601 0.25350800
1.48855400 0.46135399 0.19041800
1.48999596 0.45667499 0.19041800
1.49142301 0.45199201 0.19041800
1.49283600 0.44730401 0.19041800
1.49423397 0.44261199 0.19041800
1.49561703 0.43791601 0.19041800
1.48745000 0.43045601 0.18920501
1.48879504 0.42578101 0.18920501
1.49005198 0.42136100 0.18920501
1.49136901 0.41667801 0.18920501
1.49267006 0.41199100 0.18920501
1.49395704 0.40729901 0.18920501
1.50481403 0.40518501 0.19041800
1.48689401 0.39535400 0.18799300
1.50732994 0.39572200 0.19041800
1.49895799 0.38849401 0.18920501
1.49055398 0.38132301 0.18799300
1.49174500 0.37663901 0.18799300
1.51211798 0.37701300 0.19041800
1.50365603 0.36989000 0.18920501
1.50487494 0.36490101 0.18920501
1.49635994 0.35786301 0.18799300
1.50707603 0.35570201 0.18920501
1.49851799 0.34871599 0.18799300
1.50928104 0.34622601 0.18920501
1.50067902 0.33929300 0.18799300
1.51142597 0.33673599 0.18920501
1.50278199 0.32985801 0.18799300
1.49410796 0.32303700 0.18678001
1.50482404 0.32040900 0.18799300
1.49610901 0.31364399 0.18678001
1.50680804 0.31094801 0.18799300
1.49804997 0.30423701 0.18678001
1.48926401 0.29758400 0.18556701
1.49987996 0.29508099 0.18678001
1.50080001 0.29036701 0.18678001
1.52120697 0.28935999 0.18920501
1.51235199 0.28275600 0.18799300
1.50346994 0.27620900 0.18678001
1.49456203 0.26972201 0.18556701
1.51494896 0.26848999 0.18799300
1.51578498 0.26372901 0.18799300
1.48725295 0.25395399 0.18435401
1.51741302 0.25420001 0.18799300
1.50840902 0.24782200 0.18678001
1.50917995 0.24308300 0.18678001
1.51969898 0.24015300 0.18799300
1.52044594 0.23537800 0.18799300
1.52117801 0.23059900 0.18799300
1.51207602 0.22436300 0.18678001
1.52259696 0.22103800 0.18799300
1.48397303 0.21067201 0.18314099
1.51412404 0.21010201 0.18678001
1.50494003 0.20401099 0.18556701
1.48589301 0.19667700 0.18314099
1.48650301 0.19200800 0.18314099
1.50679600 0.18981799 0.18556701
1.50738502 0.18508400 0.18556701
1.51781499 0.18152601 0.18678001
1.50851798 0.17560899 0.18556701
1.50906205 0.17086899 0.18556701
1.51945806 0.16721299 0.18678001
1.51007795 0.16164701 0.18556701
1.51057804 0.15690200 0.18556701
1.53078902 0.15441200 0.18799300
1.50168002 0.14618300 0.18435401
1.51198995 0.14265899 0.18556701
1.51243103 0.13790800 0.18556701
1.50296795 0.13228500 0.18435401
1.50337696 0.12756300 0.18435401
1.50376999 0.12284000 0.18435401
1.50414801 0.11811500 0.18435401
1.50451195 0.11338900 0.18435401
1.50486100 0.10866200 0.18435401
1.50519502 0.10393400 0.18435401
1.50551403 0.09920500 0.18435401
1.51570797 0.09536000 0.18556701
1.50609195 0.09000600 0.18435401
1.49645698 0.08471300 0.18314099
1.50662804 0.08054100 0.18435401
1.50687301 0.07580800 0.18435401
1.51701903 0.07154100 0.18556701
1.49740303 0.06590200 0.18314099
1.50752103 0.06160300 0.18435401
1.49778795 0.05649200 0.18314099
1.50787795 0.05212900 0.18435401
1.49811304 0.04708000 0.18314099
1.49825394 0.04237300 0.18314099
1.51822495 0.03816600 0.18556701
1.52826202 0.03361400 0.18678001
1.51843500 0.02862500 0.18556701
1.49866796 0.02354300 0.18314099
1.53843606 0.01933400 0.18799300
1.49878597 0.01412600 0.18314099
1.53852499 0.00993500 0.18799300
1.50877094 0.00500300 0.18435401
1.52863097 0.00026700 0.18678001
1.50877202 -0.00447700 0.18435401
1.53852904 -0.00939800 0.18799300
1.49878800 -0.01386500 0.18314099
1.48880899 -0.01871000 0.18192799
1.51851797 -0.02385500 0.18556701
1.50851595 -0.02817500 0.18435401
1.50841999 -0.03291400 0.18435401
1.50830901 -0.03765300 0.18435401
1.50818300 -0.04239100 0.18435401
1.51796401 -0.04743900 0.18556701
1.51780701 -0.05220700 0.18556701
1.51763594 -0.05697500 0.18556701
1.51744902 -0.06174300 0.18556701
1.50733101 -0.06607500 0.18435401
1.51703203 -0.07127600 0.18556701
1.51680005 -0.07604200 0.18556701
1.51655400 -0.08080600 0.18556701
1.50639701 -0.08474800 0.18435401
1.51603198 -0.09006900 0.18556701
1.51574099 -0.09483100 0.18556701
1.51543605 -0.09959300 0.18556701
1.50521302 -0.10367100 0.18435401
1.50487995 -0.10839900 0.18435401
1.51443005 -0.11387100 0.18556701
1.51406503 -0.11862800 0.18556701
1.50379097 -0.12257700 0.18435401
1.51329005 -0.12813801 0.18556701
1.49310303 -0.13115500 0.18314099
1.49268401 -0.13584501 0.18314099
1.50213206 -0.14146399 0.18435401
1.52143896 -0.14810599 0.18678001
1.52096701 -0.15288500 0.18678001
1.50073195 -0.15561500 0.18435401
1.52987397 -0.16322599 0.18799300
1.50962102 -0.16586401 0.18556701
1.50906205 -0.17086899 0.18556701
1.50851798 -0.17560899 0.18556701
1.52770305 -0.18243800 0.18799300
1.49756503 -0.18361300 0.18435401
1.50686204 -0.18929200 0.18556701
1.52591503 -0.19682799 0.18799300
1.50560796 -0.19901900 0.18556701
1.53448498 -0.20774300 0.18920501
1.50432801 -0.20847499 0.18556701
1.53314900 -0.21738100 0.18920501
1.50298798 -0.21792300 0.18556701
1.53175294 -0.22700900 0.18920501
1.53103197 -0.23182000 0.18920501
1.51067698 -0.23359500 0.18678001
1.51974106 -0.23988800 0.18799300
1.50917995 -0.24308200 0.18678001
1.50840902 -0.24782200 0.18678001
1.51741302 -0.25420001 0.18799300
1.50682199 -0.25729501 0.18678001
1.51578498 -0.26372901 0.18799300
1.50517595 -0.26675799 0.18678001
1.51409900 -0.27324799 0.18799300
1.51323295 -0.27800301 0.18799300
1.52210903 -0.28457999 0.18920501
1.52120697 -0.28935999 0.18920501
1.52029097 -0.29413801 0.18920501
1.51941097 -0.29864699 0.18920501
1.50873196 -0.30147400 0.18799300
1.51755905 -0.30792299 0.18920501
1.50675404 -0.31121099 0.18799300
1.51553905 -0.31771699 0.18920501
1.51453304 -0.32247701 0.18920501
1.51351202 -0.32723299 0.18920501
1.51247704 -0.33198601 0.18920501
1.52111495 -0.33889499 0.19041800
1.51036096 -0.34148300 0.18920501
1.49960601 -0.34400699 0.18799300
1.49851799 -0.34871599 0.18799300
1.52639699 -0.36026201 0.19163100
1.51560402 -0.36274499 0.19041800
1.52410305 -0.36984599 0.19163100
1.50365603 -0.36989000 0.18920501
1.51211798 -0.37701300 0.19041800
1.52055001 -0.38419399 0.19163100
1.52895200 -0.39142999 0.19284400
1.51810598 -0.39374000 0.19163100
1.52646196 -0.40102899 0.19284400
1.48682499 -0.39561400 0.18799300
1.52391195 -0.41061199 0.19284400
1.50346196 -0.41017300 0.19041800
1.52130198 -0.42017901 0.19284400
1.51997495 -0.42495701 0.19284400
1.52818298 -0.43243200 0.19405700
1.52681696 -0.43723100 0.19405700
1.51590204 -0.43926299 0.19284400
1.52403998 -0.44681600 0.19405700
1.51311195 -0.44877899 0.19284400
1.51169503 -0.45353001 0.19284400
1.51026297 -0.45827699 0.19284400
1.50881505 -0.46301901 0.19284400
1.51683402 -0.47069901 0.19405700
1.51534700 -0.47546199 0.19405700
1.51384604 -0.48021999 0.19405700
1.50287795 -0.48194301 0.19284400
1.51079905 -0.48972300 0.19405700
1.50925303 -0.49446601 0.19405700
1.48893201 -0.49270499 0.19163100
1.47796297 -0.49423301 0.19041800
1.43974805 0.43605700 0.13068900
1.49837399 0.44867799 0.13588201
1.49977601 0.44396901 0.13588201
1.49160194 0.43645701 0.13501599
1.49296498 0.43176901 0.13501599
1.49431396 0.42707700 0.13501599
1.49557495 0.42264101 0.13501599
1.49689496 0.41794100 0.13501599
1.48859704 0.41058701 0.13415100
1.48987997 0.40590799 0.13415100
1.49114799 0.40122601 0.13415100
1.48277199 0.39398101 0.13328500
1.54182100 0.40448901 0.13847800
1.53343999 0.39714500 0.13761300
1.53468001 0.39232600 0.13761300
1.52624500 0.38506600 0.13674700
1.54671502 0.38535199 0.13847800
1.54791796 0.38049200 0.13847800
1.52980602 0.37066400 0.13674700
1.55034304 0.37048799 0.13847800
1.53204203 0.36131299 0.13674700
1.52346599 0.35424101 0.13588201
1.53428197 0.35167900 0.13674700
1.53537905 0.34685701 0.13674700
1.53646100 0.34203199 0.13674700
1.53752804 0.33720401 0.13674700
1.53857994 0.33237201 0.13674700
1.53961694 0.32753700 0.13674700
1.54063797 0.32269800 0.13674700
1.54164398 0.31785601 0.13674700
1.54263496 0.31301200 0.13674700
1.48499298 0.29646099 0.13155399
1.51519203 0.29781801 0.13415100
1.51611996 0.29305699 0.13415100
1.49745905 0.28457201 0.13242000
1.49834597 0.27986699 0.13242000
1.49921799 0.27515799 0.13242000
1.50007498 0.27044699 0.13242000
1.51072705 0.26747000 0.13328500
1.50174403 0.26101601 0.13242000
1.50255704 0.25629699 0.13242000
1.48370302 0.24828599 0.13068900
1.50413704 0.24685100 0.13242000
1.49506998 0.24054199 0.13155399
1.50561702 0.23765799 0.13242000
1.50635600 0.23292699 0.13242000
1.50708103 0.22819300 0.13242000
1.50778997 0.22345801 0.13242000
1.49862504 0.21729100 0.13155399
1.50916505 0.21398000 0.13242000
1.49009299 0.20650300 0.13068900
1.50060701 0.20315599 0.13155399
1.49136102 0.19713600 0.13068900
1.50185394 0.19372401 0.13155399
1.49257004 0.18776099 0.13068900
1.49315298 0.18307200 0.13068900
1.54318094 0.18428600 0.13501599
1.52396095 0.17713700 0.13328500
1.53440905 0.17346799 0.13415100
1.55475295 0.17082199 0.13588201
1.54534602 0.16515000 0.13501599
1.54585803 0.16029400 0.13501599
1.55623901 0.15670501 0.13588201
1.54686105 0.15030900 0.13501599
1.54729998 0.14571799 0.13501599
1.54775000 0.14085600 0.13501599
1.53826106 0.13512100 0.13415100
1.55853105 0.13196900 0.13588201
1.54900897 0.12626299 0.13501599
1.55932999 0.12217400 0.13588201
1.55970597 0.11727500 0.13588201
1.55013001 0.11165900 0.13501599
1.54053402 0.10610400 0.13415100
1.55080104 0.10191700 0.13501599
1.55109596 0.09731500 0.13501599
1.56133902 0.09303400 0.13588201
1.52183700 0.08588400 0.13242000
1.49225497 0.07951200 0.12982300
1.51239705 0.07582100 0.13155399
1.50267601 0.07060100 0.13068900
1.50289094 0.06588000 0.13068900
1.51304400 0.06156400 0.13155399
1.50327504 0.05643600 0.13068900
1.51340103 0.05205600 0.13155399
1.50360000 0.04699000 0.13068900
1.50373995 0.04226600 0.13068900
1.49390602 0.03729300 0.12982300
1.50397599 0.03281700 0.13068900
1.50407195 0.02809200 0.13068900
1.50415206 0.02336600 0.13068900
1.50421798 0.01864100 0.13068900
1.50426900 0.01391600 0.13068900
1.50430405 0.00945200 0.13068900
1.49436402 0.00469500 0.12982300
1.50433397 0.00000000 0.13068900
1.49436402 -0.00469500 0.12982300
1.50430405 -0.00945200 0.13068900
1.50426698 -0.01417800 0.13068900
1.50421202 -0.01916600 0.13068900
1.49418294 -0.02373300 0.12982300
1.49410605 -0.02816700 0.12982300
1.50397003 -0.03307900 0.13068900
1.55365503 -0.03905600 0.13501599
1.53360796 -0.04337300 0.13328500
1.55337906 -0.04881700 0.13501599
1.55321801 -0.05369700 0.13501599
1.55304205 -0.05857600 0.13501599
1.54289603 -0.06304800 0.13415100
1.54269004 -0.06789500 0.13415100
1.55242097 -0.07321000 0.13501599
1.56213295 -0.07858800 0.13588201
1.55192995 -0.08296300 0.13501599
1.56162405 -0.08812900 0.13588201
1.51161504 -0.09007100 0.13155399
1.56103897 -0.09793900 0.13588201
1.54084206 -0.10153200 0.13415100
1.54051602 -0.10637200 0.13415100
1.54017401 -0.11121200 0.13415100
1.54975104 -0.11679800 0.13501599
1.54937601 -0.12166600 0.13501599
1.54898703 -0.12653300 0.13501599
1.54858100 -0.13139901 0.13501599
1.50846505 -0.13276900 0.13155399
1.50803995 -0.13750800 0.13155399
1.50760102 -0.14224499 0.13155399
1.51706195 -0.14794700 0.13242000
1.49676502 -0.15071601 0.13068900
1.50619304 -0.15644699 0.13155399
1.50572205 -0.16091500 0.13155399
1.51511204 -0.16673499 0.13242000
1.51455104 -0.17175800 0.13242000
1.50410795 -0.17536201 0.13155399
1.50358105 -0.17982399 0.13155399
1.50300896 -0.18454599 0.13155399
1.51233900 -0.19024800 0.13242000
1.50181997 -0.19398600 0.13155399
1.51107895 -0.20001100 0.13242000
1.51044297 -0.20475700 0.13242000
1.51966095 -0.21087000 0.13328500
1.50912702 -0.21424299 0.13242000
1.51830602 -0.22041400 0.13328500
1.50775099 -0.22372100 0.13242000
1.50704098 -0.22845700 0.13242000
1.50631595 -0.23319000 0.13242000
1.50557601 -0.23792100 0.13242000
1.49498498 -0.24106400 0.13155399
1.49422097 -0.24575900 0.13155399
1.55239296 -0.26033899 0.13674700
1.54174697 -0.26353601 0.13588201
1.54091203 -0.26837799 0.13588201
1.54987001 -0.27495801 0.13674700
1.54899895 -0.27982500 0.13674700
1.54811203 -0.28468999 0.13674700
1.54720998 -0.28955299 0.13674700
1.55607998 -0.29627499 0.13761300
1.55514097 -0.30116200 0.13761300
1.55424094 -0.30577499 0.13761300
1.55327201 -0.31065601 0.13761300
1.53281701 -0.31129801 0.13588201
1.53172100 -0.31664699 0.13588201
1.55027604 -0.32528201 0.13761300
1.53950202 -0.32807401 0.13674700
1.53846395 -0.33290899 0.13674700
1.54714096 -0.33987799 0.13761300
1.54606605 -0.34473699 0.13761300
1.55469203 -0.35179099 0.13847800
1.50503004 -0.34552699 0.13415100
1.50393701 -0.35025400 0.13415100
1.52222002 -0.35955700 0.13588201
1.52108300 -0.36433801 0.13588201
1.51024997 -0.36676300 0.13501599
1.51876402 -0.37388799 0.13588201
1.51758206 -0.37865701 0.13588201
1.51638496 -0.38342300 0.13588201
1.51517296 -0.38818499 0.13588201
1.50430298 -0.39043999 0.13501599
1.51270401 -0.39769700 0.13588201
1.51144695 -0.40244699 0.13588201
1.51017499 -0.40719399 0.13588201
1.51849902 -0.41455999 0.13674700
1.50758696 -0.41667399 0.13588201
1.51586401 -0.42409301 0.13674700
1.51452506 -0.42885301 0.13674700
1.51317000 -0.43360901 0.13674700
1.52136898 -0.44113499 0.13761300
1.51997495 -0.44591200 0.13761300
1.51856697 -0.45068499 0.13761300
1.51714396 -0.45545399 0.13761300
1.51570499 -0.46021801 0.13761300
1.50472796 -0.46205300 0.13674700
1.51278400 -0.46973199 0.13761300
1.51130104 -0.47448200 0.13761300
1.50980198 -0.47922799 0.13761300
1.50828898 -0.48396799 0.13761300
1.50676203 -0.48870400 0.13761300
1.51468599 -0.49653900 0.13847800
1.49429095 -0.49476799 0.13674700
1.49272895 -0.49946001 0.13674700
1.47227705 -0.49776599 0.13501599
1.51685297 0.46954399 0.08237200
1.48967302 0.45600700 0.08081800
1.49109805 0.45132601 0.08081800
1.50207603 0.44950199 0.08133600
1.49390399 0.44194800 0.08081800
1.50487101 0.44005501 0.08133600
1.49665201 0.43255201 0.08081800
1.49800301 0.42784899 0.08081800
1.49926603 0.42340201 0.08081800
1.50058901 0.41869000 0.08081800
1.49226999 0.41131899 0.08029900
1.48391795 0.40400600 0.07978100
1.47553599 0.39674899 0.07926300
1.51538396 0.40236300 0.08133600
1.53596103 0.40266499 0.08237200
1.53721797 0.39783800 0.08237200
1.53846002 0.39300701 0.08237200
1.54937100 0.39061299 0.08289000
1.55052304 0.38601401 0.08289000
1.54209602 0.37849000 0.08237200
1.55298400 0.37599301 0.08289000
1.56387103 0.37343201 0.08340800
1.55525100 0.36649999 0.08289000
1.55639505 0.36161199 0.08289000
1.55752301 0.35672101 0.08289000
1.56837797 0.35402399 0.08340800
1.55973399 0.34692699 0.08289000
1.56081605 0.34202600 0.08289000
1.56188297 0.33712000 0.08289000
1.54339802 0.32805899 0.08185400
1.55419600 0.32525501 0.08237200
1.55520999 0.32036999 0.08237200
1.52684605 0.30953100 0.08081800
1.49843001 0.29887199 0.07926300
1.50910997 0.29634899 0.07978100
1.49042201 0.28782001 0.07874500
1.50113106 0.28499800 0.07926300
1.49220097 0.27845001 0.07874500
1.50289202 0.27556100 0.07926300
1.50374997 0.27083799 0.07926300
1.49475896 0.26437399 0.07874500
1.50542200 0.26138499 0.07926300
1.49639106 0.25497699 0.07874500
1.50703502 0.25192001 0.07926300
1.50781906 0.24718501 0.07926300
1.49872804 0.24086300 0.07874500
1.49943602 0.23641400 0.07874500
1.50017095 0.23170300 0.07874500
1.50089204 0.22698800 0.07874500
1.50159705 0.22227199 0.07874500
1.50228798 0.21755400 0.07874500
1.50296402 0.21283300 0.07874500
1.50362504 0.20811000 0.07874500
1.50427198 0.20338500 0.07874500
1.50490296 0.19865900 0.07874500
1.50551999 0.19393000 0.07874500
1.48630404 0.18671000 0.07770900
1.51662099 0.18568000 0.07926300
1.54694605 0.18446200 0.08081800
1.54751801 0.17960100 0.08081800
1.55799794 0.17585900 0.08133600
1.54861605 0.16987400 0.08081800
1.55904305 0.16633900 0.08133600
1.54962504 0.16041100 0.08081800
1.55009401 0.15581299 0.08081800
1.56056798 0.15136600 0.08133600
1.57095301 0.14766900 0.08185400
1.56146395 0.14183000 0.08133600
1.56190205 0.13692300 0.08133600
1.56232405 0.13201600 0.08133600
1.56273103 0.12710699 0.08133600
1.56312299 0.12219700 0.08133600
1.56349897 0.11728500 0.08133600
1.56385899 0.11237400 0.08133600
1.55424201 0.10677500 0.08081800
1.56453502 0.10254500 0.08133600
1.53493094 0.09603200 0.07978100
1.55516303 0.09239300 0.08081800
1.50559199 0.08470300 0.07822700
1.50584996 0.07997200 0.07822700
1.50609398 0.07524200 0.07822700
1.51629901 0.07097600 0.07874500
1.50653696 0.06577700 0.07822700
1.50673604 0.06104400 0.07822700
1.50692105 0.05631000 0.07822700
1.50708997 0.05157600 0.07822700
1.50724494 0.04684000 0.07822700
1.50738394 0.04210500 0.07822700
1.50750899 0.03737000 0.07822700
1.50761902 0.03263300 0.07822700
1.49772894 0.02771200 0.07770900
1.49780905 0.02300600 0.07770900
1.50785995 0.01842300 0.07822700
1.49792397 0.01359500 0.07770900
1.50794399 0.00921200 0.07822700
1.49797904 0.00444500 0.07770900
1.50797200 -0.00026300 0.07822700
1.50796402 -0.00500100 0.07822700
1.50794101 -0.00973800 0.07822700
1.51788604 -0.01483600 0.07874500
1.49786103 -0.01934700 0.07770900
1.49779296 -0.02405200 0.07770900
1.50769901 -0.02868600 0.07822700
1.53755403 -0.03408700 0.07978100
1.54742301 -0.03916900 0.08029900
1.55727506 -0.04431500 0.08081800
1.55712795 -0.04920700 0.08081800
1.55696595 -0.05409800 0.08081800
1.55678797 -0.05898900 0.08081800
1.55659497 -0.06388000 0.08081800
1.55638695 -0.06877000 0.08081800
1.55616295 -0.07365900 0.08081800
1.56589794 -0.07905100 0.08133600
1.56564200 -0.08397000 0.08133600
1.56538498 -0.08861500 0.08133600
1.56509900 -0.09353200 0.08133600
1.57476497 -0.09907600 0.08185400
1.56448102 -0.10336400 0.08133600
1.56414795 -0.10827900 0.08133600
1.56379998 -0.11319200 0.08133600
1.55347896 -0.11735200 0.08081800
1.55310297 -0.12223200 0.08081800
1.57261801 -0.12874000 0.08185400
1.52245200 -0.12944999 0.07926300
1.51208997 -0.13335399 0.07874500
1.51166296 -0.13810401 0.07874500
1.50127995 -0.14191300 0.07822700
1.51076603 -0.14759900 0.07874500
1.52023101 -0.15334700 0.07926300
1.50980902 -0.15708899 0.07874500
1.51926601 -0.16263101 0.07926300
1.51871800 -0.16766800 0.07926300
1.51818395 -0.17243800 0.07926300
1.51763499 -0.17720699 0.07926300
1.50718701 -0.18052199 0.07874500
1.50661194 -0.18525600 0.07874500
1.51596403 -0.19097300 0.07926300
1.51532197 -0.19599900 0.07926300
1.51469898 -0.20075899 0.07926300
1.51406097 -0.20551600 0.07926300
1.51340795 -0.21027200 0.07926300
1.51274002 -0.21502499 0.07926300
1.51205695 -0.21977700 0.07926300
1.51135898 -0.22452600 0.07926300
1.52051902 -0.23077101 0.07978100
1.50004900 -0.23248801 0.07874500
1.50917602 -0.23875999 0.07926300
1.49855900 -0.24190800 0.07874500
1.53720701 -0.25310501 0.08081800
1.55610204 -0.26124001 0.08185400
1.55527401 -0.26612699 0.08185400
1.57410598 -0.27444199 0.08289000
1.56340301 -0.27764001 0.08237200
1.56252396 -0.28255001 0.08237200
1.57145000 -0.28926599 0.08289000
1.56071699 -0.29236200 0.08237200
1.57941103 -0.30100301 0.08340800
1.58826196 -0.30786401 0.08392600
1.56774497 -0.30871600 0.08289000
1.57656002 -0.31560001 0.08340800
1.57561600 -0.32027599 0.08340800
1.58426797 -0.32779801 0.08392600
1.58328795 -0.33249700 0.08392600
1.58223605 -0.33746901 0.08392600
1.59092796 -0.34455201 0.08444400
1.57033098 -0.34525999 0.08340800
1.57898498 -0.35236600 0.08392600
1.54865098 -0.35070801 0.08237200
1.51834202 -0.34886301 0.08081800
1.51723897 -0.35363099 0.08081800
1.51611996 -0.35839599 0.08081800
1.51498699 -0.36315700 0.08081800
1.51383901 -0.36791500 0.08081800
1.51267505 -0.37266901 0.08081800
1.52118599 -0.37983799 0.08133600
1.52966702 -0.38706499 0.08185400
1.51876998 -0.38938901 0.08133600
1.51753902 -0.39415801 0.08133600
1.51629305 -0.39892399 0.08133600
1.51503205 -0.40368500 0.08133600
1.51375699 -0.40844300 0.08133600
1.51246595 -0.41319600 0.08133600
1.51116002 -0.41794601 0.08133600
1.50984001 -0.42269099 0.08133600
1.51811302 -0.43015501 0.08185400
1.51675403 -0.43492201 0.08185400
1.50578904 -0.43690199 0.08133600
1.51399100 -0.44444400 0.08185400
1.51258802 -0.44919801 0.08185400
1.52073300 -0.45682099 0.08237200
1.50973499 -0.45869300 0.08185400
1.51783299 -0.46636599 0.08237200
1.52589703 -0.47409600 0.08289000
1.51487303 -0.47589400 0.08237200
1.52288795 -0.48367399 0.08289000
1.51185298 -0.48540300 0.08237200
1.51981902 -0.49323300 0.08289000
1.49928403 -0.49178001 0.08185400
1.50729799 -0.49936700 0.08237200
1.49625194 -0.50092900 0.08185400
1.47575104 -0.49922699 0.08081800
1.50109601 0.45921800 0.02698100
1.51210201 0.45739499 0.02715300
1.51353204 0.45264199 0.02715300
1.50535798 0.44505000 0.02698100
1.51634598 0.44312301 0.02715300
1.50812399 0.43558300 0.02698100
1.50948501 0.43084300 0.02698100
1.51075697 0.42636201 0.02698100
1.51208901 0.42161399 0.02698100
1.51340604 0.41686100 0.02698100
1.50506103 0.40948001 0.02680900
1.50633895 0.40474999 0.02680900
1.51726794 0.40257999 0.02698100
1.51852500 0.39781100 0.02698100
1.51008701 0.39053500 0.02680900
1.51130700 0.38578901 0.02680900
1.51251101 0.38104001 0.02680900
1.51363504 0.37654999 0.02680900
1.50516498 0.36914700 0.02663700
1.51603496 0.36676699 0.02680900
1.51717997 0.36200300 0.02680900
1.51824701 0.35749999 0.02680900
1.50962400 0.35046700 0.02663700
1.51071703 0.34572300 0.02663700
1.52154899 0.34317499 0.02680900
1.52261996 0.33839300 0.02680900
1.51390803 0.33147001 0.02663700
1.51494205 0.32671201 0.02663700
1.50618100 0.31987301 0.02646600
1.51696503 0.31718701 0.02663700
1.51795399 0.31242001 0.02663700
1.51892805 0.30765000 0.02663700
1.50027597 0.29896799 0.02629400
1.51096797 0.29643899 0.02646600
1.52170897 0.29358599 0.02663700
1.54226995 0.29253000 0.02698100
1.54318202 0.28768399 0.02698100
1.54407799 0.28283399 0.02698100
1.54495895 0.27798200 0.02698100
1.55567002 0.27486700 0.02715300
1.54667497 0.26826900 0.02698100
1.54751003 0.26340899 0.02698100
1.54832995 0.25854599 0.02698100
1.54913497 0.25368100 0.02698100
1.54992402 0.24881300 0.02698100
1.55065501 0.24421300 0.02698100
1.55141497 0.23934001 0.02698100
1.55215895 0.23446500 0.02698100
1.54299700 0.22812501 0.02680900
1.55360198 0.22470801 0.02698100
1.55429995 0.21982600 0.02698100
1.55498302 0.21494199 0.02698100
1.55565000 0.21005499 0.02698100
1.55630302 0.20516799 0.02698100
1.52718902 0.19645099 0.02646600
1.51787806 0.19040699 0.02629400
1.52839303 0.18685099 0.02646600
1.52897298 0.18204799 0.02646600
1.51960504 0.17609300 0.02629400
1.52015102 0.17131899 0.02629400
1.53062105 0.16763000 0.02646600
1.52116895 0.16202900 0.02629400
1.52167106 0.15724900 0.02629400
1.53207898 0.15373200 0.02646600
1.53260601 0.14838301 0.02646600
1.52308500 0.14290100 0.02629400
1.52352595 0.13811500 0.02629400
1.52395296 0.13332801 0.02629400
1.53432703 0.12938000 0.02646600
1.52476001 0.12375100 0.02629400
1.52514195 0.11896000 0.02629400
1.52550805 0.11416700 0.02629400
1.52585900 0.10937500 0.02629400
1.52619505 0.10458100 0.02629400
1.53649294 0.10043800 0.02646600
1.52680504 0.09525600 0.02629400
1.52709699 0.09045800 0.02629400
1.51739097 0.08510100 0.02612200
1.51765096 0.08033400 0.02612200
1.53786802 0.07656000 0.02646600
1.54808903 0.07219300 0.02663700
1.54830801 0.06733000 0.02663700
1.55850196 0.06286900 0.02680900
1.54869998 0.05760000 0.02663700
1.55886602 0.05307500 0.02680900
1.55902505 0.04817700 0.02680900
1.55916905 0.04327900 0.02680900
1.55929697 0.03838100 0.02680900
1.55940998 0.03348200 0.02680900
1.54951096 0.02840000 0.02663700
1.56958699 0.02383500 0.02698100
1.55965698 0.01878400 0.02680900
1.55970800 0.01388400 0.02680900
1.54974401 0.00919600 0.02663700
1.55976295 0.00435600 0.02680900
1.56976795 -0.00054800 0.02698100
1.55975997 -0.00544500 0.02680900
1.56973398 -0.01041100 0.02698100
1.56968999 -0.01561600 0.02698100
1.50964797 -0.01976200 0.02595000
1.53956997 -0.02499200 0.02646600
1.53948903 -0.02956000 0.02646600
1.51939595 -0.03394900 0.02612200
1.52927697 -0.03897700 0.02629400
1.53914201 -0.04406800 0.02646600
1.53899598 -0.04890300 0.02646600
1.52884197 -0.05338800 0.02629400
1.52866697 -0.05819100 0.02629400
1.53846705 -0.06340500 0.02646600
1.53825998 -0.06823800 0.02646600
1.52805102 -0.07259600 0.02629400
1.52781498 -0.07739600 0.02629400
1.52756405 -0.08219500 0.02629400
1.54727900 -0.08786100 0.02663700
1.53701401 -0.09212300 0.02646600
1.53671706 -0.09695100 0.02646600
1.53640497 -0.10177900 0.02646600
1.53607798 -0.10660500 0.02646600
1.53573501 -0.11143000 0.02646600
1.53537798 -0.11625400 0.02646600
1.53500497 -0.12107700 0.02646600
1.53461695 -0.12589900 0.02646600
1.52425098 -0.12987100 0.02629400
1.51387596 -0.13377801 0.02612200
1.52340496 -0.13944501 0.02629400
1.54286802 -0.14611600 0.02663700
1.55235195 -0.15193599 0.02680900
1.55186701 -0.15681200 0.02680900
1.55136704 -0.16168700 0.02680900
1.56082201 -0.16735500 0.02698100
1.56025803 -0.17253000 0.02698100
1.56964302 -0.17856100 0.02715300
1.56907403 -0.18349101 0.02715300
1.56852305 -0.18814600 0.02715300
1.55799997 -0.19185001 0.02698100
1.55742395 -0.19647200 0.02698100
1.55676401 -0.20163600 0.02698100
1.55612302 -0.20652600 0.02698100
1.55546701 -0.21141300 0.02698100
1.56469798 -0.21767600 0.02715300
1.55410802 -0.22118200 0.02698100
1.56329894 -0.22750300 0.02715300
1.56257701 -0.23241401 0.02715300
1.57172406 -0.23882300 0.02732500
1.54132497 -0.23916100 0.02680900
1.54056597 -0.24400200 0.02680900
1.53979194 -0.24884000 0.02680900
1.53900301 -0.25367701 0.02680900
1.53819799 -0.25850999 0.02680900
1.52752304 -0.26165301 0.02663700
1.52669406 -0.26645100 0.02663700
1.52584898 -0.27124599 0.02663700
1.52498996 -0.27603799 0.02663700
1.53394794 -0.28263900 0.02680900
1.52322495 -0.28561401 0.02663700
1.53214204 -0.29227200 0.02680900
1.52140105 -0.29517901 0.02663700
1.54013801 -0.30355901 0.02698100
1.52937305 -0.30643201 0.02680900
1.53825402 -0.31296101 0.02698100
1.53715301 -0.31832901 0.02698100
1.53620100 -0.32288799 0.02698100
1.53517902 -0.32771301 0.02698100
1.52437103 -0.33041599 0.02680900
1.53309000 -0.33735201 0.02698100
1.53202295 -0.34216699 0.02698100
1.53094006 -0.34697801 0.02698100
1.52009797 -0.34954500 0.02680900
1.52873003 -0.35659000 0.02698100
1.53733206 -0.36369300 0.02715300
1.54590499 -0.37085301 0.02732500
1.54473197 -0.37570801 0.02732500
1.54354405 -0.38055900 0.02732500
1.55204105 -0.38783100 0.02749700
1.56050801 -0.39515901 0.02766900
1.55925798 -0.40005901 0.02766900
1.55799401 -0.40495601 0.02766900
1.55671406 -0.40984899 0.02766900
1.55541897 -0.41473699 0.02766900
1.54445505 -0.41701499 0.02749700
1.55278206 -0.42450199 0.02766900
1.55144095 -0.42937800 0.02766900
1.55971205 -0.43694699 0.02784000
1.54871202 -0.43911701 0.02766900
1.53771400 -0.44122300 0.02749700
1.54592299 -0.44883999 0.02766900
1.54450500 -0.45369399 0.02766900
1.52390397 -0.45284799 0.02732500
1.54162395 -0.46338901 0.02766900
1.53059399 -0.46532199 0.02749700
1.53868198 -0.47306600 0.02766900
1.52763999 -0.47492999 0.02749700
1.53567898 -0.48272499 0.02766900
1.53415501 -0.48754701 0.02766900
1.52309704 -0.48930600 0.02749700
1.53106201 -0.49717700 0.02766900
1.52949202 -0.50198400 0.02766900
1.50901496 -0.50022799 0.02732500
1.49795496 -0.50178999 0.02715300
1.49637103 -0.50649399 0.02715300
