1.82236302 0.21891600 -0.49098700
1.81344700 0.21206801 -0.48840299
1.80446994 0.20559400 -0.48581901
1.80510700 0.19992299 -0.48581901
1.80572605 0.19425200 -0.48581901
1.81593502 0.18957999 -0.48840299
1.81652200 0.18387499 -0.48840299
1.84593296 0.18099600 -0.49615601
1.83687603 0.17428300 -0.49357200
1.83741403 0.16851100 -0.49357200
1.80903900 0.16049699 -0.48581901
1.77103305 0.15152000 -0.47548300
1.76187301 0.14516200 -0.47289801
1.75268996 0.13886300 -0.47031400
1.75311697 0.13335600 -0.47031400
1.75352800 0.12784800 -0.47031400
1.73464704 0.12099400 -0.46514601
1.73501801 0.11554400 -0.46514601
1.73535395 0.11039500 -0.46514601
1.73569202 0.10494300 -0.46514601
1.70707905 0.09783200 -0.45739400
1.72667098 0.09351300 -0.46256199
1.71730804 0.08759600 -0.45997801
1.71757495 0.08220000 -0.45997801
1.69852304 0.07594100 -0.45480901
1.69875300 0.07060500 -0.45480901
1.72792602 0.06638000 -0.46256199
1.76674402 0.06231400 -0.47289801
1.74761999 0.05614200 -0.46772999
1.74778795 0.05065200 -0.46772999
1.73828101 0.04491200 -0.46514601
1.74807203 0.03966900 -0.46772999
1.70954800 0.03372100 -0.45739400
1.70964503 0.02834900 -0.45739400
1.70972598 0.02297800 -0.45739400
1.73876905 0.01790600 -0.46514601
1.70983696 0.01223500 -0.45739400
1.70986700 0.00686400 -0.45739400
1.70987999 0.00149200 -0.45739400
1.68089497 -0.00381400 -0.44964099
1.65189600 -0.00864900 -0.44188899
1.63253999 -0.01367700 -0.43672001
1.64214897 -0.01891700 -0.43930501
1.62275898 -0.02407600 -0.43413600
1.62267494 -0.02917400 -0.43413600
1.62257504 -0.03427100 -0.43413600
1.61280894 -0.03885300 -0.43155199
1.61267900 -0.04391900 -0.43155199
1.60287702 -0.04869200 -0.42896801
1.60271597 -0.05372800 -0.42896801
1.59288597 -0.05840800 -0.42638400
1.60234702 -0.06379700 -0.42896801
1.59249902 -0.06813800 -0.42638400
1.59227705 -0.07314000 -0.42638400
1.58239102 -0.07766900 -0.42379999
1.58213902 -0.08264000 -0.42379999
1.56258094 -0.08654100 -0.41863099
1.59123302 -0.09314300 -0.42638400
1.63914204 -0.10111600 -0.43930501
1.62917602 -0.10564000 -0.43672001
1.60956001 -0.10944700 -0.43155199
1.61884403 -0.11518800 -0.43413600
1.59920704 -0.11884200 -0.42896801
1.62772000 -0.12610400 -0.43672001
1.60805798 -0.12966400 -0.43155199
1.59801602 -0.13390800 -0.42896801
1.61686003 -0.14032000 -0.43413600
1.59716797 -0.14366700 -0.42896801
1.57747102 -0.14689299 -0.42379999
1.60584998 -0.15462600 -0.43155199
1.59574294 -0.15871400 -0.42896801
1.59523702 -0.16372600 -0.42896801
1.58510804 -0.16772000 -0.42638400
1.55576301 -0.16955900 -0.41863099
1.52642202 -0.17121600 -0.41087899
1.50668299 -0.17379600 -0.40571100
1.50616097 -0.17826600 -0.40571100
1.49600303 -0.18183100 -0.40312701
1.49542499 -0.18652999 -0.40312701
1.48524904 -0.19000100 -0.40054199
1.48464501 -0.19466600 -0.40054199
1.48402596 -0.19933000 -0.40054199
1.48339200 -0.20399100 -0.40054199
1.48274398 -0.20864999 -0.40054199
1.47251999 -0.21193101 -0.39795801
1.47184706 -0.21655600 -0.39795801
1.46160603 -0.21974300 -0.39537400
1.47045696 -0.22579999 -0.39795801
1.46019697 -0.22892199 -0.39537400
1.45947003 -0.23350801 -0.39537400
1.44923699 -0.23628300 -0.39278999
1.45801699 -0.24241900 -0.39537400
1.44772303 -0.24538399 -0.39278999
1.44694495 -0.24993099 -0.39278999
1.45566702 -0.25615001 -0.39537400
1.48338199 -0.26583299 -0.40312701
1.47303605 -0.26875800 -0.40054199
1.46268594 -0.27162099 -0.39795801
1.47131801 -0.27800801 -0.40054199
1.46095097 -0.28080601 -0.39795801
1.46006095 -0.28539401 -0.39795801
1.44968295 -0.28809699 -0.39537400
1.42036295 -0.28691101 -0.38762200
1.42891800 -0.29331499 -0.39020601
1.41853201 -0.29583001 -0.38762200
1.41759598 -0.30028501 -0.38762200
1.41669905 -0.30449000 -0.38762200
1.41573501 -0.30893901 -0.38762200
1.40532601 -0.31129599 -0.38503799
1.39491606 -0.31358999 -0.38245299
1.39392400 -0.31797099 -0.38245299
1.39291799 -0.32234901 -0.38245299
1.38249397 -0.32451600 -0.37986901
1.36267197 -0.32438299 -0.37470099
1.36164606 -0.32866201 -0.37470099
1.36998999 -0.33523399 -0.37728500
1.35955405 -0.33721101 -0.37470099
1.34911895 -0.33912599 -0.37211701
1.33868599 -0.34097800 -0.36953300
1.32825398 -0.34276801 -0.36694801
1.32717097 -0.34693900 -0.36694801
1.34475100 -0.35605201 -0.37211701
1.38101399 -0.37004200 -0.38245299
1.39849102 -0.37943700 -0.38762200
1.92932498 0.35131299 -0.52458102
1.91139996 0.34184900 -0.51941299
1.90294898 0.33417201 -0.51682901
1.89446998 0.32655099 -0.51424497
1.88596201 0.31898600 -0.51166099
1.89648402 0.31464100 -0.51424497
1.89746404 0.30868199 -0.51424497
1.93658304 0.30880401 -0.52458102
1.91845500 0.29973599 -0.51941299
1.91938698 0.29370701 -0.51941299
1.92025006 0.28801101 -0.51941299
1.92114496 0.28197700 -0.51941299
1.88377202 0.27045000 -0.50907600
1.91331196 0.26855800 -0.51682901
1.89500499 0.25992000 -0.51166099
1.91496205 0.25653100 -0.51682901
1.88702202 0.24675600 -0.50907600
1.85904002 0.23716000 -0.50132400
1.83101594 0.22774100 -0.49357200
1.82213295 0.22082400 -0.49098700
1.81322396 0.21396700 -0.48840299
1.81388700 0.20827000 -0.48840299
1.81453204 0.20257100 -0.48840299
1.80555606 0.19582701 -0.48581901
1.80616200 0.19015300 -0.48581901
1.81636095 0.18546000 -0.48840299
1.82654798 0.18070400 -0.49098700
1.85595596 0.17772700 -0.49873999
1.86712098 0.22396199 -0.43428001
1.85813797 0.21696600 -0.43202999
1.86845398 0.21255299 -0.43428001
1.87879705 0.20775300 -0.43652999
1.86006498 0.19976901 -0.43202999
1.87037504 0.19493400 -0.43428001
1.86128402 0.18807800 -0.43202999
1.84247100 0.18033101 -0.42752999
1.82362795 0.17270400 -0.42302901
1.83386505 0.16786300 -0.42528000
1.80523801 0.15984200 -0.41852900
1.75718999 0.15002599 -0.40727800
1.76736295 0.14530399 -0.40952900
1.75809801 0.13898300 -0.40727800
1.74881005 0.13272201 -0.40502799
1.74921799 0.12722699 -0.40502799
1.74960995 0.12173100 -0.40502799
1.73053896 0.11494200 -0.40052801
1.73087299 0.10980700 -0.40052801
1.74093497 0.10495500 -0.40277800
1.72180104 0.09837400 -0.39827800
1.71237195 0.09243900 -0.39602801
1.71265399 0.08705900 -0.39602801
1.72265100 0.08214200 -0.39827800
1.71316695 0.07629600 -0.39602801
1.70366299 0.07051100 -0.39377701
1.71361303 0.06553100 -0.39602801
1.74302304 0.06117200 -0.40277800
1.75294495 0.05600700 -0.40502799
1.74337304 0.05021900 -0.40277800
1.72404099 0.04424300 -0.39827800
1.72417200 0.03882600 -0.39827800
1.72427905 0.03371000 -0.39827800
1.72437596 0.02829200 -0.39827800
1.69522905 0.02248800 -0.39152700
1.69529104 0.01716200 -0.39152700
1.67585003 0.01170000 -0.38702700
1.65639198 0.00636000 -0.38252699
1.65640295 0.00115600 -0.38252699
1.64665496 -0.00402400 -0.38027599
1.64663601 -0.00890900 -0.38027599
1.65634298 -0.01416600 -0.38252699
1.67577600 -0.01959700 -0.38702700
1.67570198 -0.02515400 -0.38702700
1.67561495 -0.03041800 -0.38702700
1.66577005 -0.03547500 -0.38477701
1.66565704 -0.04041700 -0.38477701
1.67526197 -0.04591600 -0.38702700
1.65563095 -0.05058400 -0.38252699
1.64572597 -0.05545700 -0.38027599
1.63580704 -0.06026800 -0.37802601
1.64534497 -0.06579600 -0.38027599
1.64514303 -0.07067800 -0.38027599
1.63517904 -0.07539700 -0.37802601
1.62520301 -0.08005400 -0.37577599
1.63467300 -0.08567000 -0.37802601
1.57602501 -0.08756200 -0.36452499
1.59519601 -0.09365500 -0.36902601
1.57544398 -0.09746200 -0.36452499
1.57512999 -0.10241100 -0.36452499
1.56507897 -0.10669600 -0.36227500
1.56473601 -0.11161300 -0.36227500
1.56437802 -0.11652800 -0.36227500
1.55429006 -0.12068800 -0.36002499
1.55390298 -0.12557000 -0.36002499
1.54379106 -0.12963600 -0.35777500
1.55310702 -0.13506000 -0.36002499
1.54297101 -0.13906400 -0.35777500
1.53282499 -0.14300500 -0.35552499
1.52266896 -0.14688499 -0.35327500
1.53189600 -0.15263399 -0.35552499
1.52171600 -0.15644901 -0.35327500
1.52121699 -0.16122900 -0.35327500
1.52070296 -0.16600700 -0.35327500
1.52017403 -0.17078400 -0.35327500
1.52930903 -0.17667700 -0.35552499
1.54813004 -0.18350700 -0.36002499
1.55721796 -0.18954700 -0.36227500
1.53727806 -0.19202299 -0.35777500
1.54633200 -0.19809000 -0.36002499
1.52638102 -0.20040999 -0.35552499
1.53540003 -0.20650300 -0.35777500
1.53474402 -0.21132500 -0.35777500
1.53407204 -0.21614601 -0.35777500
1.52374196 -0.21957500 -0.35552499
1.51340497 -0.22294000 -0.35327500
1.52233195 -0.22914401 -0.35552499
1.50234401 -0.23096400 -0.35102400
1.51123703 -0.23719400 -0.35327500
1.52010500 -0.24348100 -0.35552499
1.50975895 -0.24642099 -0.35327500
1.49936700 -0.24956299 -0.35102400
1.47936296 -0.25101200 -0.34652400
1.43056095 -0.24735799 -0.33527300
1.44896901 -0.25523201 -0.33977401
1.43856895 -0.25806201 -0.33752400
1.44733703 -0.26433101 -0.33977401
1.43692005 -0.26709601 -0.33752400
1.44564700 -0.27341899 -0.33977401
1.43521297 -0.27611899 -0.33752400
1.42477596 -0.27875501 -0.33527300
1.43344998 -0.28513101 -0.33752400
1.42299700 -0.28770199 -0.33527300
1.42208600 -0.29217100 -0.33527300
1.42116106 -0.29663700 -0.33527300
1.42022204 -0.30109999 -0.33527300
1.41932201 -0.30531299 -0.33527300
1.41835594 -0.30976999 -0.33527300
1.41737604 -0.31422499 -0.33527300
1.39736998 -0.31439799 -0.33077300
1.39637494 -0.31878701 -0.33077300
1.38587499 -0.32097399 -0.32852301
1.38485897 -0.32532600 -0.32852301
1.37435198 -0.32741699 -0.32627299
1.37331700 -0.33173299 -0.32627299
1.37226796 -0.33604601 -0.32627299
1.36174905 -0.33800799 -0.32402301
1.36067998 -0.34228399 -0.32402301
1.35015702 -0.34415099 -0.32177201
1.33963501 -0.34595400 -0.31952199
1.32911503 -0.34769499 -0.31727201
1.34685302 -0.35686001 -0.32177201
1.38343298 -0.37094799 -0.33077300
1.41047001 -0.38295200 -0.33752400
1.90766001 0.34702399 -0.44778100
1.90874100 0.34103000 -0.44778100
1.90020502 0.33334899 -0.44553101
1.90124297 0.32737699 -0.44553101
1.89265501 0.31977800 -0.44328099
1.89365005 0.31383100 -0.44328099
1.88501000 0.30631801 -0.44103101
1.88596201 0.30039501 -0.44103101
1.88689697 0.29446799 -0.44103101
1.86854899 0.28559399 -0.43652999
1.86938906 0.28004900 -0.43652999
1.86061895 0.27276200 -0.43428001
1.85182095 0.26553300 -0.43202999
1.85264599 0.25971299 -0.43202999
1.85345304 0.25389099 -0.43202999
1.84458399 0.24677500 -0.42978001
1.84535003 0.24098000 -0.42978001
1.82676697 0.23271900 -0.42528000
1.82748997 0.22697800 -0.42528000
1.86688602 0.22591700 -0.43428001
1.85790896 0.21891201 -0.43202999
1.87794805 0.21529400 -0.43652999
1.85924804 0.20723400 -0.43202999
1.85988998 0.20139199 -0.43202999
1.85082400 0.19452900 -0.42978001
1.84173203 0.18772601 -0.42752999
1.85200906 0.18289700 -0.42978001
1.83317602 0.17522299 -0.42528000
1.86127603 0.22293200 -0.36612999
1.85221899 0.21594700 -0.36421299
1.85285199 0.21045101 -0.36421299
1.84374797 0.20355099 -0.36229599
1.84437895 0.19775900 -0.36229599
1.83522904 0.19094700 -0.36037999
1.84558499 0.18616600 -0.36229599
1.84616101 0.18036699 -0.36229599
1.83694696 0.17364199 -0.36037999
1.83748400 0.16787100 -0.36037999
1.82819700 0.16155399 -0.35846299
1.77980006 0.15164401 -0.34887800
1.78071797 0.14045800 -0.34887800
1.80072296 0.13634500 -0.35271201
1.80114305 0.13068800 -0.35271201
1.81133497 0.12570800 -0.35462901
1.78234196 0.11807100 -0.34887800
1.78268504 0.11278100 -0.34887800
1.78303003 0.10718100 -0.34887800
1.78335798 0.10157900 -0.34887800
1.76406801 0.09492100 -0.34504399
1.76435697 0.08937900 -0.34504399
1.76462901 0.08383500 -0.34504399
1.74527395 0.07742100 -0.34121001
1.70628405 0.07032200 -0.33354300
1.75553298 0.06682700 -0.34312701
1.74592602 0.06096900 -0.34121001
1.74610901 0.05548300 -0.34121001
1.73646402 0.04971700 -0.33929399
1.74642301 0.04451200 -0.34121001
1.72693002 0.03858600 -0.33737701
1.72703695 0.03346200 -0.33737701
1.72713399 0.02803600 -0.33737701
1.71739995 0.02248200 -0.33546001
1.71746194 0.01708700 -0.33546001
1.69787800 0.01155700 -0.33162600
1.68809199 0.00618700 -0.32970899
1.68810296 0.00088400 -0.32970899
1.68809700 -0.00441900 -0.32970899
1.66844797 -0.00931800 -0.32587501
1.68798399 -0.02003400 -0.32970899
1.71734905 -0.02607900 -0.33546001
1.68781900 -0.03093400 -0.32970899
1.70733905 -0.03665800 -0.33354300
1.71703398 -0.04196300 -0.33546001
1.68746102 -0.04654600 -0.32970899
1.69711697 -0.05214800 -0.33162600
1.67732596 -0.05681500 -0.32779199
1.68694794 -0.06244700 -0.32970899
1.65732300 -0.06656500 -0.32395801
1.64731300 -0.07105900 -0.32204100
1.67649400 -0.07759500 -0.32779199
1.64683402 -0.08140800 -0.32204100
1.64656997 -0.08658100 -0.32204100
1.55809605 -0.08683800 -0.30478901
1.60680306 -0.09461700 -0.31437400
1.60649800 -0.09966500 -0.31437400
1.59638298 -0.10407300 -0.31245700
1.59604800 -0.10908800 -0.31245700
1.58590806 -0.11340100 -0.31053999
1.59533203 -0.11911400 -0.31245700
1.58516502 -0.12336300 -0.31053999
1.58476901 -0.12834300 -0.31053999
1.58435798 -0.13332100 -0.31053999
1.57417798 -0.13716900 -0.30862299
1.57373905 -0.14211400 -0.30862299
1.56351304 -0.14614400 -0.30670601
1.55327702 -0.15011100 -0.30478901
1.55279803 -0.15499000 -0.30478901
1.55230296 -0.15986700 -0.30478901
1.55179298 -0.16474301 -0.30478901
1.54151201 -0.16855100 -0.30287200
1.54097497 -0.17339300 -0.30287200
1.55017197 -0.17936100 -0.30478901
1.54963303 -0.18396001 -0.30478901
1.55878997 -0.19001500 -0.30670601
1.55818498 -0.19491100 -0.30670601
1.54782999 -0.19855601 -0.30478901
1.55692995 -0.20469700 -0.30670601
1.53682601 -0.20696799 -0.30287200
1.55561304 -0.21447600 -0.30670601
1.53549504 -0.21662000 -0.30287200
1.54452097 -0.22284400 -0.30478901
1.52439404 -0.22483100 -0.30095500
1.53338504 -0.23108099 -0.30287200
1.53265095 -0.23589800 -0.30287200
1.52220702 -0.23918800 -0.30095500
1.50206697 -0.24086100 -0.29712099
1.52071798 -0.24848200 -0.30095500
1.51024902 -0.25164500 -0.29903799
1.51912606 -0.25803199 -0.30095500
1.44094205 -0.24941200 -0.28562000
1.47881305 -0.26075500 -0.29328799
1.47798705 -0.26539901 -0.29328799
1.47714603 -0.27004099 -0.29328799
1.47628999 -0.27467999 -0.29328799
1.46577704 -0.27749100 -0.29137099
1.45526004 -0.28023899 -0.28945401
1.44474101 -0.28292301 -0.28753701
1.43421996 -0.28554401 -0.28562000
1.42369604 -0.28810200 -0.28370300
1.43239701 -0.29455000 -0.28562000
1.42185795 -0.29704201 -0.28370300
1.42091703 -0.30150700 -0.28370300
1.42001700 -0.30572200 -0.28370300
1.40946102 -0.30808499 -0.28178599
1.40848601 -0.31251201 -0.28178599
1.38834798 -0.31262299 -0.27795199
1.40649498 -0.32135499 -0.28178599
1.39591706 -0.32355601 -0.27986899
1.40444803 -0.33018601 -0.28178599
1.38431001 -0.33004400 -0.27795199
1.39280605 -0.33669800 -0.27986899
1.38220894 -0.33873600 -0.27795199
1.39066303 -0.34544200 -0.27986899
1.38005304 -0.34741399 -0.27795199
1.36944497 -0.34932199 -0.27603501
1.34933603 -0.34871101 -0.27220199
1.35772800 -0.35543400 -0.27411801
1.35660505 -0.35969701 -0.27411801
1.37449002 -0.36880800 -0.27795199
1.40173805 -0.38084400 -0.28370300
1.98807096 0.36774901 -0.39488399
1.84437096 0.33517900 -0.36612999
1.93237102 0.34490401 -0.38338199
1.93344498 0.33883199 -0.38338199
1.93449998 0.33275601 -0.38338199
1.92585897 0.32504299 -0.38146600
1.90750504 0.31578499 -0.37763199
1.95692599 0.31765401 -0.38721600
1.92883599 0.30687901 -0.38146600
1.93948805 0.30232900 -0.38338199
1.91132200 0.29179001 -0.37763199
1.93159294 0.28902301 -0.38146600
1.92278004 0.28153199 -0.37954900
1.91393900 0.27409899 -0.37763199
1.90507102 0.26672301 -0.37571499
1.91562402 0.26206699 -0.37763199
1.90671003 0.25474799 -0.37571499
1.89776802 0.24748801 -0.37379801
1.83038402 0.23285399 -0.36037999
1.86032605 0.23072700 -0.36612999
1.86104202 0.22488099 -0.36612999
1.87148702 0.22018000 -0.36804700
1.86241806 0.21318400 -0.36612999
1.85332406 0.20624600 -0.36421299
1.84420502 0.19936800 -0.36229599
1.84482300 0.19357300 -0.36229599
1.84542203 0.18777600 -0.36229599
1.84600198 0.18197800 -0.36229599
1.83679497 0.17524500 -0.36037999
1.87293994 0.22399700 -0.30003801
1.84420502 0.21468700 -0.29532501
1.86445999 0.21144000 -0.29846701
1.85529900 0.20449901 -0.29689601
1.83629203 0.19656700 -0.29375401
1.82707798 0.18977700 -0.29218301
1.83749104 0.18502600 -0.29375401
1.83806300 0.17925200 -0.29375401
1.82878494 0.17254899 -0.29218301
1.80964804 0.16500901 -0.28904101
1.81013000 0.15963900 -0.28904101
1.82046294 0.15478800 -0.29061201
1.86031199 0.15229200 -0.29689601
1.85093606 0.14567199 -0.29532501
1.84153605 0.13911200 -0.29375401
1.83211398 0.13261400 -0.29218301
1.82266998 0.12617500 -0.29061201
1.81320298 0.11979700 -0.28904101
1.77412498 0.11192900 -0.28275800
1.78432596 0.10694600 -0.28432900
1.75507295 0.09966100 -0.27961600
1.74551594 0.09361700 -0.27804500
1.74580204 0.08813300 -0.27804500
1.74607003 0.08264800 -0.27804500
1.75618696 0.07759800 -0.27961600
1.75642204 0.07208100 -0.27961600
1.80598402 0.06843200 -0.28747100
1.79631996 0.06241500 -0.28590000
1.78663599 0.05645900 -0.28432900
1.78680503 0.05084600 -0.28432900
1.79682803 0.04548300 -0.28590000
1.76734197 0.03918100 -0.28118700
1.76745105 0.03393700 -0.28118700
1.78729796 0.02870100 -0.28432900
1.76762903 0.02283100 -0.28118700
1.77756703 0.01737500 -0.28275800
1.76773798 0.01172400 -0.28118700
1.74801397 0.00610200 -0.27804500
1.74802494 0.00061000 -0.27804500
1.66901100 -0.00466100 -0.26547799
1.69861698 -0.00978300 -0.27019101
1.66895199 -0.01485600 -0.26547799
1.68864703 -0.02033700 -0.26862001
1.68857002 -0.02593700 -0.26862001
1.67860699 -0.03105900 -0.26704901
1.66862702 -0.03611800 -0.26547799
1.64876699 -0.04058300 -0.26233700
1.66837502 -0.04631100 -0.26547799
1.63860798 -0.05063700 -0.26076600
1.65818095 -0.05645600 -0.26390699
1.62838900 -0.06056400 -0.25919500
1.63805795 -0.06607800 -0.26076600
1.61812198 -0.07008300 -0.25762400
1.62775898 -0.07562400 -0.25919500
1.61765003 -0.08024800 -0.25762400
1.60752702 -0.08481000 -0.25605300
1.61711299 -0.09041100 -0.25762400
1.64639699 -0.09723700 -0.26233700
1.67565405 -0.10424900 -0.26704901
1.68517303 -0.11015700 -0.26862001
1.67496598 -0.11477500 -0.26704901
1.68444800 -0.12074300 -0.26862001
1.63481903 -0.12234900 -0.26076600
1.67381001 -0.13055600 -0.26704901
1.64386106 -0.13341700 -0.26233700
1.63359296 -0.13775100 -0.26076600
1.64301503 -0.14345600 -0.26233700
1.61304998 -0.14594699 -0.25762400
1.61258304 -0.15101400 -0.25762400
1.61210096 -0.15607999 -0.25762400
1.63125598 -0.16310900 -0.26076600
1.59144104 -0.16417900 -0.25448200
1.62037897 -0.17230999 -0.25919500
1.54129195 -0.16879900 -0.24662800
1.56038201 -0.17585200 -0.24977000
1.54020095 -0.17848000 -0.24662800
1.55927801 -0.18538100 -0.24977000
1.53908205 -0.18788500 -0.24662800
1.54828405 -0.19394700 -0.24819900
1.53787100 -0.19755200 -0.24662800
1.54703403 -0.20367099 -0.24819900
1.52681196 -0.20589000 -0.24505700
1.53594100 -0.21203700 -0.24662800
1.51571000 -0.21409801 -0.24348600
1.52480400 -0.22027101 -0.24505700
1.51433504 -0.22361700 -0.24348600
1.48432899 -0.22395401 -0.23877300
1.50313902 -0.23162401 -0.24191500
1.50240397 -0.23634499 -0.24191500
1.50165403 -0.24106400 -0.24191500
1.49118602 -0.24392401 -0.24034400
1.49041200 -0.24860699 -0.24034400
1.48962402 -0.25328800 -0.24034400
1.48882103 -0.25796700 -0.24034400
1.54635596 -0.27294299 -0.24977000
1.54549098 -0.27779901 -0.24977000
1.55432498 -0.28443101 -0.25134000
1.54371500 -0.28750399 -0.24977000
1.55250704 -0.29419100 -0.25134000
1.54187799 -0.29719800 -0.24977000
1.53124499 -0.30014101 -0.24819900
1.53029501 -0.30495000 -0.24819900
1.51964998 -0.30779600 -0.24662800
1.52834904 -0.31455901 -0.24819900
1.51768601 -0.31733799 -0.24662800
1.46837997 -0.31184599 -0.23877300
1.48675704 -0.32036200 -0.24191500
1.47609496 -0.32291999 -0.24034400
1.48471403 -0.32969701 -0.24191500
1.50294006 -0.33870199 -0.24505700
1.46335900 -0.33461601 -0.23877300
1.47192097 -0.34144399 -0.24034400
1.44200099 -0.33928099 -0.23563200
1.42171502 -0.33922499 -0.23249000
1.42064297 -0.34369001 -0.23249000
1.40037298 -0.34344599 -0.22934800
1.41845500 -0.35260901 -0.23249000
1.37903404 -0.34741300 -0.22620600
1.40664303 -0.35907200 -0.23091900
1.35770094 -0.35112500 -0.22306500
1.37569797 -0.36039501 -0.22620600
1.42228699 -0.37737799 -0.23406100
1.45931304 -0.39184099 -0.24034400
1.42948496 -0.38865101 -0.23563200
1.95311797 0.35459000 -0.31574601
1.94449997 0.34671900 -0.31417599
1.93585205 0.33890501 -0.31260499
1.92717302 0.33114901 -0.31103399
1.91846597 0.32345101 -0.30946299
1.93895996 0.32064500 -0.31260499
1.94970596 0.31613299 -0.31417599
1.97994995 0.31465700 -0.31888801
1.99068701 0.30995399 -0.32045901
1.97212505 0.30072001 -0.31731701
1.98277605 0.29632801 -0.31888801
1.97392499 0.28866899 -0.31731701
1.96504605 0.28106701 -0.31574601
1.95613801 0.27352500 -0.31417599
1.95698798 0.26737800 -0.31417599
1.90887296 0.25469801 -0.30632100
1.90966403 0.24869999 -0.30632100
1.84185600 0.23398700 -0.29532501
1.87198496 0.23184100 -0.30003801
1.85309398 0.22359200 -0.29689601
1.87340498 0.22007400 -0.30003801
1.85446298 0.21194500 -0.29689601
1.85511899 0.20611800 -0.29689601
1.84593904 0.19922900 -0.29532501
1.84655595 0.19342899 -0.29532501
1.83732903 0.18662900 -0.29375401
1.84773505 0.18182300 -0.29532501
1.81880295 0.17320800 -0.29061201
1.88231099 0.22478500 -0.23340601
1.87314904 0.21772499 -0.23218399
1.89351106 0.21439999 -0.23462801
1.88430905 0.20736399 -0.23340601
1.85534501 0.19827899 -0.22973999
1.86583102 0.19347300 -0.23096199
1.87630498 0.18860300 -0.23218399
1.87688804 0.18270800 -0.23218399
1.84780896 0.17401800 -0.22851799
1.84834599 0.16821299 -0.22851799
1.83895099 0.16185699 -0.22729599
1.76033401 0.14936601 -0.21751900
1.80036294 0.14706799 -0.22240800
1.78102696 0.13985699 -0.21996300
1.78145695 0.13426100 -0.21996300
1.78187001 0.12866400 -0.21996300
1.75256097 0.12101400 -0.21629700
1.74302900 0.11485500 -0.21507500
1.73345697 0.10906000 -0.21385300
1.73379099 0.10361400 -0.21385300
1.73410797 0.09816700 -0.21385300
1.72449696 0.09218800 -0.21263100
1.72477806 0.08677000 -0.21263100
1.71512794 0.08088300 -0.21140900
1.70545805 0.07505800 -0.21018700
1.71560204 0.07010600 -0.21140900
1.73564994 0.06546300 -0.21385300
1.77552402 0.06138200 -0.21874100
1.75586700 0.05518000 -0.21629700
1.75603199 0.04966400 -0.21629700
1.75617898 0.04414700 -0.21629700
1.76623201 0.03884800 -0.21751900
1.75641596 0.03341800 -0.21629700
1.73666501 0.02758500 -0.21385300
1.75659204 0.02238200 -0.21629700
1.76657796 0.01695900 -0.21751900
1.73684800 0.01121600 -0.21385300
1.72695005 0.00572700 -0.21263100
1.72695899 0.00030100 -0.21263100
1.70710099 -0.00506500 -0.21018700
1.66737902 -0.00989500 -0.20529900
1.66734004 -0.01513300 -0.20529900
1.65735996 -0.02024900 -0.20407701
1.63743603 -0.02543700 -0.20163301
1.63734806 -0.03058100 -0.20163301
1.61739898 -0.03529200 -0.19918901
1.62720895 -0.04033600 -0.20041101
1.60723197 -0.04489400 -0.19796699
1.60708296 -0.04994300 -0.19796699
1.60691798 -0.05499200 -0.19796699
1.60673702 -0.06004000 -0.19796699
1.59662402 -0.06468500 -0.19674499
1.60634005 -0.06985300 -0.19796699
1.60611296 -0.07490000 -0.19796699
1.59595704 -0.07945100 -0.19674499
1.59570003 -0.08446500 -0.19674499
1.56569803 -0.08781000 -0.19307899
1.59513700 -0.09448900 -0.19674499
1.64436102 -0.10259000 -0.20285501
1.64403105 -0.10775500 -0.20285501
1.64368498 -0.11292000 -0.20285501
1.64332199 -0.11808300 -0.20285501
1.63304496 -0.12250300 -0.20163301
1.63265204 -0.12763201 -0.20163301
1.62235105 -0.13195600 -0.20041101
1.63181806 -0.13788800 -0.20163301
1.64128900 -0.14359400 -0.20285501
1.61117601 -0.14606200 -0.19918901
1.63047302 -0.15297700 -0.20163301
1.62998402 -0.15809800 -0.20163301
1.60972798 -0.16124000 -0.19918901
1.59934103 -0.16527601 -0.19796699
1.60868299 -0.17135100 -0.19918901
1.57853901 -0.17315701 -0.19552299
1.52867603 -0.17254899 -0.18941300
1.50840795 -0.17506200 -0.18696900
1.51773798 -0.18071100 -0.18819100
1.51716197 -0.18547800 -0.18819100
1.50672400 -0.18900800 -0.18696900
1.50612295 -0.19374000 -0.18696900
1.49566698 -0.19717400 -0.18574700
1.49504006 -0.20187201 -0.18574700
1.49439895 -0.20656700 -0.18574700
1.49374199 -0.21126100 -0.18574700
1.49307096 -0.21595301 -0.18574700
1.49238598 -0.22064200 -0.18574700
1.48187101 -0.22384700 -0.18452500
1.48116100 -0.22850201 -0.18452500
1.48043597 -0.23315400 -0.18452500
1.47969604 -0.23780400 -0.18452500
1.46918905 -0.24058899 -0.18330300
1.45863700 -0.24356900 -0.18208100
1.45786405 -0.24815001 -0.18208100
1.44729805 -0.25103301 -0.18085900
1.49537098 -0.26421201 -0.18696900
1.51407003 -0.27242401 -0.18941300
1.51320696 -0.27717900 -0.18941300
1.51232803 -0.28193200 -0.18941300
1.50168395 -0.28483200 -0.18819100
1.51052701 -0.29142901 -0.18941300
1.49986506 -0.29426199 -0.18819100
1.49893296 -0.29897201 -0.18819100
1.48825896 -0.30170801 -0.18696900
1.50674605 -0.31038699 -0.18941300
1.48633397 -0.31105301 -0.18696900
1.47564101 -0.31365699 -0.18574700
1.47470403 -0.31803399 -0.18574700
1.48339295 -0.32478800 -0.18696900
1.47267699 -0.32729399 -0.18574700
1.43291402 -0.32318401 -0.18085900
1.43189204 -0.32768399 -0.18085900
1.43085504 -0.33218101 -0.18085900
1.40082204 -0.32984999 -0.17719300
1.39977896 -0.33424899 -0.17719300
1.38907504 -0.33630899 -0.17597100
1.38801205 -0.34067199 -0.17597100
1.38693500 -0.34503001 -0.17597100
1.36659598 -0.34453300 -0.17352700
1.35589099 -0.34636801 -0.17230500
1.34518802 -0.34814000 -0.17108300
1.36328804 -0.35739800 -0.17352700
1.36215901 -0.36167899 -0.17352700
1.42817497 -0.38374701 -0.18208100
1.46527004 -0.39865401 -0.18696900
1.90539300 0.33940199 -0.23829401
1.92600298 0.33683500 -0.24073800
1.89770603 0.32574499 -0.23707201
1.88893294 0.31813201 -0.23585001
1.88992298 0.31219700 -0.23585001
1.89089406 0.30625799 -0.23585001
1.90164900 0.30187199 -0.23707201
1.89278102 0.29437101 -0.23585001
1.89369702 0.28842300 -0.23585001
1.88472795 0.28133801 -0.23462801
1.87578106 0.27398199 -0.23340601
1.87663305 0.26808700 -0.23340601
1.87746596 0.26219001 -0.23340601
1.86844599 0.25494799 -0.23218399
1.86923802 0.24907701 -0.23218399
1.85032701 0.24064399 -0.22973999
1.83138204 0.23233099 -0.22729599
1.83210301 0.22657700 -0.22729599
1.88207400 0.22675601 -0.23340601
1.88277698 0.22084200 -0.23340601
1.87360096 0.21380100 -0.23218399
1.86439896 0.20681900 -0.23096199
1.85517097 0.19989800 -0.22973999
1.86566103 0.19510099 -0.23096199
1.86626506 0.18923900 -0.23096199
1.84709501 0.18143500 -0.22851799
1.83777595 0.17469200 -0.22729599
1.82984400 0.21819501 -0.16297200
1.83052099 0.21244600 -0.16297200
1.83114302 0.20701399 -0.16297200
1.83178401 0.20126000 -0.16297200
1.82250297 0.19444799 -0.16209100
1.80328798 0.18666901 -0.16032900
1.79395401 0.18000899 -0.15944800
1.79451096 0.17437300 -0.15944800
1.79505002 0.16873400 -0.15944800
1.78565097 0.16219300 -0.15856700
1.78612399 0.15689400 -0.15856700
1.78660905 0.15128200 -0.15856700
1.83671606 0.14971501 -0.16297200
1.85703897 0.14550000 -0.16473401
1.86741996 0.14041200 -0.16561501
1.84798098 0.13311400 -0.16385300
1.84838998 0.12730700 -0.16385300
1.83884096 0.12084700 -0.16297200
1.83919096 0.11539000 -0.16297200
1.81965804 0.10842600 -0.16121000
1.82993495 0.10327100 -0.16209100
1.83025002 0.09752100 -0.16209100
1.81064999 0.09077300 -0.16032900
1.81092703 0.08508400 -0.16032900
1.75147605 0.07677700 -0.15504301
1.74175501 0.07087000 -0.15416200
1.72206104 0.06465000 -0.15240100
1.71229994 0.05889700 -0.15152000
1.70252097 0.05320600 -0.15063900
1.70267999 0.04785800 -0.15063900
1.70282102 0.04250900 -0.15063900
1.70294702 0.03715800 -0.15063900
1.68313098 0.03173000 -0.14887699
1.67326200 0.02628500 -0.14799599
1.69325697 0.02127900 -0.14975800
1.67339396 0.01577200 -0.14799599
1.68339598 0.01057700 -0.14887699
1.66349900 0.00522600 -0.14711501
1.66350698 0.00000000 -0.14711501
1.65353799 -0.00519500 -0.14623401
1.64355505 -0.01004000 -0.14535300
1.73316097 -0.01603300 -0.15328200
1.75301898 -0.02203000 -0.15504301
1.72306204 -0.02706800 -0.15240100
1.71300900 -0.03229300 -0.15152000
1.73281598 -0.03811300 -0.15328200
1.72273803 -0.04300500 -0.15240100
1.72259402 -0.04841700 -0.15240100
1.70252097 -0.05320600 -0.15063900
1.70234501 -0.05855500 -0.15063900
1.71210694 -0.06427600 -0.15152000
1.71189702 -0.06965500 -0.15152000
1.71168196 -0.07473400 -0.15152000
1.69153905 -0.07917900 -0.14975800
1.70123005 -0.08499000 -0.15063900
1.68106103 -0.08927800 -0.14887699
1.63104498 -0.09176100 -0.14447200
1.60091805 -0.09511200 -0.14182900
1.59066904 -0.09951900 -0.14094900
1.58040905 -0.10386300 -0.14006799
1.58007503 -0.10882700 -0.14006799
1.57972598 -0.11379000 -0.14006799
1.55949402 -0.11725900 -0.13830601
1.56904900 -0.12293600 -0.13918699
1.55872703 -0.12705500 -0.13830601
1.56824505 -0.13279200 -0.13918699
1.56784403 -0.13744400 -0.13918699
1.56740499 -0.14236900 -0.13918699
1.56694996 -0.14729300 -0.13918699
1.54665101 -0.15028800 -0.13742501
1.55608201 -0.15614100 -0.13830601
1.54567599 -0.16000301 -0.13742501
1.52535605 -0.16274400 -0.13566300
1.51493502 -0.16644800 -0.13478200
1.51440501 -0.17120600 -0.13478200
1.58312094 -0.18401299 -0.14094900
1.60235000 -0.19106901 -0.14271000
1.61162901 -0.19731200 -0.14359100
1.60111797 -0.20113300 -0.14271000
1.59059894 -0.20488900 -0.14182900
1.59982300 -0.21118900 -0.14271000
1.58928001 -0.21487901 -0.14182900
1.59846401 -0.22123700 -0.14271000
1.57803595 -0.22346400 -0.14094900
1.59704304 -0.23127601 -0.14271000
1.59630799 -0.23629200 -0.14271000
1.58570898 -0.23981600 -0.14182900
1.58494794 -0.24479599 -0.14182900
1.58417106 -0.24977399 -0.14182900
1.56370902 -0.25158501 -0.14006799
1.57278502 -0.25783500 -0.14094900
1.57196796 -0.26277500 -0.14094900
1.49257803 -0.25432700 -0.13390100
1.47214305 -0.25560600 -0.13213900
1.46152401 -0.25849500 -0.13125800
1.47050798 -0.26485100 -0.13213900
1.45987105 -0.26767299 -0.13125800
1.44922996 -0.27043101 -0.13037699
1.44837403 -0.27498201 -0.13037699
1.45728302 -0.28141999 -0.13125800
1.43684304 -0.28215799 -0.12949599
1.44571805 -0.28862101 -0.13037699
1.43504202 -0.29118001 -0.12949599
1.43412006 -0.29568699 -0.12949599
1.43318403 -0.30019099 -0.12949599
1.43223405 -0.30469200 -0.12949599
1.43132305 -0.30893999 -0.12949599
1.42061496 -0.31130299 -0.12861601
1.42935395 -0.31792700 -0.12949599
1.41863096 -0.32022300 -0.12861601
1.40790904 -0.32245401 -0.12773500
1.41659105 -0.32912999 -0.12861601
1.38646400 -0.32672399 -0.12597300
1.39511895 -0.33339399 -0.12685400
1.38438404 -0.33542901 -0.12597300
1.39299703 -0.34215301 -0.12685400
1.38224900 -0.34412101 -0.12597300
1.36184394 -0.34358799 -0.12421100
1.37040901 -0.35033199 -0.12509200
1.35001504 -0.34964001 -0.12333000
1.35854495 -0.35640800 -0.12421100
1.39592695 -0.37090600 -0.12773500
1.45253694 -0.39056501 -0.13302000
1.45130301 -0.39512599 -0.13302000
1.98856795 0.36676401 -0.17882800
1.94070303 0.35163599 -0.17442399
1.92218399 0.34204701 -0.17266200
1.92324901 0.33600599 -0.17266200
1.91447699 0.32828000 -0.17178100
1.91549897 0.32226300 -0.17178100
1.90667403 0.31462201 -0.17090000
1.89782000 0.30704001 -0.17001900
1.89877498 0.30107599 -0.17001900
1.88986802 0.29358101 -0.16913800
1.89078104 0.28764099 -0.16913800
1.90147901 0.28349900 -0.17001900
1.90235996 0.27752501 -0.17001900
1.89336097 0.27013901 -0.16913800
1.88433504 0.26281399 -0.16825700
1.88515103 0.25689301 -0.16825700
1.89582300 0.25228301 -0.16913800
1.93611896 0.25145799 -0.17266200
1.84796000 0.23410700 -0.16473401
1.84868598 0.22830001 -0.16473401
1.83950496 0.22130100 -0.16385300
1.82040405 0.21320400 -0.16209100
1.82106495 0.20748401 -0.16209100
1.81180704 0.20066500 -0.16121000
1.81242800 0.19497301 -0.16121000
1.81303203 0.18927699 -0.16121000
1.81361794 0.18358099 -0.16121000
1.80427206 0.17691100 -0.16032900
1.79490197 0.17030001 -0.15944800
1.84441400 0.21960600 -0.09751700
1.83517504 0.21266200 -0.09699200
1.83579803 0.20721599 -0.09699200
1.82651305 0.20035800 -0.09646800
1.82713401 0.19461900 -0.09646800
1.81780303 0.18785100 -0.09594400
1.81838405 0.18213999 -0.09594400
1.80900705 0.17546301 -0.09542000
1.80955005 0.16977800 -0.09542000
1.80012906 0.16319001 -0.09489500
1.79065704 0.15697700 -0.09437100
1.79114103 0.15135100 -0.09437100
1.83142102 0.14896201 -0.09646800
1.86174798 0.14554200 -0.09804100
1.86219597 0.13969199 -0.09804100
1.86262596 0.13384201 -0.09804100
1.85307395 0.12730500 -0.09751700
1.84350002 0.12083000 -0.09699200
1.85381699 0.11598200 -0.09751700
1.83423495 0.10897300 -0.09646800
1.84453905 0.10377200 -0.09699200
1.82491100 0.09691700 -0.09594400
1.83518100 0.09168200 -0.09646800
1.83545995 0.08591600 -0.09646800
1.77585995 0.07753600 -0.09332200
1.74616098 0.07074400 -0.09175000
1.73639500 0.06488500 -0.09122500
1.72660995 0.05908800 -0.09070100
1.71680605 0.05335300 -0.09017700
1.70698202 0.04768000 -0.08965200
1.70712399 0.04231800 -0.08965200
1.69726396 0.03673800 -0.08912800
1.68738103 0.03151600 -0.08860400
1.69745696 0.02636900 -0.08912800
1.68754601 0.02091300 -0.08860400
1.68760300 0.01561200 -0.08860400
1.67765796 0.01024800 -0.08808000
1.67768204 0.00497800 -0.08808000
1.66770303 -0.00029100 -0.08755500
1.64772201 -0.00546400 -0.08650700
1.63771200 -0.01029000 -0.08598200
1.72754395 -0.01628200 -0.09070100
1.74745095 -0.02226500 -0.09175000
1.73738801 -0.02759600 -0.09122500
1.72730803 -0.03286400 -0.09070100
1.71721196 -0.03806900 -0.09017700
1.72707498 -0.04341500 -0.09070100
1.72693002 -0.04884100 -0.09070100
1.71678698 -0.05395200 -0.09017700
1.70662904 -0.05900000 -0.08965200
1.69645596 -0.06398500 -0.08912800
1.71620202 -0.07013000 -0.09017700
1.70600998 -0.07478400 -0.08965200
1.70576596 -0.08014400 -0.08965200
1.69553304 -0.08500200 -0.08912800
1.68528497 -0.08979700 -0.08860400
1.62517202 -0.09171500 -0.08545800
1.61490798 -0.09622600 -0.08493400
1.59466398 -0.10004800 -0.08388500
1.59434199 -0.10505800 -0.08388500
1.58404100 -0.10937800 -0.08336100
1.58369005 -0.11435400 -0.08336100
1.57336497 -0.11857800 -0.08283700
1.58293998 -0.12430200 -0.08336100
1.57258904 -0.12846100 -0.08283700
1.58212805 -0.13424499 -0.08336100
1.56182694 -0.13719200 -0.08231200
1.56138802 -0.14209700 -0.08231200
1.56093395 -0.14700200 -0.08231200
1.55052495 -0.15093800 -0.08178800
1.55004299 -0.15580800 -0.08178800
1.54954600 -0.16067700 -0.08178800
1.54903400 -0.16554400 -0.08178800
1.52865398 -0.16822501 -0.08074000
1.53804004 -0.17415000 -0.08126400
1.59700096 -0.18590900 -0.08441000
1.60635805 -0.19183099 -0.08493400
1.61565995 -0.19809200 -0.08545800
1.60512102 -0.20192000 -0.08493400
1.60447896 -0.20696200 -0.08493400
1.59392095 -0.21069300 -0.08441000
1.59325099 -0.21569900 -0.08441000
1.60245705 -0.22207400 -0.08493400
1.60175204 -0.22710700 -0.08493400
1.59114695 -0.23070499 -0.08441000
1.58053601 -0.23423900 -0.08388500
1.56991899 -0.23770800 -0.08336100
1.57903302 -0.24416500 -0.08388500
1.57825899 -0.24912500 -0.08388500
1.57746804 -0.25408199 -0.08388500
1.56685305 -0.25714400 -0.08336100
1.57588696 -0.26371300 -0.08388500
1.52583003 -0.26026699 -0.08126400
1.48564994 -0.25821900 -0.07916700
1.48483098 -0.26288500 -0.07916700
1.45451498 -0.26223299 -0.07759400
1.46350598 -0.26860401 -0.07811800
1.46265495 -0.27320001 -0.07811800
1.45197904 -0.27592900 -0.07759400
1.45110500 -0.28048900 -0.07759400
1.45021605 -0.28504699 -0.07759400
1.43952096 -0.28764501 -0.07707000
1.43860996 -0.29216599 -0.07707000
1.43768501 -0.29668400 -0.07707000
1.43674600 -0.30119899 -0.07707000
1.43579304 -0.30571100 -0.07707000
1.43487895 -0.30996999 -0.07707000
1.42414403 -0.31233701 -0.07654500
1.42315602 -0.31680900 -0.07654500
1.41241300 -0.31907800 -0.07602100
1.41140294 -0.32351401 -0.07602100
1.41038001 -0.32794601 -0.07602100
1.39962304 -0.33008301 -0.07549700
1.38886702 -0.33215600 -0.07497300
1.39752197 -0.33887100 -0.07549700
1.37705505 -0.33849201 -0.07444800
1.37598503 -0.34281600 -0.07444800
1.36521900 -0.34469301 -0.07392400
1.36412895 -0.34898001 -0.07392400
1.33402503 -0.34574801 -0.07235100
1.35224998 -0.35500899 -0.07340000
1.39938295 -0.37208599 -0.07602100
1.45613301 -0.39180401 -0.07916700
1.45489395 -0.39637700 -0.07916700
2.07100606 0.38832700 -0.11062400
2.01328993 0.37096101 -0.10747800
1.95548606 0.35396200 -0.10433200
1.92709196 0.34257400 -0.10276000
1.92815900 0.33651701 -0.10276000
1.91936302 0.32877299 -0.10223500
1.91053903 0.32108501 -0.10171100
1.89183199 0.31183401 -0.10066200
1.91251898 0.30907601 -0.10171100
1.96279705 0.31087601 -0.10433200
1.96376395 0.30470899 -0.10433200
1.94496500 0.29553699 -0.10328400
1.94583404 0.28976500 -0.10328400
1.93685198 0.28221101 -0.10276000
1.95750201 0.27894199 -0.10380800
1.93858695 0.27003601 -0.10276000
1.92953098 0.26259699 -0.10223500
1.93034601 0.25653401 -0.10223500
1.94104600 0.25175399 -0.10276000
1.86256897 0.23562700 -0.09856500
1.85338902 0.22855300 -0.09804100
1.86401296 0.22392000 -0.09856500
1.85478902 0.21690300 -0.09804100
1.83561599 0.20881800 -0.09699200
1.83626294 0.20304900 -0.09699200
1.82696295 0.19621401 -0.09646800
1.80770600 0.18840200 -0.09542000
1.81822395 0.18372700 -0.09594400
1.79891503 0.17606799 -0.09489500
1.80940104 0.17135701 -0.09542000
1.91621995 0.22781700 -0.03316800
1.90699399 0.22064701 -0.03299600
1.90767801 0.21465500 -0.03299600
1.91828203 0.20974700 -0.03316800
1.89904594 0.20160800 -0.03282400
1.91956198 0.19769000 -0.03316800
1.91022503 0.19066601 -0.03299600
1.89091003 0.18274000 -0.03265200
1.88148904 0.17619599 -0.03248000
1.87207496 0.16938300 -0.03230900
1.86263704 0.16263200 -0.03213700
1.80335903 0.15174900 -0.03110600
1.78389502 0.14446899 -0.03076200
1.78434002 0.13886400 -0.03076200
1.77479696 0.13251200 -0.03059000
1.77520502 0.12693700 -0.03059000
1.77557302 0.12166900 -0.03059000
1.75599205 0.11478600 -0.03024600
1.75634396 0.10926900 -0.03024600
1.74669802 0.10316000 -0.03007400
1.74701297 0.09767400 -0.03007400
1.73732698 0.09165800 -0.02990300
1.73760605 0.08619900 -0.02990300
1.73786902 0.08074000 -0.02990300
1.71813500 0.07441500 -0.02955900
1.71835995 0.06901700 -0.02955900
1.76852703 0.06546700 -0.03041800
1.78871000 0.06058800 -0.03076200
1.78889096 0.05496800 -0.03076200
1.78905499 0.04934800 -0.03076200
1.78919399 0.04404000 -0.03076200
1.78932297 0.03841800 -0.03076200
1.77943802 0.03261400 -0.03059000
1.77953196 0.02702300 -0.03059000
1.77960801 0.02143300 -0.03059000
1.75967002 0.01566400 -0.03024600
1.73971403 0.01002000 -0.02990300
1.73973703 0.00455500 -0.02990300
1.73974299 -0.00060700 -0.02990300
1.72973394 -0.00603800 -0.02973100
1.68971300 -0.01120700 -0.02904300
1.66967404 -0.01632000 -0.02870000
1.65961599 -0.02143600 -0.02852800
1.64954400 -0.02648900 -0.02835600
1.64945197 -0.03167100 -0.02835600
1.63934898 -0.03662900 -0.02818400
1.63923299 -0.04149300 -0.02818400
1.63909400 -0.04664300 -0.02818400
1.63893104 -0.05207800 -0.02818400
1.62876594 -0.05687800 -0.02801200
1.60860801 -0.06095300 -0.02766900
1.62838900 -0.06682600 -0.02801200
1.62817097 -0.07194200 -0.02801200
1.60796201 -0.07611100 -0.02766900
1.60771501 -0.08116200 -0.02766900
1.59746802 -0.08567700 -0.02749700
1.58720803 -0.09012800 -0.02732500
1.62684000 -0.09750700 -0.02801200
1.67641902 -0.10576500 -0.02887100
1.67607796 -0.11103100 -0.02887100
1.66574705 -0.11560400 -0.02870000
1.66537499 -0.12083600 -0.02870000
1.64504695 -0.12455800 -0.02835600
1.65461600 -0.13051200 -0.02852800
1.64425600 -0.13460501 -0.02835600
1.64382505 -0.13977000 -0.02835600
1.63341796 -0.14405499 -0.02818400
1.65287101 -0.15100500 -0.02852800
1.63248098 -0.15431499 -0.02818400
1.63198805 -0.15944301 -0.02818400
1.63147902 -0.16456901 -0.02818400
1.62100899 -0.16865900 -0.02801200
1.60058796 -0.17161900 -0.02766900
1.59010303 -0.17554900 -0.02749700
1.56970501 -0.17801300 -0.02715300
1.53934395 -0.17947000 -0.02663700
1.52884495 -0.18311600 -0.02646600
1.52826202 -0.18791801 -0.02646600
1.51774502 -0.19146700 -0.02629400
1.51713598 -0.19623400 -0.02629400
1.51651204 -0.20099901 -0.02629400
1.51587296 -0.20576200 -0.02629400
1.51521897 -0.21052399 -0.02629400
1.50465095 -0.21387599 -0.02612200
1.49407697 -0.21716300 -0.02595000
1.50327802 -0.22332500 -0.02612200
1.49268305 -0.22654700 -0.02595000
1.49196398 -0.23123500 -0.02595000
1.48139501 -0.23410000 -0.02577800
1.48065305 -0.23875301 -0.02577800
1.48976099 -0.24502601 -0.02595000
1.47912300 -0.24805100 -0.02577800
1.46848094 -0.25101200 -0.02560600
1.46768498 -0.25562400 -0.02560600
1.50625396 -0.26721999 -0.02629400
1.52508605 -0.27550599 -0.02663700
1.52421296 -0.28029501 -0.02663700
1.52332497 -0.28508201 -0.02663700
1.53224397 -0.29173699 -0.02680900
1.53131998 -0.29654899 -0.02680900
1.52057004 -0.29942700 -0.02663700
1.50981796 -0.30224001 -0.02646600
1.50886095 -0.30698100 -0.02646600
1.50788903 -0.31172001 -0.02646600
1.50695801 -0.31619301 -0.02646600
1.50595701 -0.32092500 -0.02646600
1.50494099 -0.32565501 -0.02646600
1.49414504 -0.32823601 -0.02629400
1.49310696 -0.33292800 -0.02629400
1.49205303 -0.33761701 -0.02629400
1.48124003 -0.34006599 -0.02612200
1.48016500 -0.34471700 -0.02612200
1.47907400 -0.34936601 -0.02612200
1.42935205 -0.34236601 -0.02526300
1.40883696 -0.34213501 -0.02491900
1.39804697 -0.34416899 -0.02474700
1.39695895 -0.34856001 -0.02474700
1.38616300 -0.35049599 -0.02457500
1.37537003 -0.35236701 -0.02440300
1.35490000 -0.35166299 -0.02406000
1.35385096 -0.35568100 -0.02406000
1.39137602 -0.37021700 -0.02474700
1.42882299 -0.38499099 -0.02543400
1.45654404 -0.39737299 -0.02595000
1.90989101 0.33882800 -0.03334000
1.93064702 0.33625701 -0.03368300
1.93169296 0.33019099 -0.03368300
1.91299999 0.32081199 -0.03334000
1.91399801 0.31480101 -0.03334000
1.91497695 0.30878699 -0.03334000
1.89618599 0.29964799 -0.03299600
1.89706695 0.29402101 -0.03299600
1.88809597 0.28655899 -0.03282400
1.87909698 0.27915701 -0.03265200
1.87996495 0.27325201 -0.03265200
1.86101604 0.26453000 -0.03230900
1.86183798 0.25868300 -0.03230900
1.85273302 0.25148699 -0.03213700
1.85351396 0.24566500 -0.03213700
1.86419296 0.24112400 -0.03230900
1.84510100 0.23276301 -0.03196500
1.89544201 0.23306701 -0.03282400
1.91602099 0.22948900 -0.03316800
1.92666304 0.22462700 -0.03334000
1.90749002 0.21631999 -0.03299600
1.89822197 0.20923001 -0.03282400
1.89886999 0.20326599 -0.03282400
1.89949906 0.19729900 -0.03282400
1.88021302 0.18932700 -0.03248000
1.88079798 0.18342000 -0.03248000
1.89131999 0.17844900 -0.03265200
1.85220397 0.21889500 0.36252701
1.85284495 0.21339899 0.36252701
1.84375095 0.20648400 0.36061901
1.84439099 0.20069100 0.36061901
1.83525002 0.19386400 0.35871100
1.83585000 0.18809700 0.35871100
1.82666397 0.18135899 0.35680300
1.81745303 0.17468099 0.35489500
1.81799304 0.16897000 0.35489500
1.80870998 0.16269501 0.35298699
1.80921197 0.15701300 0.35298699
1.79991400 0.15051000 0.35107899
1.80037796 0.14485499 0.35107899
1.79103696 0.13844199 0.34917101
1.78167403 0.13208801 0.34726301
1.77228796 0.12579601 0.34535500
1.77267504 0.12022700 0.34535500
1.77302301 0.11496700 0.34535500
1.76357806 0.10879200 0.34344700
1.76391101 0.10325100 0.34344700
1.76422703 0.09771000 0.34344700
1.75472200 0.09165400 0.34153900
1.73539305 0.08517800 0.33772299
1.73565197 0.07972600 0.33772299
1.72608602 0.07385400 0.33581501
1.73611796 0.06882000 0.33772299
1.73632598 0.06336500 0.33772299
1.71689498 0.05725500 0.33390701
1.71706605 0.05186100 0.33390701
1.71722102 0.04646700 0.33390701
1.70754504 0.04083700 0.33199900
1.69784403 0.03556500 0.33009100
1.69794798 0.03023000 0.33009100
1.69803405 0.02489600 0.33009100
1.69810402 0.01956200 0.33009100
1.68834102 0.01414500 0.32818300
1.68837702 0.00884000 0.32818300
1.68839705 0.00353600 0.32818300
1.67858303 -0.00175800 0.32627499
1.66875398 -0.00669900 0.32436699
1.66872501 -0.01194100 0.32436699
1.65886402 -0.01708300 0.32245800
1.65880203 -0.02229400 0.32245800
1.65871894 -0.02779500 0.32245800
1.64880896 -0.03281000 0.32054999
1.64870405 -0.03770200 0.32054999
1.64857805 -0.04288200 0.32054999
1.63863099 -0.04748800 0.31864199
1.64827597 -0.05323900 0.32054999
1.62847996 -0.05772200 0.31673399
1.61848199 -0.06245900 0.31482601
1.61828899 -0.06726100 0.31482601
1.62787700 -0.07278300 0.31673399
1.61783504 -0.07742700 0.31482601
1.61758399 -0.08250900 0.31482601
1.60751402 -0.08706000 0.31291801
1.60723305 -0.09211000 0.31291801
1.59713697 -0.09656600 0.31101000
1.60662305 -0.10220600 0.31291801
1.58670497 -0.10594500 0.30910200
1.58636403 -0.11092900 0.30910200
1.58600795 -0.11591300 0.30910200
1.58563602 -0.12089500 0.30910200
1.58524799 -0.12587500 0.30910200
1.57506204 -0.13004699 0.30719399
1.56488800 -0.13388300 0.30528599
1.56446004 -0.13879900 0.30528599
1.56401598 -0.14371300 0.30528599
1.56355703 -0.14862600 0.30528599
1.55331302 -0.15257700 0.30337799
1.56259203 -0.15844700 0.30528599
1.56208706 -0.16335499 0.30528599
1.56156600 -0.16826200 0.30528599
1.55127299 -0.17208400 0.30337799
1.55072498 -0.17695700 0.30337799
1.54044294 -0.18041500 0.30147001
1.53986895 -0.18525399 0.30147001
1.53927898 -0.19009100 0.30147001
1.52893603 -0.19369200 0.29956201
1.52831995 -0.19849400 0.29956201
1.51795900 -0.20200001 0.29765400
1.51731598 -0.20676699 0.29765400
1.51665902 -0.21153300 0.29765400
1.51598704 -0.21629700 0.29765400
1.50558698 -0.21964100 0.29574600
1.51459801 -0.22581799 0.29765400
1.50417697 -0.22909699 0.29574600
1.49374998 -0.23231301 0.29383799
1.50270796 -0.23854300 0.29574600
1.49230301 -0.24143299 0.29383799
1.48185205 -0.24452201 0.29192999
1.49075699 -0.25080499 0.29383799
1.48996198 -0.25548699 0.29383799
1.48915195 -0.26016599 0.29383799
1.46899796 -0.26140401 0.29002199
1.47782898 -0.26776800 0.29192999
1.46732700 -0.27062899 0.29002199
1.46646905 -0.27523699 0.29002199
1.47523904 -0.28168401 0.29192999
1.46471095 -0.28444600 0.29002199
1.46380997 -0.28904599 0.29002199
1.45326996 -0.29171100 0.28811401
1.46196496 -0.29823700 0.29002199
1.45140898 -0.30083701 0.28811401
1.44085097 -0.30337200 0.28620601
1.43994498 -0.30764601 0.28620601
1.42937803 -0.31008700 0.28429800
1.43798304 -0.31668699 0.28620601
1.41782105 -0.31692100 0.28239000
1.42639196 -0.32354501 0.28429800
1.41580200 -0.32582301 0.28239000
1.42433095 -0.33250099 0.28429800
1.41372705 -0.33471200 0.28239000
1.42221403 -0.34144300 0.28429800
1.40205801 -0.34126601 0.28048199
1.41050994 -0.34802100 0.28239000
1.39988601 -0.35006899 0.28048199
1.38926399 -0.35205400 0.27857399
1.36913502 -0.35153401 0.27475801
1.38588405 -0.36513200 0.27857399
1.41324997 -0.37682900 0.28429800
1.46891999 -0.39662001 0.29574600
1.47713602 -0.40382200 0.29765400
1.96003103 0.35937899 0.38733199
1.99013305 0.35844001 0.39305601
1.96224999 0.34705800 0.38733199
1.95365906 0.33921099 0.38542399
1.95471501 0.33307299 0.38542399
1.94606996 0.32531101 0.38351601
1.93739498 0.31760800 0.38160801
1.91900003 0.30840501 0.37779200
1.91995895 0.30237401 0.37779200
1.91119802 0.29484501 0.37588400
1.91206396 0.28917199 0.37588400
1.89354300 0.28029001 0.37206700
1.89441395 0.27434000 0.37206700
1.88554704 0.26701000 0.37015900
1.88637698 0.26108500 0.37015900
1.87746000 0.25384200 0.36825100
1.88797998 0.24922800 0.37015900
1.86928201 0.24078700 0.36634299
1.86028898 0.23368999 0.36443499
1.86101401 0.22784500 0.36443499
1.86172104 0.22199599 0.36443499
1.84290695 0.21388400 0.36061901
1.84356999 0.20809300 0.36061901
1.83445704 0.20123000 0.35871100
1.82531905 0.19442600 0.35680300
1.82592106 0.18869001 0.35680300
1.82650495 0.18295300 0.35680300
1.82707000 0.17721500 0.35680300
1.81784499 0.17055599 0.35489500
1.84404397 0.21760400 0.29419401
1.83486903 0.21100400 0.29262900
1.83552301 0.20523900 0.29262900
1.83615899 0.19947100 0.29262900
1.82695401 0.19266500 0.29106399
1.82755101 0.18692499 0.29106399
1.81830001 0.18020900 0.28949901
1.81885695 0.17449600 0.28949901
1.80956197 0.16786800 0.28793499
1.80021501 0.16161400 0.28637001
1.79087305 0.15510701 0.28480500
1.80119503 0.15030099 0.28637001
1.79181302 0.14385200 0.28480500
1.79225600 0.13822100 0.28480500
1.77298105 0.13113201 0.28167501
1.77338505 0.12556300 0.28167501
1.77376997 0.11999100 0.28167501
1.77411902 0.11472700 0.28167501
1.76461196 0.10854600 0.28011000
1.75508404 0.10242700 0.27854499
1.75539696 0.09691300 0.27854499
1.74583006 0.09088400 0.27698100
1.74610698 0.08539800 0.27698100
1.73650002 0.07946100 0.27541599
1.72687304 0.07358500 0.27385101
1.72709596 0.06816000 0.27385101
1.71743095 0.06237500 0.27228600
1.72748995 0.05730600 0.27385101
1.70791698 0.05128600 0.27072099
1.70806897 0.04592100 0.27072099
1.70820498 0.04055500 0.27072099
1.69844306 0.03528100 0.26915601
1.69854605 0.02994400 0.26915601
1.69863200 0.02460800 0.26915601
1.68882406 0.01916000 0.26759100
1.69875300 0.01393600 0.26915601
1.67903495 0.00849800 0.26602599
1.67905295 0.00322300 0.26602599
1.67905498 -0.00205100 0.26602599
1.67904198 -0.00703300 0.26602599
1.66913402 -0.01223600 0.26446199
1.65921199 -0.01737600 0.26289701
1.66902494 -0.02272300 0.26446199
1.65906501 -0.02809000 0.26289701
1.64909399 -0.03310400 0.26133201
1.64898801 -0.03799700 0.26133201
1.64886105 -0.04317700 0.26133201
1.62898004 -0.04749300 0.25820199
1.63868499 -0.05321600 0.25976700
1.63850999 -0.05836300 0.25976700
1.62844896 -0.06312800 0.25820199
1.62825501 -0.06795900 0.25820199
1.62803304 -0.07307400 0.25820199
1.62779498 -0.07818900 0.25820199
1.60781395 -0.08229200 0.25507200
1.59768498 -0.08680700 0.25350800
1.60726500 -0.09239300 0.25507200
1.60696697 -0.09744200 0.25507200
1.64608002 -0.10500500 0.26133201
1.62603295 -0.10885600 0.25820199
1.63553500 -0.11465500 0.25976700
1.63516700 -0.11979200 0.25976700
1.62493396 -0.12417600 0.25820199
1.61469102 -0.12849700 0.25663701
1.63396502 -0.13519800 0.25976700
1.60403502 -0.13751400 0.25507200
1.61343300 -0.14342700 0.25663701
1.59330404 -0.14668401 0.25350800
1.60266805 -0.15262599 0.25507200
1.60218000 -0.15765999 0.25507200
1.60167694 -0.16269200 0.25507200
1.60115802 -0.16772300 0.25507200
1.60062301 -0.17275301 0.25507200
1.53135800 -0.17014600 0.24411801
1.54062903 -0.17607699 0.24568300
1.54009902 -0.18064800 0.24568300
1.52971804 -0.18430400 0.24411801
1.52913201 -0.18910800 0.24411801
1.52853000 -0.19391100 0.24411801
1.51811898 -0.19743900 0.24255399
1.52728200 -0.20351200 0.24411801
1.51684904 -0.20697300 0.24255399
1.51619101 -0.21173801 0.24255399
1.51551795 -0.21650000 0.24255399
1.51483095 -0.22126000 0.24255399
1.51412797 -0.22601800 0.24255399
1.50364602 -0.22928500 0.24098900
1.50291896 -0.23400700 0.24098900
1.50217605 -0.23872800 0.24098900
1.50146103 -0.24318400 0.24098900
1.49094498 -0.24629000 0.23942401
1.49990404 -0.25261301 0.24098900
1.48936796 -0.25565299 0.23942401
1.47882903 -0.25862899 0.23785900
1.49745595 -0.26673800 0.24098900
1.51604700 -0.27496600 0.24411801
1.51517606 -0.27972701 0.24411801
1.51428998 -0.28448600 0.24411801
1.51338899 -0.28924200 0.24411801
1.50277698 -0.29211000 0.24255399
1.50185204 -0.29683000 0.24255399
1.50091195 -0.30154699 0.24255399
1.49995697 -0.30625999 0.24255399
1.49898803 -0.31097099 0.24255399
1.49800301 -0.31567901 0.24255399
1.48740196 -0.31805700 0.24098900
1.47674298 -0.32063201 0.23942401
1.47572899 -0.32527000 0.23942401
1.46506095 -0.32774800 0.23785900
1.47365606 -0.33453599 0.23942401
1.46297300 -0.33694699 0.23785900
1.47152495 -0.34378901 0.23942401
1.44160604 -0.34157801 0.23472901
1.43092203 -0.34379801 0.23316400
1.41064203 -0.34361699 0.23003501
1.39996696 -0.34567899 0.22847000
1.39887404 -0.35007501 0.22847000
1.37862003 -0.34961301 0.22533999
1.36794901 -0.35148400 0.22377500
1.35727894 -0.35329199 0.22221000
1.36571300 -0.36007199 0.22377500
1.40281105 -0.37430799 0.23003501
1.43023205 -0.38644201 0.23472901
1.96246302 0.35947099 0.31610200
1.96358204 0.35330400 0.31610200
1.95495605 0.34541601 0.31453699
1.94630003 0.33758399 0.31297201
1.94735098 0.33146799 0.31297201
1.92889905 0.32209501 0.30984300
1.93964899 0.31762999 0.31140801
1.92113304 0.30840400 0.30827799
1.92209196 0.30236599 0.30827799
1.90350902 0.29331899 0.30514801
1.89460599 0.28619400 0.30358300
1.90526605 0.28168499 0.30514801
1.87681603 0.27145699 0.30045301
1.88743901 0.26694199 0.30201799
1.88826799 0.26101100 0.30201799
1.87929106 0.25375599 0.30045301
1.87028694 0.24656001 0.29888901
1.86125600 0.23942301 0.29732400
1.85219896 0.23234500 0.29575899
1.84311604 0.22532700 0.29419401
1.85362303 0.22070301 0.29575899
1.83468401 0.21260500 0.29262900
1.82552898 0.20573400 0.29106399
1.83598399 0.20107301 0.29262900
1.82678497 0.19426000 0.29106399
1.82738698 0.18851900 0.29106399
1.82797003 0.18277800 0.29106399
1.81870401 0.17608300 0.28949901
1.80941498 0.16944700 0.28793499
1.86315894 0.21953000 0.22923000
1.86380196 0.21400100 0.22923000
1.86446500 0.20814499 0.22923000
1.84537303 0.20014600 0.22680400
1.85586405 0.19538601 0.22801700
1.84659398 0.18854700 0.22680400
1.85705495 0.18372200 0.22801700
1.84774196 0.17694101 0.22680400
1.84828901 0.17113499 0.22680400
1.77958298 0.15944900 0.21831401
1.79985297 0.15556800 0.22074001
1.80033302 0.14991300 0.22074001
1.79090095 0.14346300 0.21952701
1.80123997 0.13859800 0.22074001
1.79176700 0.13220701 0.21952701
1.79217303 0.12657900 0.21952701
1.78265905 0.12027900 0.21831401
1.77310205 0.11435000 0.21710099
1.78336000 0.10938700 0.21831401
1.77378500 0.10320800 0.21710099
1.76418996 0.09709000 0.21588799
1.77439904 0.09206100 0.21710099
1.75485098 0.08551900 0.21467499
1.75511098 0.08000600 0.21467499
1.73551905 0.07365000 0.21224999
1.72582304 0.06780800 0.21103700
1.73594701 0.06274400 0.21224999
1.76589799 0.05827200 0.21588799
1.74622905 0.05213200 0.21346299
1.73646200 0.04638100 0.21224999
1.72667503 0.04069200 0.21103700
1.75656104 0.03618100 0.21467499
1.71696699 0.02996900 0.20982400
1.72697794 0.02471800 0.21103700
1.70719600 0.01907100 0.20861100
1.70724702 0.01370700 0.20861100
1.69735599 0.00829500 0.20739800
1.71722603 0.00299700 0.20982400
1.68744802 -0.00235600 0.20618500
1.68743396 -0.00736300 0.20618500
1.67747700 -0.01259000 0.20497300
1.67742896 -0.01785900 0.20497300
1.67736399 -0.02312900 0.20497300
1.66735399 -0.02852200 0.20376000
1.66725600 -0.03376000 0.20376000
1.64730096 -0.03824500 0.20133400
1.65709603 -0.04368200 0.20254700
1.65695906 -0.04859900 0.20254700
1.64686799 -0.05376900 0.20133400
1.63677096 -0.05858700 0.20012100
1.63657904 -0.06372900 0.20012100
1.64629996 -0.06900000 0.20133400
1.62624300 -0.07327800 0.19890800
1.62600505 -0.07838700 0.19890800
1.62574995 -0.08349500 0.19890800
1.61556900 -0.08806200 0.19769500
1.59546399 -0.09199400 0.19527000
1.60507500 -0.09760800 0.19648300
1.63447905 -0.10455100 0.20012100
1.63414204 -0.10968600 0.20012100
1.62388802 -0.11412300 0.19890800
1.61362195 -0.11849700 0.19769500
1.62313902 -0.12432400 0.19890800
1.61284494 -0.12863301 0.19769500
1.62232494 -0.13451999 0.19890800
1.61202896 -0.13848300 0.19769500
1.61158597 -0.14354700 0.19769500
1.60124302 -0.14769700 0.19648300
1.60077095 -0.15272699 0.19648300
1.60028398 -0.15775500 0.19648300
1.58990502 -0.16177700 0.19527000
1.55977297 -0.16366300 0.19163100
1.54938197 -0.16749600 0.19041800
1.54884899 -0.17236300 0.19041800
1.55816102 -0.17835701 0.19163100
1.53790796 -0.18066300 0.18920501
1.54718804 -0.18668200 0.19041800
1.54659402 -0.19154200 0.19041800
1.53613698 -0.19514900 0.18920501
1.52567399 -0.19869199 0.18799300
1.53488100 -0.20479700 0.18920501
1.52439499 -0.20827401 0.18799300
1.51390302 -0.21168700 0.18678001
1.51322997 -0.21644200 0.18678001
1.52236402 -0.22263201 0.18799300
1.51183999 -0.22594599 0.18678001
1.52093601 -0.23219299 0.18799300
1.50058305 -0.23391201 0.18556701
1.49984097 -0.23862500 0.18556701
1.50892496 -0.24466300 0.18678001
1.49835503 -0.24778201 0.18556701
1.48778200 -0.25083801 0.18435401
1.48698604 -0.25551099 0.18435401
1.47639894 -0.25846899 0.18314099
1.50489497 -0.26833400 0.18678001
1.47474599 -0.26774099 0.18314099
1.49341905 -0.27598000 0.18556701
1.49254405 -0.28066999 0.18556701
1.48190606 -0.28349301 0.18435401
1.50049496 -0.29193801 0.18678001
1.48983300 -0.29472500 0.18556701
1.48889995 -0.29940400 0.18556701
1.46850097 -0.30010501 0.18314099
1.46755099 -0.30471700 0.18314099
1.45687401 -0.30727699 0.18192799
1.45595598 -0.31159800 0.18192799
1.47437000 -0.32038701 0.18435401
1.45396996 -0.32074001 0.18192799
1.47232795 -0.32964399 0.18435401
1.45192599 -0.32986900 0.18192799
1.45088196 -0.33442900 0.18192799
1.45948994 -0.34124500 0.18314099
1.42943597 -0.33895800 0.17950299
1.43801498 -0.34576800 0.18071499
1.42727804 -0.34793299 0.17950299
1.42617798 -0.35241500 0.17950299
1.41543400 -0.35448200 0.17828999
1.39507198 -0.35404399 0.17586400
1.37472498 -0.35348099 0.17343800
1.36400294 -0.35529599 0.17222500
1.37247705 -0.36211199 0.17343800
1.39057696 -0.37130401 0.17586400
1.42773199 -0.38603401 0.18071499
1.39779103 -0.38265401 0.17707700
1.97119296 0.36711901 0.24499699
1.92351604 0.35199001 0.23893200
1.95392096 0.35121399 0.24257100
1.96478999 0.34680000 0.24378400
1.95608902 0.33893001 0.24257100
1.94735897 0.33112001 0.24135800
1.93859804 0.32336599 0.24014500
1.93960500 0.31727499 0.24014500
1.92098999 0.30803701 0.23772000
1.92194796 0.30199999 0.23772000
1.91307700 0.29445100 0.23650700
1.91394198 0.28877300 0.23650700
1.90502000 0.28130901 0.23529400
1.89607000 0.27390400 0.23408100
1.89692199 0.26794499 0.23408100
1.87808800 0.25927001 0.23165500
1.86905599 0.25204200 0.23044300
1.88952100 0.24876000 0.23286800
1.88044798 0.24155900 0.23165500
1.86149895 0.23318200 0.22923000
1.86222303 0.22733299 0.22923000
1.86292803 0.22148100 0.22923000
1.88333499 0.21790899 0.23165500
1.88400996 0.21199200 0.23165500
1.87479997 0.20499299 0.23044300
1.86556399 0.19805300 0.22923000
1.85630298 0.19117500 0.22801700
1.84701705 0.18435700 0.22680400
1.84758699 0.17855400 0.22680400
1.84813905 0.17274800 0.22680400
1.88979900 0.22233500 0.16530800
1.89045000 0.21672700 0.16530800
1.89112198 0.21078600 0.16530800
1.87196600 0.20269901 0.16357701
1.88250101 0.19785801 0.16444300
1.89302504 0.19295400 0.16530800
1.87379301 0.18504800 0.16357701
1.86444795 0.17821200 0.16271199
1.85507798 0.17143700 0.16184600
1.85557902 0.16593200 0.16184600
1.80646300 0.15582199 0.15751900
1.80694306 0.15014599 0.15751900
1.79747498 0.14367400 0.15665400
1.78798401 0.13726400 0.15578800
1.78840697 0.13164601 0.15578800
1.76893604 0.12462700 0.15405700
1.76931906 0.11906900 0.15405700
1.77960598 0.11445800 0.15492301
1.76006901 0.10765000 0.15319200
1.76039898 0.10212100 0.15319200
1.75076306 0.09604400 0.15232600
1.75105596 0.09054300 0.15232600
1.75133204 0.08504100 0.15232600
1.74163902 0.07908700 0.15146101
1.75183201 0.07403600 0.15232600
1.74210095 0.06814300 0.15146101
1.75226295 0.06302800 0.15232600
1.74249494 0.05719500 0.15146101
1.73270798 0.05142500 0.15059499
1.72290206 0.04571800 0.14973000
1.72303700 0.04030500 0.14973000
1.71318901 0.03498900 0.14886400
1.72325099 0.02977800 0.14973000
1.70341301 0.02408300 0.14799900
1.71344197 0.01884100 0.14886400
1.70353103 0.01338000 0.14799900
1.69360197 0.00798100 0.14713299
1.69361901 0.00266000 0.14713299
1.69361901 -0.00266000 0.14713299
1.67367899 -0.00759500 0.14540200
1.65372205 -0.01270000 0.14367101
1.69352198 -0.01832600 0.14713299
1.71337903 -0.02392500 0.14886400
1.72325099 -0.02977900 0.14973000
1.70322800 -0.03478500 0.14799900
1.70311701 -0.03983900 0.14799900
1.70298398 -0.04518900 0.14799900
1.69288397 -0.04994800 0.14713299
1.68275201 -0.05523500 0.14626800
1.69252598 -0.06087900 0.14713299
1.69232702 -0.06619600 0.14713299
1.67221606 -0.07037900 0.14540200
1.67198598 -0.07563200 0.14540200
1.68169105 -0.08136600 0.14626800
1.66152894 -0.08562300 0.14453700
1.64135599 -0.08975500 0.14280599
1.61122894 -0.09318500 0.14020900
1.61092806 -0.09824600 0.14020900
1.60066903 -0.10266900 0.13934401
1.61027896 -0.10836600 0.14020900
1.59999299 -0.11272400 0.13934401
1.59963095 -0.11775000 0.13934401
1.59925306 -0.12277500 0.13934401
1.59885895 -0.12779900 0.13934401
1.57859302 -0.13117100 0.13761300
1.57819700 -0.13585401 0.13761300
1.56783998 -0.13992600 0.13674700
1.57731199 -0.14576800 0.13761300
1.56692898 -0.14977400 0.13674700
1.56645095 -0.15469600 0.13674700
1.56595695 -0.15961599 0.13674700
1.56544805 -0.16453500 0.13674700
1.56492400 -0.16945200 0.13674700
1.56438398 -0.17436799 0.13674700
1.55393004 -0.17814700 0.13588201
1.55339503 -0.18275701 0.13588201
1.58248496 -0.19122100 0.13847800
1.60165000 -0.19864400 0.14020900
1.59113503 -0.20241800 0.13934401
1.59049106 -0.20741600 0.13934401
1.57995701 -0.21109200 0.13847800
1.58915699 -0.21740501 0.13934401
1.56873298 -0.21963400 0.13761300
1.56803501 -0.22456101 0.13761300
1.57718003 -0.23092900 0.13847800
1.56659400 -0.23440801 0.13761300
1.55600095 -0.23782399 0.13674700
1.55524600 -0.24271099 0.13674700
1.54463804 -0.24602900 0.13588201
1.55373502 -0.25220701 0.13674700
1.55293500 -0.25708699 0.13674700
1.55211902 -0.26196399 0.13674700
1.51201606 -0.26008299 0.13328500
1.48175204 -0.25967300 0.13068900
1.48092902 -0.26432699 0.13068900
1.48989403 -0.27076000 0.13155399
1.47923899 -0.27362701 0.13068900
1.46858203 -0.27643001 0.12982300
1.47749102 -0.28291601 0.13068900
1.45703697 -0.28374699 0.12895800
1.46591103 -0.29025799 0.12982300
1.45522594 -0.29289600 0.12895800
1.45429802 -0.29746699 0.12895800
1.45335698 -0.30203399 0.12895800
1.45240104 -0.30659801 0.12895800
1.45148396 -0.31090599 0.12895800
1.45050097 -0.31546500 0.12895800
1.43977404 -0.31787199 0.12809201
1.44849002 -0.32457200 0.12895800
1.43774903 -0.32691199 0.12809201
1.42700696 -0.32918799 0.12722699
1.42596602 -0.33366999 0.12722699
1.42490995 -0.33814800 0.12722699
1.42384100 -0.34262300 0.12722699
1.42275798 -0.34709400 0.12722699
1.42165995 -0.35156199 0.12722699
1.41088498 -0.35360500 0.12636100
1.40976703 -0.35803500 0.12636100
1.38933897 -0.35749701 0.12463000
1.36892796 -0.35683399 0.12289900
1.35816801 -0.35859001 0.12203400
1.37634802 -0.36776200 0.12376500
1.43288600 -0.38769600 0.12895800
1.44126904 -0.39482701 0.12982300
1.93171096 0.34687400 0.17050099
1.97203600 0.34772399 0.17396300
1.96330202 0.33982700 0.17309800
1.97418201 0.33532599 0.17396300
1.96539795 0.32748401 0.17309800
1.93692100 0.31648901 0.17050099
1.93790603 0.31040299 0.17050099
1.92902994 0.30276799 0.16963600
1.92012405 0.29519299 0.16877000
1.91114104 0.28800899 0.16790500
1.90217996 0.28055000 0.16703901
1.90305197 0.27457401 0.16703901
1.89404094 0.26720101 0.16617399
1.88500094 0.25988901 0.16530800
1.89568198 0.25529501 0.16617399
1.87671995 0.24674200 0.16444300
1.87748599 0.24084499 0.16444300
1.86834800 0.23370799 0.16357701
1.88956499 0.22431301 0.16530800
1.89025998 0.21837600 0.16530800
1.90083694 0.21354900 0.16617399
1.88169205 0.20541400 0.16444300
1.88232803 0.19950099 0.16444300
1.87303495 0.19256800 0.16357701
1.87363100 0.18668300 0.16357701
1.87420797 0.18079600 0.16357701
1.85492802 0.17305601 0.16184600
1.87457204 0.22021100 0.09791400
1.86529505 0.21351300 0.09739500
1.86595702 0.20765200 0.09739500
1.86660004 0.20178901 0.09739500
1.84736097 0.19383900 0.09635900
1.83802497 0.18702400 0.09584100
1.83860302 0.18124899 0.09584100
1.82922304 0.17452300 0.09532300
1.81981695 0.16785800 0.09480500
1.80041301 0.16068199 0.09376900
1.81085896 0.15588300 0.09428700
1.80138695 0.14936700 0.09376900
1.84166801 0.14688300 0.09584100
1.87199199 0.14338499 0.09739500
1.86247396 0.13677099 0.09687700
1.86289406 0.13091999 0.09687700
1.85333204 0.12439800 0.09635900
1.85369301 0.11889800 0.09635900
1.85405695 0.11307400 0.09635900
1.83446395 0.10609600 0.09532300
1.82481599 0.09978700 0.09480500
1.82512105 0.09405400 0.09480500
1.81543195 0.08783600 0.09428700
1.83565199 0.08303500 0.09532300
1.77603698 0.07474900 0.09221500
1.74632597 0.06800300 0.09066100
1.74653101 0.06251600 0.09066100
1.74671900 0.05702900 0.09066100
1.72692502 0.05095200 0.08962500
1.73705995 0.04579000 0.09014300
1.72721100 0.04010100 0.08962500
1.72732306 0.03497600 0.08962500
1.70745397 0.02920700 0.08858800
1.71752298 0.02398300 0.08910600
1.70760405 0.01847900 0.08858800
1.70765305 0.01311400 0.08858800
1.69770002 0.00770400 0.08807000
1.68772900 0.00235600 0.08755200
1.67774105 -0.00292800 0.08703400
1.68771195 -0.00795300 0.08755200
1.67769206 -0.01317700 0.08703400
1.70760000 -0.01877700 0.08858800
1.75745702 -0.02515400 0.09117900
1.73739898 -0.03032600 0.09014300
1.73729503 -0.03578400 0.09014300
1.73718095 -0.04093900 0.09014300
1.73704398 -0.04639600 0.09014300
1.72691596 -0.05125400 0.08962500
1.71675599 -0.05665100 0.08910600
1.71656895 -0.06204400 0.08910600
1.71636605 -0.06743600 0.08910600
1.70618105 -0.07210700 0.08858800
1.70594597 -0.07746700 0.08858800
1.72564399 -0.08379400 0.08962500
1.70542502 -0.08818400 0.08858800
1.63533902 -0.08971200 0.08496200
1.62507904 -0.09427100 0.08444400
1.62477505 -0.09937500 0.08444400
1.61448896 -0.10383800 0.08392600
1.61415505 -0.10891000 0.08392600
1.60384297 -0.11327700 0.08340800
1.60347903 -0.11831500 0.08340800
1.59314203 -0.12258600 0.08289000
1.61265898 -0.12918501 0.08392600
1.60229301 -0.13342200 0.08340800
1.60188997 -0.13817500 0.08340800
1.59150100 -0.14231800 0.08289000
1.59104598 -0.14731701 0.08289000
1.59057498 -0.15231401 0.08289000
1.58015096 -0.15632699 0.08237200
1.56971705 -0.16027600 0.08185400
1.56920600 -0.16520700 0.08185400
1.56867898 -0.17013600 0.08185400
1.55821204 -0.17395499 0.08133600
1.54773605 -0.17771100 0.08081800
1.59679198 -0.18814500 0.08340800
1.61602199 -0.19555999 0.08444400
1.61539900 -0.20063600 0.08444400
1.61476099 -0.20570999 0.08444400
1.60420406 -0.20948900 0.08392600
1.61343598 -0.21585201 0.08444400
1.61275005 -0.22091900 0.08444400
1.60215902 -0.22459801 0.08392600
1.62121606 -0.23246600 0.08496200
1.61059701 -0.23610900 0.08444400
1.59997106 -0.23968799 0.08392600
1.58933794 -0.24320300 0.08340800
1.57869899 -0.24665301 0.08289000
1.59764099 -0.25475699 0.08392600
1.57716298 -0.25629199 0.08289000
1.57634997 -0.26124600 0.08289000
1.58536899 -0.26786000 0.08340800
1.50578499 -0.25928199 0.07926300
1.49512696 -0.26228601 0.07874500
1.48446500 -0.26522499 0.07822700
1.48362398 -0.26988801 0.07822700
1.48276901 -0.27454701 0.07822700
1.48189902 -0.27920401 0.07822700
1.48101497 -0.28385800 0.07822700
1.48011601 -0.28850999 0.07822700
1.46940601 -0.29121700 0.07770900
1.45869398 -0.29385900 0.07719100
1.46754706 -0.30044401 0.07770900
1.45681906 -0.30301899 0.07719100
1.44608903 -0.30553001 0.07667300
1.44517601 -0.30981901 0.07667300
1.44419599 -0.31435800 0.07667300
1.43344903 -0.31673801 0.07615500
1.44219196 -0.32342499 0.07667300
1.44116902 -0.32795501 0.07667300
1.43040001 -0.33023399 0.07615500
1.42935598 -0.33472601 0.07615500
1.42829704 -0.33921501 0.07615500
1.42722499 -0.34369999 0.07615500
1.42613804 -0.34818199 0.07615500
1.42503703 -0.35266101 0.07615500
1.41423500 -0.35470700 0.07563700
1.40343499 -0.35668799 0.07511900
1.39263701 -0.35860500 0.07460100
1.39150298 -0.36297801 0.07460100
1.38070095 -0.36479700 0.07408300
1.41820300 -0.37921101 0.07615500
1.45556295 -0.39410400 0.07822700
1.47358000 -0.40395501 0.07926300
1.97463906 0.36063299 0.10413000
1.93644404 0.34737501 0.10205800
1.95719600 0.34475499 0.10309400
1.94842899 0.33690199 0.10257600
1.94947696 0.33078000 0.10257600
1.94065595 0.32301399 0.10205800
1.93180501 0.31530699 0.10154000
1.95250797 0.31239200 0.10257600
1.97321200 0.30935001 0.10361200
2.00378704 0.30769601 0.10516600
1.98494101 0.29877701 0.10413000
1.97598898 0.29108399 0.10361200
1.98677897 0.28630000 0.10413000
1.94811296 0.27448300 0.10205800
1.94896495 0.26836100 0.10205800
1.93990099 0.26090601 0.10154000
1.97041595 0.25871101 0.10309400
1.90188003 0.24363700 0.09946800
1.88281703 0.23518500 0.09843200
1.87363303 0.22806101 0.09791400
1.87434006 0.22217400 0.09791400
1.86510801 0.21514100 0.09739500
1.87569904 0.21039400 0.09791400
1.85649502 0.20233600 0.09687700
1.84719098 0.19545101 0.09635900
1.84779596 0.18964700 0.09635900
1.84838200 0.18384200 0.09635900
1.82906902 0.17612000 0.09532300
1.83955705 0.17129800 0.09584100
1.92650604 0.22597100 0.03334000
1.91723394 0.21911900 0.03316800
1.91791296 0.21309499 0.03316800
1.90863204 0.20599601 0.03299600
1.90927005 0.19999801 0.03299600
1.90988898 0.19399901 0.03299600
1.89058805 0.18604000 0.03265200
1.89116299 0.18009900 0.03265200
1.89172006 0.17415801 0.03265200
1.89222801 0.16854300 0.03265200
1.79313004 0.15404101 0.03093400
1.82349801 0.15087999 0.03144900
1.82396305 0.14515001 0.03144900
1.82440996 0.13942000 0.03144900
1.81486702 0.13295700 0.03127700
1.80530202 0.12655599 0.03110600
1.81566703 0.12155200 0.03127700
1.79606295 0.11488700 0.03093400
1.78643501 0.10863700 0.03076200
1.78676796 0.10302500 0.03076200
1.77709901 0.09686700 0.03059000
1.77739501 0.09128300 0.03059000
1.77767301 0.08569800 0.03059000
1.75795603 0.07921300 0.03024600
1.76818597 0.07410900 0.03041800
1.74842799 0.06777900 0.03007400
1.78860104 0.06371000 0.03076200
1.79878604 0.05841400 0.03093400
1.80895495 0.05305600 0.03110600
1.78912199 0.04685000 0.03076200
1.80925202 0.04168900 0.03110600
1.79937196 0.03612100 0.03093400
1.78947902 0.03029800 0.03076200
1.76956999 0.02440000 0.03041800
1.77963603 0.01894800 0.03059000
1.76968896 0.01328100 0.03041800
1.75972295 0.00767800 0.03024600
1.75973904 0.00214900 0.03024600
1.76973498 -0.00339800 0.03041800
1.66973305 -0.00816000 0.02870000
1.69969404 -0.01364600 0.02921500
1.69964302 -0.01898600 0.02921500
1.68957305 -0.02447700 0.02904300
1.68948805 -0.02978500 0.02904300
1.69938195 -0.03530000 0.02921500
1.68927395 -0.04010500 0.02904300
1.68913996 -0.04541200 0.02904300
1.67900395 -0.05012500 0.02887100
1.67882800 -0.05569200 0.02887100
1.66865301 -0.06060300 0.02870000
1.67844498 -0.06624000 0.02887100
1.65826201 -0.07037200 0.02852800
1.65803301 -0.07558100 0.02852800
1.65778697 -0.08078900 0.02852800
1.66751099 -0.08651500 0.02870000
1.63727999 -0.09010500 0.02818400
1.62700701 -0.09466700 0.02801200
1.64666200 -0.10100300 0.02835600
1.67627001 -0.10810600 0.02887100
1.69587302 -0.11472100 0.02921500
1.67555702 -0.11863600 0.02887100
1.67517602 -0.12389900 0.02887100
1.67477906 -0.12916100 0.02887100
1.67436504 -0.13442200 0.02887100
1.66396999 -0.13885000 0.02870000
1.67351198 -0.14464800 0.02887100
1.66309094 -0.14901200 0.02870000
1.66261494 -0.15423600 0.02870000
1.64221597 -0.15754899 0.02835600
1.65166295 -0.16369300 0.02852800
1.64119399 -0.16786399 0.02835600
1.64065802 -0.17301901 0.02835600
1.64010704 -0.17817301 0.02835600
1.55010998 -0.17332500 0.02680900
1.57935703 -0.18162100 0.02732500
1.57881105 -0.18630600 0.02732500
1.56829202 -0.19006200 0.02715300
1.56768703 -0.19498800 0.02715300
1.56706703 -0.19991200 0.02715300
1.56643105 -0.20483400 0.02715300
1.56578004 -0.20975401 0.02715300
1.56511295 -0.21467200 0.02715300
1.55452895 -0.21819800 0.02698100
1.55383599 -0.22308099 0.02698100
1.54323494 -0.22650900 0.02680900
1.53262806 -0.22987300 0.02663700
1.53189802 -0.23468700 0.02663700
1.53115296 -0.23949800 0.02663700
1.53039300 -0.24430799 0.02663700
1.52966201 -0.24884699 0.02663700
1.51900899 -0.25201499 0.02646600
1.51821005 -0.25678599 0.02646600
1.51739502 -0.26155400 0.02646600
1.49687099 -0.26286101 0.02612200
1.52556396 -0.27284300 0.02663700
1.53453600 -0.27942601 0.02680900
1.54348195 -0.28606799 0.02698100
1.54257596 -0.29091501 0.02698100
1.54165399 -0.29576001 0.02698100
1.55053103 -0.30251601 0.02715300
1.53976595 -0.30544001 0.02698100
1.52899694 -0.30829999 0.02680900
1.52802098 -0.31310201 0.02680900
1.53681898 -0.31993899 0.02698100
1.52602398 -0.32269600 0.02680900
1.52505898 -0.32722300 0.02680900
1.52402401 -0.33201200 0.02680900
1.52297294 -0.33679900 0.02680900
1.51215196 -0.33939201 0.02663700
1.51107800 -0.34414101 0.02663700
1.49050605 -0.34438401 0.02629400
1.49915099 -0.35134700 0.02646600
1.44940305 -0.34449500 0.02560600
1.45803297 -0.35138899 0.02577800
1.44720900 -0.35359499 0.02560600
1.44609201 -0.35813901 0.02560600
1.43526101 -0.36024600 0.02543400
1.41474295 -0.35982499 0.02509100
1.40392303 -0.36177200 0.02491900
1.40277898 -0.36618099 0.02491900
1.39195597 -0.36803001 0.02474700
1.41017497 -0.37732801 0.02509100
1.43793499 -0.38960001 0.02560600
1.46563005 -0.40205100 0.02612200
1.95850599 0.35098001 0.03419900
1.97929299 0.34829101 0.03454300
1.97052503 0.34036899 0.03437100
1.97158396 0.33417600 0.03437100
1.96276104 0.32634100 0.03419900
1.96377695 0.32017300 0.03419900
1.94502604 0.31084701 0.03385500
1.94599295 0.30473399 0.03385500
1.92717505 0.29558700 0.03351200
1.92804396 0.28986800 0.03351200
1.92894495 0.28380999 0.03351200
1.91003394 0.27489999 0.03316800
1.92078900 0.27029100 0.03334000
1.90181804 0.26153100 0.03299600
1.89272106 0.25422400 0.03282400
1.89350998 0.24827699 0.03282400
1.88436306 0.24105901 0.03265200
1.86526799 0.23266201 0.03230900
1.87591505 0.22800700 0.03248000
1.93619800 0.22916400 0.03351200
1.90710902 0.21964800 0.03299600
1.92766297 0.21588200 0.03334000
1.92833102 0.20982400 0.03334000
1.89915204 0.20061401 0.03282400
1.90971899 0.19566600 0.03299600
1.91032398 0.18966600 0.03299600
1.90095794 0.18270700 0.03282400
1.89156699 0.17580800 0.03265200
