1.44558501 0.39032000 -0.40054199
1.42813599 0.38079801 -0.39537400
1.41998303 0.37384999 -0.39278999
1.39310205 0.36209700 -0.38503799
1.39429498 0.35747501 -0.38503799
1.39541101 0.35309300 -0.38503799
1.39651299 0.34870699 -0.38503799
1.39760196 0.34431899 -0.38503799
1.40806401 0.34220701 -0.38762200
1.40913200 0.33778200 -0.38762200
1.41018605 0.33335400 -0.38762200
1.41122603 0.32892200 -0.38762200
1.42166805 0.32664999 -0.39020601
1.43210900 0.32431501 -0.39278999
1.43312001 0.31981501 -0.39278999
1.43411803 0.31531101 -0.39278999
1.43510199 0.31080401 -0.39278999
1.44551897 0.30830899 -0.39537400
1.45593405 0.30575201 -0.39795801
1.44742703 0.29922101 -0.39537400
1.44835997 0.29467201 -0.39537400
1.44927895 0.29012001 -0.39537400
1.45966101 0.28743300 -0.39795801
1.45107305 0.28100899 -0.39537400
1.46143901 0.27825600 -0.39795801
1.46230602 0.27366301 -0.39795801
1.46315801 0.26906699 -0.39795801
1.47350299 0.26618701 -0.40054199
1.47433197 0.26155701 -0.40054199
1.47514606 0.25692299 -0.40054199
1.48546803 0.25391600 -0.40312701
1.46720397 0.24605200 -0.39795801
1.50609899 0.24771300 -0.40829501
1.52594399 0.24605601 -0.41346300
1.54579306 0.24427600 -0.41863099
1.56564605 0.24237500 -0.42379999
1.57595098 0.23890300 -0.42638400
1.56713796 0.23253299 -0.42379999
1.57742095 0.22899701 -0.42638400
1.54944003 0.21996599 -0.41863099
1.57882905 0.21908100 -0.42638400
1.56993699 0.21282101 -0.42379999
1.58975101 0.21042401 -0.42896801
1.59040403 0.20542900 -0.42896801
1.61021101 0.20284601 -0.43413600
1.59166300 0.19543201 -0.42896801
1.61145401 0.19272400 -0.43413600
1.60245597 0.18654400 -0.43155199
1.62226403 0.18340001 -0.43672001
1.59402394 0.17513700 -0.42896801
1.55614305 0.16602901 -0.41863099
1.56626594 0.16213401 -0.42121601
1.56676805 0.15721300 -0.42121601
1.55763900 0.15135600 -0.41863099
1.55810702 0.14646100 -0.41863099
1.56817997 0.14244001 -0.42121601
1.57824302 0.13835600 -0.42379999
1.57867002 0.13339700 -0.42379999
1.57908106 0.12843700 -0.42379999
1.57947695 0.12347500 -0.42379999
1.58949006 0.11923500 -0.42638400
1.58985698 0.11424200 -0.42638400
1.59020805 0.10924600 -0.42638400
1.59054399 0.10425000 -0.42638400
1.61014605 0.10045500 -0.43155199
1.61045396 0.09539600 -0.43155199
1.60110104 0.08979600 -0.42896801
1.60137498 0.08476500 -0.42896801
1.62092996 0.08069500 -0.43413600
1.65012503 0.07695200 -0.44188899
1.68896401 0.07344700 -0.45222500
1.66988099 0.06736200 -0.44705701
1.68939197 0.06283300 -0.45222500
1.67992604 0.05719700 -0.44964099
1.68976200 0.05192200 -0.45222500
1.69957399 0.04688000 -0.45480901
1.70937002 0.04177700 -0.45739400
1.69017601 0.03599400 -0.45222500
1.71925700 0.03121100 -0.45997801
1.70968795 0.02566400 -0.45739400
1.71941996 0.02040800 -0.45997801
1.71947503 0.01500600 -0.45997801
1.70019400 0.00949600 -0.45480901
1.70021498 0.00415400 -0.45480901
1.67123902 -0.00116700 -0.44705701
1.67122698 -0.00641700 -0.44705701
1.67119801 -0.01166700 -0.44705701
1.67115605 -0.01662600 -0.44705701
1.69041097 -0.02242400 -0.45222500
1.69032705 -0.02802900 -0.45222500
1.69023097 -0.03333900 -0.45222500
1.69012499 -0.03835400 -0.45222500
1.70931005 -0.04416300 -0.45739400
1.70916295 -0.04953300 -0.45739400
1.71864402 -0.05551200 -0.45997801
1.70880699 -0.06056900 -0.45739400
1.72791505 -0.06668200 -0.46256199
1.70840502 -0.07100600 -0.45739400
1.72747505 -0.07723600 -0.46256199
1.71757495 -0.08220100 -0.45997801
1.77517903 -0.09085900 -0.47548300
1.78453100 -0.09695900 -0.47806701
1.81315100 -0.10422800 -0.48581901
1.80317199 -0.10933900 -0.48323500
1.80281901 -0.11500300 -0.48323500
1.81208801 -0.12131200 -0.48581901
1.82133496 -0.12768000 -0.48840299
1.83055902 -0.13410699 -0.49098700
1.84939301 -0.14132901 -0.49615601
1.84894001 -0.14713800 -0.49615601
1.83884096 -0.15215001 -0.49357200
1.84797895 -0.15875299 -0.49615601
1.83784902 -0.16370000 -0.49357200
1.80846703 -0.16681100 -0.48581901
1.80793405 -0.17249200 -0.48581901
1.79777002 -0.17722300 -0.48323500
1.81642497 -0.18482600 -0.48840299
1.80622804 -0.18952399 -0.48581901
1.79602003 -0.19415900 -0.48323500
1.80500197 -0.20086899 -0.48581901
1.82355702 -0.20873500 -0.49098700
1.83248699 -0.21559200 -0.49357200
1.85098100 -0.22366600 -0.49873999
1.86944306 -0.23185800 -0.50390798
1.89741302 -0.24171799 -0.51166099
1.88706505 -0.24642700 -0.50907600
1.85755706 -0.24851100 -0.50132400
1.85676706 -0.25434500 -0.50132400
1.85595798 -0.26017699 -0.50132400
1.86469400 -0.26737800 -0.50390798
1.86384499 -0.27323499 -0.50390798
1.86297798 -0.27908900 -0.50390798
1.88118994 -0.28786299 -0.50907600
1.88027596 -0.29377100 -0.50907600
1.88888395 -0.30119801 -0.51166099
1.88792801 -0.30713001 -0.51166099
1.89648402 -0.31464100 -0.51424497
1.89548695 -0.32059801 -0.51424497
1.90393305 -0.32852399 -0.51682901
1.91240597 -0.33617601 -0.51941299
1.91134000 -0.34218299 -0.51941299
1.91975999 -0.34991801 -0.52199697
1.91865098 -0.35594699 -0.52199697
1.92701602 -0.36376500 -0.52458102
1.93534994 -0.37163901 -0.52716500
1.42988396 0.38581300 -0.34202400
1.43108904 0.38131800 -0.34202400
1.40401101 0.36938301 -0.33527300
1.41459596 0.36741999 -0.33752400
1.40636694 0.36030900 -0.33527300
1.40749204 0.35588899 -0.33527300
1.41805696 0.35382399 -0.33752400
1.42862296 0.35169700 -0.33977401
1.42025197 0.34490699 -0.33752400
1.42132902 0.34044400 -0.33752400
1.42239106 0.33597699 -0.33752400
1.42343998 0.33150700 -0.33752400
1.43397105 0.32921401 -0.33977401
1.46350801 0.33115801 -0.34652400
1.47405100 0.32867900 -0.34877399
1.48459303 0.32613799 -0.35102400
1.49513304 0.32353199 -0.35327500
1.48661304 0.31680301 -0.35102400
1.48760104 0.31213099 -0.35102400
1.47903204 0.30548501 -0.34877399
1.49908102 0.30471900 -0.35327500
1.50003099 0.30000800 -0.35327500
1.50096595 0.29529399 -0.35327500
1.51145196 0.29242799 -0.35552499
1.51236296 0.28767800 -0.35552499
1.52283704 0.28471601 -0.35777500
1.51414096 0.27816999 -0.35552499
1.52459598 0.27514201 -0.35777500
1.54464102 0.27375200 -0.36227500
1.53589404 0.26722801 -0.36002499
1.53672600 0.26240200 -0.36002499
1.47988498 0.24791300 -0.34652400
1.50950098 0.24800199 -0.35327500
1.50065303 0.24170899 -0.35102400
1.51102901 0.23851199 -0.35327500
1.51177096 0.23376399 -0.35327500
1.50286400 0.22755501 -0.35102400
1.51321006 0.22426100 -0.35327500
1.51390696 0.21950600 -0.35327500
1.51458895 0.21474899 -0.35327500
1.51525605 0.20998999 -0.35327500
1.52556396 0.20653500 -0.35552499
1.52620494 0.20174199 -0.35552499
1.53649497 0.19819300 -0.35777500
1.54677701 0.19458100 -0.36002499
1.53770995 0.18853500 -0.35777500
1.53829503 0.18370301 -0.35777500
1.54854202 0.17999400 -0.36002499
1.54913104 0.17485800 -0.36002499
1.54967201 0.16999000 -0.36002499
1.55019903 0.16512100 -0.36002499
1.57978594 0.16325501 -0.36677599
1.60937595 0.16120400 -0.37352601
1.60987401 0.15614800 -0.37352601
1.61035705 0.15108900 -0.37352601
1.61082399 0.14602900 -0.37352601
1.61127496 0.14096799 -0.37352601
1.62141895 0.13672400 -0.37577599
1.64126301 0.13320699 -0.38027599
1.63196003 0.12729201 -0.37802601
1.65178394 0.12361800 -0.38252699
1.66188300 0.11912600 -0.38477701
1.65252900 0.11323800 -0.38252699
1.64315295 0.10741000 -0.38027599
1.64348304 0.10224700 -0.38027599
1.65352201 0.09765700 -0.38252699
1.65382099 0.09246300 -0.38252699
1.61518300 0.08521400 -0.37352601
1.61544299 0.08013900 -0.37352601
1.61568701 0.07506300 -0.37352601
1.63538301 0.07083100 -0.37802601
1.63559794 0.06569300 -0.37802601
1.63579595 0.06055400 -0.37802601
1.63597798 0.05541500 -0.37802601
1.63615298 0.04998900 -0.37802601
1.65578198 0.04538300 -0.38252699
1.65591598 0.04018100 -0.38252699
1.65603399 0.03497800 -0.38252699
1.65613604 0.02977500 -0.38252699
1.66596401 0.02471700 -0.38477701
1.67577600 0.01959700 -0.38702700
1.70505905 0.01458300 -0.39377701
1.70509696 0.00922600 -0.39377701
1.67588603 0.00380200 -0.38702700
1.68563402 -0.00147100 -0.38927701
1.68562102 -0.00676700 -0.38927701
1.67584801 -0.01199200 -0.38702700
1.68554795 -0.01706300 -0.38927701
1.68548203 -0.02265300 -0.38927701
1.68539798 -0.02824200 -0.38927701
1.69504201 -0.03373000 -0.39152700
1.70467603 -0.03898200 -0.39377701
1.70454502 -0.04433700 -0.39377701
1.71413696 -0.04997600 -0.39602801
1.71396101 -0.05566000 -0.39602801
1.71377802 -0.06104400 -0.39602801
1.72331405 -0.06680500 -0.39827800
1.72310805 -0.07191800 -0.39827800
1.73260796 -0.07776800 -0.40052801
1.74208701 -0.08367800 -0.40277800
1.77099204 -0.09095400 -0.40952900
1.79015601 -0.09757800 -0.41402900
1.79956806 -0.10376200 -0.41627899
1.80895901 -0.11000700 -0.41852900
1.79887998 -0.11506700 -0.41627899
1.81795394 -0.12202300 -0.42077899
1.80784202 -0.12705100 -0.41852900
1.82686806 -0.13415700 -0.42302901
1.84586799 -0.14138401 -0.42752999
1.83570194 -0.14640699 -0.42528000
1.83523297 -0.15217400 -0.42528000
1.82503796 -0.15710300 -0.42302901
1.82453597 -0.16283500 -0.42302901
1.79490805 -0.16587700 -0.41627899
1.80407798 -0.17244200 -0.41852900
1.79383099 -0.17715099 -0.41627899
1.80295897 -0.18377399 -0.41852900
1.81206298 -0.19045500 -0.42077899
1.82114196 -0.19719601 -0.42302901
1.82051396 -0.20291699 -0.42302901
1.81986701 -0.20863500 -0.42302901
1.82887995 -0.21549100 -0.42528000
1.83786702 -0.22240600 -0.42752999
1.84682798 -0.22938000 -0.42978001
1.84605706 -0.23550300 -0.42978001
1.84530795 -0.24130100 -0.42978001
1.86385596 -0.24968500 -0.43428001
1.89202201 -0.25951099 -0.44103101
1.90084600 -0.26680800 -0.44328099
1.92893195 -0.27693301 -0.45003101
1.91841304 -0.28157601 -0.44778100
1.91751802 -0.28760201 -0.44778100
1.92623699 -0.29510000 -0.45003101
1.93492699 -0.30265501 -0.45228201
1.93396604 -0.30873299 -0.45228201
1.96183705 -0.31950599 -0.45903200
1.95121205 -0.32407099 -0.45678201
1.95018399 -0.33019900 -0.45678201
1.90107203 -0.32837200 -0.44553101
1.90962696 -0.33603099 -0.44778100
1.92774296 -0.34546700 -0.45228201
1.92664802 -0.35152099 -0.45228201
1.93511403 -0.35935101 -0.45453200
1.94354999 -0.36723799 -0.45678201
1.94238698 -0.37334201 -0.45678201
1.44984806 0.39092800 -0.29328799
1.37519598 0.36616799 -0.27795199
1.42379904 0.37432399 -0.28753701
1.41546798 0.36738300 -0.28562000
1.41667902 0.36268699 -0.28562000
1.41781104 0.35823500 -0.28562000
1.41893005 0.35377899 -0.28562000
1.42003405 0.34931999 -0.28562000
1.43066204 0.34717101 -0.28753701
1.43174601 0.34267500 -0.28753701
1.43281496 0.33817500 -0.28753701
1.43387103 0.33367199 -0.28753701
1.45404398 0.33355501 -0.29137099
1.46465802 0.33114901 -0.29328799
1.49442995 0.33294901 -0.29903799
1.47629595 0.32404500 -0.29520500
1.49649203 0.32355300 -0.29903799
1.50710106 0.32089400 -0.30095500
1.49849606 0.31414399 -0.29903799
1.49947500 0.30943501 -0.29903799
1.51967597 0.30862901 -0.30287200
1.52063799 0.30385301 -0.30287200
1.50232506 0.29528901 -0.29903799
1.54179001 0.29801899 -0.30670601
1.52343500 0.28950799 -0.30287200
1.53398395 0.28652301 -0.30478901
1.52522397 0.27993101 -0.30287200
1.53575397 0.27687901 -0.30478901
1.54628098 0.27376500 -0.30670601
1.55680299 0.27058601 -0.30862299
1.53829598 0.26239300 -0.30478901
1.47135305 0.24621999 -0.29137099
1.53022897 0.25113299 -0.30287200
1.54069996 0.24788401 -0.30478901
1.54147100 0.24304201 -0.30478901
1.55192697 0.23969600 -0.30670601
1.56237602 0.23628700 -0.30862299
1.55340195 0.22994100 -0.30670601
1.55411696 0.22506000 -0.30670601
1.55481601 0.22017600 -0.30670601
1.55550003 0.21529000 -0.30670601
1.56589496 0.21171699 -0.30862299
1.56655300 0.20679700 -0.30862299
1.55745995 0.20062099 -0.30670601
1.56782103 0.19695000 -0.30862299
1.56843197 0.19202401 -0.30862299
1.57877302 0.18825699 -0.31053999
1.57935703 0.18329699 -0.31053999
1.57995605 0.17805800 -0.31053999
1.58050704 0.17309400 -0.31053999
1.59080303 0.16916600 -0.31245700
1.59132600 0.16416700 -0.31245700
1.62113202 0.16209599 -0.31820700
1.63140202 0.15794900 -0.32012400
1.62211800 0.15190700 -0.31820700
1.63236201 0.14769401 -0.32012400
1.62304103 0.14171200 -0.31820700
1.64303803 0.13825899 -0.32204100
1.63368201 0.13230400 -0.32012400
1.64387405 0.12793200 -0.32204100
1.64426804 0.12276700 -0.32204100
1.64464605 0.11760200 -0.32204100
1.64500701 0.11243400 -0.32204100
1.67473304 0.10918100 -0.32779199
1.65547705 0.10270300 -0.32395801
1.67538595 0.09865600 -0.32779199
1.68548703 0.09393900 -0.32970899
1.58776402 0.08348900 -0.31053999
1.64683402 0.08140800 -0.32204100
1.66668999 0.07714100 -0.32587501
1.65711796 0.07148200 -0.32395801
1.66714096 0.06666800 -0.32587501
1.66734302 0.06143000 -0.32587501
1.67733598 0.05652300 -0.32779199
1.67751503 0.05095900 -0.32779199
1.67766595 0.04568900 -0.32779199
1.69742501 0.04089200 -0.33162600
1.68773305 0.03535300 -0.32970899
1.68783498 0.03005000 -0.32970899
1.69773495 0.02489200 -0.33162600
1.70761895 0.01967100 -0.33354300
1.71748698 0.01438900 -0.33546001
1.71752298 0.00899300 -0.33546001
1.68809903 0.00353500 -0.32970899
1.71754599 -0.00179900 -0.33546001
1.70771694 -0.00715300 -0.33354300
1.72731495 -0.01266200 -0.33737701
1.73708403 -0.01788800 -0.33929399
1.73701501 -0.02364800 -0.33929399
1.73692703 -0.02940800 -0.33929399
1.73682594 -0.03486500 -0.33929399
1.75633895 -0.04047000 -0.34312701
1.74639201 -0.04573100 -0.34121001
1.76585996 -0.05179300 -0.34504399
1.76567900 -0.05764800 -0.34504399
1.76548898 -0.06319500 -0.34504399
1.76528203 -0.06874100 -0.34504399
1.77487600 -0.07438900 -0.34696099
1.74521899 -0.07864000 -0.34121001
1.77437305 -0.08554000 -0.34696099
1.79368305 -0.09243300 -0.35079500
1.80318403 -0.09860400 -0.35271201
1.80286503 -0.10426800 -0.35271201
1.80252898 -0.10993200 -0.35271201
1.80217397 -0.11559400 -0.35271201
1.82138705 -0.12257300 -0.35654601
1.82099295 -0.12829401 -0.35654601
1.82058096 -0.13401499 -0.35654601
1.82993698 -0.14048500 -0.35846299
1.82948601 -0.14623301 -0.35846299
1.83879900 -0.15279201 -0.36037999
1.84808803 -0.15941200 -0.36229599
1.82802701 -0.16346900 -0.35846299
1.83673406 -0.17588700 -0.36037999
1.84593904 -0.18262200 -0.36229599
1.86488402 -0.19041499 -0.36612999
1.86427605 -0.19627200 -0.36612999
1.87340796 -0.20318601 -0.36804700
1.88251400 -0.21016000 -0.36996400
1.89159501 -0.21719199 -0.37188101
1.88115597 -0.22198400 -0.36996400
1.89993596 -0.23025399 -0.37379801
1.89920402 -0.23622200 -0.37379801
1.91788101 -0.24500600 -0.37763199
1.84898102 -0.24211000 -0.36421299
1.88712096 -0.25313699 -0.37188101
1.89603996 -0.26039901 -0.37379801
1.89521205 -0.26635501 -0.37379801
1.91379595 -0.27509999 -0.37763199
1.92263198 -0.28253800 -0.37954900
1.92173505 -0.28857699 -0.37954900
1.92081904 -0.29461300 -0.37954900
1.91988397 -0.30064601 -0.37954900
1.92862201 -0.30822501 -0.38146600
1.93733001 -0.31586099 -0.38338199
1.95569205 -0.32516599 -0.38721600
1.93530798 -0.32802799 -0.38338199
1.93420899 -0.33444399 -0.38338199
1.94281495 -0.34222099 -0.38529900
1.95139003 -0.35005599 -0.38721600
1.95993602 -0.35794801 -0.38913301
1.95880198 -0.36410299 -0.38913301
1.96729195 -0.37207901 -0.39105001
1.95647502 -0.37640399 -0.38913301
1.95407200 -0.38868901 -0.38913301
1.46850598 0.39568400 -0.24191500
1.46974194 0.39106801 -0.24191500
1.44230902 0.37892100 -0.23720300
1.45305097 0.37686700 -0.23877300
1.44472504 0.36959901 -0.23720300
1.43630397 0.36264101 -0.23563200
1.44701898 0.36051399 -0.23720300
1.45773494 0.35832399 -0.23877300
1.44925594 0.35141501 -0.23720300
1.46956301 0.35145500 -0.24034400
1.45143497 0.34230301 -0.23720300
1.46212304 0.33997700 -0.23877300
1.46318305 0.33538300 -0.23877300
1.45459700 0.32860801 -0.23720300
1.48454201 0.33047399 -0.24191500
1.47592604 0.32369399 -0.24034400
1.48658895 0.32113999 -0.24191500
1.48758996 0.31646901 -0.24191500
1.49824297 0.31381801 -0.24348600
1.48954904 0.30711499 -0.24191500
1.50018501 0.30439800 -0.24348600
1.51081896 0.30161700 -0.24505700
1.50206804 0.29496601 -0.24348600
1.52238095 0.29399100 -0.24662800
1.51359499 0.28736499 -0.24505700
1.52419806 0.28442001 -0.24662800
1.51537001 0.27784899 -0.24505700
1.53567398 0.27658799 -0.24819900
1.51708603 0.26832300 -0.24505700
1.53738201 0.26693401 -0.24819900
1.52847695 0.26044399 -0.24662800
1.54876995 0.25889701 -0.24977000
1.57881296 0.25882301 -0.25448200
1.59911895 0.25699699 -0.25762400
1.63894105 0.25811699 -0.26390699
1.62022305 0.24995500 -0.26076600
1.62100101 0.24486400 -0.26076600
1.60222304 0.23688100 -0.25762400
1.63228095 0.23608799 -0.26233700
1.61345804 0.22819300 -0.25919500
1.65329802 0.22853200 -0.26547799
1.61486006 0.21805000 -0.25919500
1.65470099 0.21813899 -0.26547799
1.61619794 0.20790000 -0.25919500
1.62664199 0.20405100 -0.26076600
1.62727499 0.19893999 -0.26076600
1.64750504 0.19616100 -0.26390699
1.62849295 0.18871100 -0.26076600
1.67817903 0.18883200 -0.26862001
1.59040797 0.17389700 -0.25448200
1.61058795 0.17098400 -0.25762400
1.61111701 0.16592400 -0.25762400
1.61163104 0.16086200 -0.25762400
1.61212802 0.15579900 -0.25762400
1.61260998 0.15073299 -0.25762400
1.62291098 0.14655399 -0.25919500
1.63320196 0.14231201 -0.26076600
1.62380004 0.13635400 -0.25919500
1.61437595 0.13045700 -0.25762400
1.62462401 0.12614900 -0.25919500
1.63486099 0.12177700 -0.26076600
1.63523602 0.11664200 -0.26076600
1.62574100 0.11083200 -0.25919500
1.63593602 0.10636500 -0.26076600
1.66583300 0.10305400 -0.26547799
1.65629005 0.09724200 -0.26390699
1.64672697 0.09149000 -0.26233700
1.64700603 0.08631600 -0.26233700
1.72617996 0.08502900 -0.27490401
1.72643900 0.07960500 -0.27490401
1.72668004 0.07418100 -0.27490401
1.71703696 0.06836400 -0.27333301
1.75671995 0.06441600 -0.27961600
1.74704301 0.05856500 -0.27804500
1.72748494 0.05217600 -0.27490401
1.74738503 0.04728300 -0.27804500
1.73765194 0.04155700 -0.27647400
1.74764800 0.03630300 -0.27804500
1.76750195 0.03116000 -0.28118700
1.73796701 0.02517800 -0.27647400
1.77753794 0.02016700 -0.28275800
1.79734302 0.01474500 -0.28590000
1.78750503 0.00904700 -0.28432900
1.74802196 0.00335500 -0.27804500
1.73814797 -0.00212400 -0.27647400
1.72825694 -0.00754100 -0.27490401
1.72822499 -0.01297000 -0.27490401
1.73805404 -0.01820200 -0.27647400
1.74785900 -0.02410100 -0.27804500
1.72801995 -0.02955900 -0.27490401
1.74766695 -0.03538800 -0.27804500
1.74755394 -0.04057300 -0.27804500
1.74741805 -0.04606300 -0.27804500
1.75713599 -0.05184400 -0.27961600
1.75695395 -0.05767000 -0.27961600
1.75676501 -0.06319000 -0.27961600
1.76642597 -0.06909400 -0.28118700
1.77608001 -0.07475000 -0.28275800
1.83503103 -0.08300700 -0.29218301
1.79530394 -0.08686300 -0.28590000
1.83445704 -0.09485600 -0.29218301
1.81442702 -0.09953600 -0.28904101
1.81410599 -0.10523600 -0.28904101
1.81376600 -0.11093500 -0.28904101
1.81340897 -0.11663200 -0.28904101
1.81303298 -0.12232900 -0.28904101
1.81263995 -0.12802400 -0.28904101
1.83192694 -0.13517100 -0.29218301
1.83149397 -0.14092600 -0.29218301
1.83104205 -0.14667900 -0.29218301
1.84041405 -0.15324999 -0.29375401
1.83992302 -0.15903100 -0.29375401
1.83941495 -0.16481100 -0.29375401
1.84872103 -0.17150100 -0.29532501
1.91698802 -0.18391000 -0.30632100
1.89674604 -0.18798301 -0.30317900
1.92561996 -0.19695599 -0.30789199
1.92499101 -0.20300400 -0.30789199
1.93416202 -0.21011700 -0.30946299
1.93349195 -0.21619301 -0.30946299
1.92299294 -0.22113700 -0.30789199
1.96151900 -0.23181400 -0.31417599
1.94117296 -0.23559500 -0.31103399
1.96002400 -0.24413399 -0.31417599
1.91022301 -0.24436601 -0.30632100
1.93882203 -0.25421801 -0.31103399
1.91843796 -0.25767800 -0.30789199
1.91761899 -0.26370400 -0.30789199
1.92656100 -0.27110299 -0.30946299
1.93547404 -0.27856100 -0.31103399
1.92481899 -0.28320301 -0.30946299
1.92392004 -0.28924799 -0.30946299
1.93276298 -0.29679000 -0.31103399
1.93182099 -0.30286101 -0.31103399
1.93086004 -0.30892801 -0.31103399
1.95912099 -0.31976500 -0.31574601
1.95810699 -0.32591799 -0.31574601
1.96680999 -0.33372000 -0.31731701
1.95596099 -0.33855599 -0.31574601
1.95488799 -0.34469900 -0.31574601
1.97323596 -0.35433000 -0.31888801
1.97211301 -0.36052799 -0.31888801
1.96126199 -0.36491501 -0.31731701
1.97951198 -0.37474799 -0.32045901
1.97832501 -0.38096499 -0.32045901
1.97711897 -0.38717899 -0.32045901
1.43755805 0.38707599 -0.18330300
1.45795000 0.38765800 -0.18574700
1.41116202 0.37047499 -0.17963700
1.42192698 0.36852899 -0.18085900
1.41352499 0.36135399 -0.17963700
1.40503001 0.35448399 -0.17841500
1.41576803 0.35246599 -0.17963700
1.41686797 0.34801599 -0.17963700
1.43724597 0.34823701 -0.18208100
1.41902697 0.33910701 -0.17963700
1.42008495 0.33464801 -0.17963700
1.43079698 0.33243001 -0.18085900
1.44150901 0.33015001 -0.18208100
1.45221996 0.32780400 -0.18330300
1.45324302 0.32324100 -0.18330300
1.45425105 0.31867400 -0.18330300
1.45524502 0.31410301 -0.18330300
1.44651699 0.30746701 -0.18208100
1.45719004 0.30495399 -0.18330300
1.46786201 0.30237699 -0.18452500
1.46880496 0.29776400 -0.18452500
1.47946596 0.29508901 -0.18574700
1.49012494 0.29234999 -0.18696900
1.47154605 0.28390801 -0.18452500
1.48218203 0.28113300 -0.18574700
1.48305702 0.27647501 -0.18574700
1.50344396 0.27539101 -0.18819100
1.50430202 0.27066699 -0.18819100
1.49537098 0.26421300 -0.18696900
1.49619401 0.25951299 -0.18696900
1.49700201 0.25481200 -0.18696900
1.49779499 0.25010699 -0.18696900
1.53775096 0.25181699 -0.19185700
1.57773304 0.25327700 -0.19674499
1.57852101 0.24831900 -0.19674499
1.60872102 0.24789400 -0.20041101
1.60949194 0.24283800 -0.20041101
1.59061003 0.23488100 -0.19796699
1.60116303 0.23130199 -0.19918901
1.63136399 0.23043500 -0.20285501
1.62224805 0.22395200 -0.20163301
1.63277996 0.22018000 -0.20285501
1.61378300 0.21245900 -0.20041101
1.61444294 0.20738800 -0.20041101
1.65447903 0.20724900 -0.20529900
1.62556601 0.19844300 -0.20163301
1.62618101 0.19333400 -0.20163301
1.62678099 0.18822500 -0.20163301
1.63725901 0.18393800 -0.20285501
1.57862997 0.17233001 -0.19552299
1.57916403 0.16737001 -0.19552299
1.57968199 0.16240799 -0.19552299
1.59006000 0.15842900 -0.19674499
1.57079196 0.15152700 -0.19430099
1.58114195 0.14751300 -0.19552299
1.59148300 0.14343600 -0.19674499
1.58203804 0.13757600 -0.19552299
1.60224295 0.13426299 -0.19796699
1.59276402 0.12843101 -0.19674499
1.61294997 0.12495900 -0.19918901
1.60343695 0.11915500 -0.19796699
1.61370397 0.11482300 -0.19918901
1.61405599 0.10975200 -0.19918901
1.61439300 0.10468100 -0.19918901
1.61471403 0.09960900 -0.19918901
1.60511100 0.09395600 -0.19796699
1.61530805 0.08946200 -0.19918901
1.60566998 0.08386900 -0.19796699
1.65549099 0.08125600 -0.20407701
1.69539595 0.07787700 -0.20896500
1.71546495 0.07339900 -0.21140900
1.71568704 0.06801000 -0.21140900
1.71589196 0.06261900 -0.21140900
1.71607995 0.05722800 -0.21140900
1.73610198 0.05213300 -0.21385300
1.72633505 0.04641200 -0.21263100
1.72647297 0.04098900 -0.21263100
1.73651600 0.03576800 -0.21385300
1.72669601 0.03013900 -0.21263100
1.73670602 0.02485700 -0.21385300
1.74670005 0.01951200 -0.21507500
1.76660204 0.01418400 -0.21751900
1.74678802 0.00853600 -0.21507500
1.68725598 0.00294400 -0.20774300
1.70710695 -0.00238400 -0.21018700
1.70709097 -0.00774700 -0.21018700
1.70705903 -0.01311000 -0.21018700
1.71693397 -0.01858000 -0.21140900
1.71686304 -0.02427300 -0.21140900
1.71677804 -0.02966700 -0.21140900
1.72659898 -0.03526300 -0.21263100
1.71656501 -0.04015300 -0.21140900
1.71642995 -0.04554600 -0.21140900
1.71627796 -0.05093800 -0.21140900
1.72601998 -0.05695600 -0.21263100
1.72583199 -0.06237900 -0.21263100
1.74546301 -0.06857900 -0.21507500
1.73533499 -0.07333900 -0.21385300
1.73509598 -0.07879000 -0.21385300
1.75466704 -0.08520400 -0.21629700
1.82375705 -0.09462200 -0.22485200
1.82344997 -0.10035100 -0.22485200
1.82312596 -0.10607900 -0.22485200
1.85250294 -0.11362800 -0.22851799
1.85213697 -0.11944800 -0.22851799
1.84185004 -0.12459600 -0.22729599
1.85134995 -0.13108300 -0.22851799
1.85092902 -0.13689800 -0.22851799
1.85048997 -0.14271200 -0.22851799
1.85003197 -0.14852500 -0.22851799
1.84955704 -0.15433601 -0.22851799
1.86883903 -0.16185901 -0.23096199
1.79912400 -0.16151699 -0.22240800
1.83813798 -0.17084201 -0.22729599
1.82771206 -0.17566700 -0.22607400
1.83702803 -0.18238799 -0.22729599
1.84631896 -0.18917000 -0.22851799
1.84571600 -0.19497000 -0.22851799
1.85496104 -0.20184100 -0.22973999
1.85431802 -0.20766699 -0.22973999
1.86351597 -0.21462700 -0.23096199
1.86283302 -0.22048099 -0.23096199
1.87198305 -0.22752900 -0.23218399
1.87125897 -0.23340900 -0.23218399
1.86063004 -0.23835200 -0.23096199
1.85987198 -0.24419600 -0.23096199
1.88860500 -0.25400701 -0.23462801
1.93695903 -0.26670799 -0.24073800
1.93611205 -0.27279201 -0.24073800
1.93524504 -0.27887300 -0.24073800
1.94417906 -0.28639799 -0.24196000
1.93345499 -0.29102701 -0.24073800
1.96196103 -0.30162400 -0.24440400
1.96100295 -0.30778599 -0.24440400
1.96982706 -0.31551501 -0.24562600
1.97862101 -0.32330200 -0.24684800
1.98738599 -0.33114800 -0.24807000
1.90805602 -0.32409400 -0.23829401
1.93630898 -0.33550301 -0.24196000
1.93524599 -0.34158400 -0.24196000
1.95369995 -0.35117400 -0.24440400
1.94282401 -0.35552400 -0.24318200
1.95145500 -0.36344299 -0.24440400
1.95030296 -0.36957100 -0.24440400
1.44406295 0.38369599 -0.13213900
1.41635597 0.37157401 -0.12949599
1.42722404 0.36937100 -0.13037699
1.42837703 0.36488500 -0.13037699
1.42951596 0.36039600 -0.13037699
1.42097497 0.35349801 -0.12949599
1.43175197 0.35140699 -0.13037699
1.44253099 0.34925100 -0.13125800
1.44362104 0.34471801 -0.13125800
1.43500102 0.33789799 -0.13037699
1.45546103 0.33789301 -0.13213900
1.47593606 0.33776301 -0.13390100
1.53529203 0.34627399 -0.13918699
1.55581999 0.34577200 -0.14094900
1.55689800 0.34088299 -0.14094900
1.56769896 0.33808899 -0.14182900
1.55901003 0.33109301 -0.14094900
1.56004202 0.32619399 -0.14094900
1.58057201 0.32530701 -0.14271000
1.57182395 0.31836301 -0.14182900
1.59235406 0.31731701 -0.14359100
1.59334302 0.31231201 -0.14359100
1.60409701 0.30919099 -0.14447200
1.58548701 0.30044100 -0.14271000
1.60600805 0.29910600 -0.14447200
1.60694003 0.29405901 -0.14447200
1.60785604 0.28900900 -0.14447200
1.60875595 0.28395700 -0.14447200
1.60964000 0.27890101 -0.14447200
1.59086800 0.27050400 -0.14271000
1.53275800 0.25567099 -0.13742501
1.54338396 0.25246200 -0.13830601
1.52449799 0.24445800 -0.13654400
1.51541901 0.23812100 -0.13566300
1.53585005 0.23638999 -0.13742501
1.51688504 0.22859500 -0.13566300
1.53730500 0.22673500 -0.13742501
1.54786801 0.22332700 -0.13830601
1.54856205 0.21846300 -0.13830601
1.54924095 0.21359700 -0.13830601
1.54990399 0.20872900 -0.13830601
1.56042898 0.20515700 -0.13918699
1.56106496 0.20025399 -0.13918699
1.56168699 0.19534899 -0.13918699
1.57218099 0.19164599 -0.14006799
1.57277501 0.18670700 -0.14006799
1.56349003 0.18034901 -0.13918699
1.57394803 0.17654701 -0.14006799
1.56459200 0.17052200 -0.13918699
1.59483802 0.16874900 -0.14182900
1.66472399 0.17085800 -0.14799599
1.66525197 0.16562700 -0.14799599
1.69551003 0.16325900 -0.15063900
1.68609595 0.15700801 -0.14975800
1.70642304 0.15349500 -0.15152000
1.69697297 0.14727300 -0.15063900
1.68750095 0.14111000 -0.14975800
1.70779395 0.13740601 -0.15152000
1.70821798 0.13203999 -0.15152000
1.70862401 0.12667200 -0.15152000
1.71895003 0.12201000 -0.15240100
1.70938599 0.11593500 -0.15152000
1.71968198 0.11120600 -0.15240100
1.71008098 0.10519200 -0.15152000
1.73029101 0.10098000 -0.15328200
1.69081604 0.09334800 -0.14975800
1.67120600 0.08699900 -0.14799599
1.64162302 0.08028800 -0.14535300
1.64186704 0.07513100 -0.14535300
1.66199899 0.07082100 -0.14711501
1.66221297 0.06560000 -0.14711501
1.66241097 0.06037700 -0.14711501
1.66260302 0.05486300 -0.14711501
1.67272305 0.04993700 -0.14799599
1.66291404 0.04441600 -0.14711501
1.67300403 0.03942700 -0.14799599
1.67312002 0.03417000 -0.14799599
1.67321897 0.02891400 -0.14799599
1.69322205 0.02393900 -0.14975800
1.68332803 0.01851000 -0.14887699
1.68337798 0.01322200 -0.14887699
1.69337201 0.00798000 -0.14975800
1.69338906 0.00266000 -0.14975800
1.73323298 -0.00272300 -0.15328200
1.80294299 -0.00849600 -0.15944800
1.80290794 -0.01416000 -0.15944800
1.81281495 -0.01993400 -0.16032900
1.81273901 -0.02594500 -0.16032900
1.81264806 -0.03164000 -0.16032900
1.83245802 -0.03774500 -0.16209100
1.82237899 -0.04294700 -0.16121000
1.82223499 -0.04867200 -0.16121000
1.83202100 -0.05501300 -0.16209100
1.83183897 -0.06076800 -0.16209100
1.84159303 -0.06688400 -0.16297200
1.83142102 -0.07227700 -0.16209100
1.84115100 -0.07813300 -0.16297200
1.78119099 -0.08119500 -0.15768600
1.77096295 -0.08661500 -0.15680499
1.77068198 -0.09217800 -0.15680499
1.78032994 -0.09828900 -0.15768600
1.77006805 -0.10330100 -0.15680499
1.78961897 -0.11008500 -0.15856700
1.78926504 -0.11570700 -0.15856700
1.79883099 -0.12200100 -0.15944800
1.79843903 -0.12765200 -0.15944800
1.80796194 -0.13403800 -0.16032900
1.79760098 -0.13894901 -0.15944800
1.80708504 -0.14539500 -0.16032900
1.80661905 -0.15107100 -0.16032900
1.81605899 -0.15760700 -0.16121000
1.81555498 -0.16331200 -0.16121000
1.87454200 -0.17455600 -0.16649500
1.91364598 -0.18426301 -0.17001900
1.92297006 -0.19126000 -0.17090000
1.93226802 -0.19831701 -0.17178100
1.92173004 -0.20333900 -0.17090000
1.94088697 -0.21153300 -0.17266200
1.94021297 -0.21763000 -0.17266200
1.94941497 -0.22486500 -0.17354301
1.94869900 -0.23098899 -0.17354301
1.94796300 -0.23710901 -0.17354301
1.96693504 -0.24604100 -0.17530499
1.89699101 -0.24334700 -0.16913800
1.89621699 -0.24930499 -0.16913800
1.89542401 -0.25526100 -0.16913800
1.89461303 -0.26121399 -0.16913800
1.89378297 -0.26716501 -0.16913800
1.90279400 -0.27453601 -0.17001900
1.91177595 -0.28196600 -0.17090000
1.91088104 -0.28797001 -0.17090000
1.91981196 -0.29548699 -0.17178100
1.91887403 -0.30151701 -0.17178100
1.92775297 -0.30912101 -0.17266200
1.93660295 -0.31678399 -0.17354301
1.93559802 -0.32286599 -0.17354301
1.94433701 -0.33095500 -0.17442399
1.94328701 -0.33706099 -0.17442399
1.95202804 -0.34489799 -0.17530499
1.95093501 -0.35102901 -0.17530499
1.95962095 -0.35895100 -0.17618600
1.95848298 -0.36510500 -0.17618600
1.97689998 -0.37496901 -0.17794800
1.46584499 0.39414400 -0.07969100
1.48637903 0.39466199 -0.08074000
1.42965305 0.37479600 -0.07759400
1.44055605 0.37255299 -0.07811800
1.42236698 0.36308599 -0.07707000
1.43318498 0.36105499 -0.07759400
1.41492903 0.35173199 -0.07654500
1.43542504 0.35204300 -0.07759400
1.43652403 0.34753099 -0.07759400
1.43760896 0.34301701 -0.07759400
1.43867898 0.33849901 -0.07759400
1.43973601 0.33397701 -0.07759400
1.45051301 0.33167899 -0.07811800
1.51974106 0.34248799 -0.08178800
1.55980396 0.34637201 -0.08388500
1.57063997 0.34360400 -0.08441000
1.56194997 0.33656400 -0.08388500
1.57276797 0.33372799 -0.08441000
1.57380903 0.32878599 -0.08441000
1.57483399 0.32383999 -0.08441000
1.56605601 0.31691000 -0.08388500
1.57683802 0.31393799 -0.08441000
1.57781601 0.30898300 -0.08441000
1.58858502 0.30591401 -0.08493400
1.57972705 0.29906401 -0.08441000
1.59047604 0.29592600 -0.08493400
1.58157396 0.28913200 -0.08441000
1.60213304 0.28769201 -0.08545800
1.60302901 0.28265801 -0.08545800
1.60390902 0.27761999 -0.08545800
1.58508301 0.26923499 -0.08441000
1.55636895 0.25933000 -0.08283700
1.55717599 0.25443900 -0.08283700
1.53824699 0.24638800 -0.08178800
1.53901398 0.24155299 -0.08178800
1.53976500 0.23671800 -0.08178800
1.55037606 0.23336500 -0.08231200
1.54122198 0.22703800 -0.08178800
1.54192698 0.22219600 -0.08178800
1.56239498 0.22013600 -0.08283700
1.55318606 0.21386400 -0.08231200
1.56374705 0.21031500 -0.08283700
1.55449903 0.20410199 -0.08231200
1.56503797 0.20048600 -0.08283700
1.55575097 0.19433001 -0.08231200
1.57617998 0.19185500 -0.08336100
1.57677495 0.18690200 -0.08336100
1.58730602 0.18281600 -0.08388500
1.58787298 0.17782800 -0.08388500
1.57849598 0.17175800 -0.08336100
1.57902801 0.16679800 -0.08336100
1.64908397 0.16896200 -0.08703100
1.68935597 0.16772699 -0.08912800
1.68987501 0.16241901 -0.08912800
1.68043303 0.15618500 -0.08860400
1.69086206 0.15179700 -0.08912800
1.70127904 0.14734700 -0.08965200
1.70173395 0.14200100 -0.08965200
1.71212602 0.13745400 -0.09017700
1.71254897 0.13207400 -0.09017700
1.71295595 0.12669300 -0.09017700
1.71334505 0.12131200 -0.09017700
1.72368097 0.11660200 -0.09070100
1.73400497 0.11182900 -0.09122500
1.73434699 0.10638100 -0.09122500
1.74464202 0.10151200 -0.09175000
1.69509697 0.09328700 -0.08912800
1.66546297 0.08640900 -0.08755500
1.66572595 0.08117600 -0.08755500
1.65599704 0.07548800 -0.08703100
1.66620302 0.07070900 -0.08755500
1.66641700 0.06547400 -0.08755500
1.66661501 0.06023800 -0.08755500
1.68676698 0.05536600 -0.08860400
1.66696894 0.04947400 -0.08755500
1.67709899 0.04450200 -0.08808000
1.68721402 0.03946700 -0.08860400
1.68733001 0.03416600 -0.08860400
1.69741404 0.02903500 -0.08912800
1.69749606 0.02370300 -0.08912800
1.69756198 0.01837000 -0.08912800
1.69761205 0.01303700 -0.08912800
1.70763099 0.00774900 -0.08965200
1.69765997 0.00237000 -0.08912800
1.74759102 -0.00305000 -0.09175000
1.79750299 -0.00878400 -0.09437100
1.81743801 -0.01459200 -0.09542000
1.80739796 -0.02019000 -0.09489500
1.83727705 -0.02661700 -0.09646800
1.81721401 -0.03203700 -0.09542000
1.83707297 -0.03816000 -0.09646800
1.82696795 -0.04337400 -0.09594400
1.83680606 -0.04938200 -0.09646800
1.84661400 -0.05577400 -0.09699200
1.86639094 -0.06224100 -0.09804100
1.84622705 -0.06737500 -0.09699200
1.86596298 -0.07396600 -0.09804100
1.85575795 -0.07907700 -0.09751700
1.80562103 -0.08262400 -0.09489500
1.76543999 -0.08665300 -0.09279800
1.78510499 -0.09324100 -0.09384700
1.78480303 -0.09884900 -0.09384700
1.78448403 -0.10445500 -0.09384700
1.78414702 -0.11006100 -0.09384700
1.80372298 -0.11695800 -0.09489500
1.80334604 -0.12262400 -0.09489500
1.80295205 -0.12828800 -0.09489500
1.81249905 -0.13469200 -0.09542000
1.82202303 -0.14115700 -0.09594400
1.83152497 -0.14768299 -0.09646800
1.82110000 -0.15260200 -0.09594400
1.82061195 -0.15832201 -0.09594400
1.82010603 -0.16404100 -0.09594400
1.88918304 -0.17625199 -0.09961400
1.92838001 -0.18602200 -0.10171100
1.92778599 -0.19207899 -0.10171100
1.93710697 -0.19915600 -0.10223500
1.92654097 -0.20418800 -0.10171100
1.93581796 -0.21132299 -0.10223500
1.95499206 -0.21963300 -0.10328400
1.95429206 -0.22577401 -0.10328400
1.96349001 -0.23308900 -0.10380800
1.96274805 -0.23925699 -0.10380800
1.97185302 -0.24700500 -0.10433200
1.92154300 -0.24683701 -0.10171100
1.89105499 -0.24896200 -0.10013800
1.90015996 -0.25623599 -0.10066200
1.90923905 -0.26357001 -0.10118700
1.91828895 -0.27096400 -0.10171100
1.91742802 -0.27698901 -0.10171100
1.91654897 -0.28301099 -0.10171100
1.93539906 -0.29201099 -0.10276000
1.92460299 -0.29656899 -0.10223500
1.93352604 -0.30416501 -0.10276000
1.93256104 -0.31023800 -0.10276000
1.94143200 -0.31792200 -0.10328400
1.94042397 -0.32401901 -0.10328400
1.93933797 -0.33045200 -0.10328400
1.94813001 -0.33825201 -0.10380800
1.95689094 -0.34610900 -0.10433200
1.96562195 -0.35402501 -0.10485700
1.96449995 -0.36019900 -0.10485700
1.98299301 -0.37003201 -0.10590500
1.98181999 -0.37626001 -0.10590500
1.45935094 0.38694000 -0.02595000
1.47023201 0.38488600 -0.02612200
1.44239199 0.37275901 -0.02560600
1.43386805 0.36575499 -0.02543400
1.43507302 0.36099800 -0.02543400
1.44590402 0.35889599 -0.02560600
1.44702399 0.35435200 -0.02560600
1.44813001 0.34980401 -0.02560600
1.44922197 0.34525299 -0.02560600
1.45029902 0.34069899 -0.02560600
1.46110296 0.33839700 -0.02577800
1.46215904 0.33380401 -0.02577800
1.46320105 0.32921001 -0.02577800
1.46422803 0.32461199 -0.02577800
1.47500801 0.32214400 -0.02595000
1.47601295 0.31750801 -0.02595000
1.48678505 0.31494099 -0.02612200
1.47797894 0.30822799 -0.02595000
1.48873401 0.30559301 -0.02612200
1.47988701 0.29893500 -0.02595000
1.49062502 0.29623300 -0.02612200
1.49154902 0.29154801 -0.02612200
1.50227594 0.28874901 -0.02629400
1.50317502 0.28402799 -0.02629400
1.50406003 0.27930501 -0.02629400
1.50493002 0.27457801 -0.02629400
1.51562703 0.27161199 -0.02646600
1.51647305 0.26684999 -0.02646600
1.51730394 0.26208401 -0.02646600
1.52797794 0.25898600 -0.02663700
1.50905800 0.25090501 -0.02629400
1.53944302 0.25099000 -0.02680900
1.57971704 0.25246501 -0.02749700
1.62001503 0.25368801 -0.02818400
1.62080395 0.24859600 -0.02818400
1.61168897 0.24201900 -0.02801200
1.64211798 0.24131601 -0.02852800
1.61317801 0.23188800 -0.02801200
1.63370097 0.22960199 -0.02835600
1.61460304 0.22174700 -0.02801200
1.63511097 0.21933199 -0.02835600
1.63579202 0.21419500 -0.02835600
1.64637494 0.21032199 -0.02852800
1.64702797 0.20514800 -0.02852800
1.64766395 0.19997200 -0.02852800
1.65821397 0.19596900 -0.02870000
1.64888799 0.18961699 -0.02852800
1.66934896 0.18665799 -0.02887100
1.64013803 0.17788599 -0.02835600
1.62080204 0.17063899 -0.02801200
1.58154202 0.16148400 -0.02732500
1.59199202 0.15749900 -0.02749700
1.59247899 0.15249600 -0.02749700
1.60290599 0.14841500 -0.02766900
1.60336399 0.14337800 -0.02766900
1.60380697 0.13834099 -0.02766900
1.61419797 0.13413000 -0.02784000
1.62457800 0.12985399 -0.02801200
1.62497795 0.12475000 -0.02801200
1.62536204 0.11964400 -0.02801200
1.63570297 0.11524100 -0.02818400
1.64603305 0.11077200 -0.02835600
1.64637303 0.10560000 -0.02835600
1.64669704 0.10042800 -0.02835600
1.65698600 0.09583200 -0.02852800
1.64729500 0.09008000 -0.02835600
1.64757001 0.08490400 -0.02835600
1.67778897 0.08117700 -0.02887100
1.71798897 0.07771300 -0.02955900
1.73820400 0.07315700 -0.02990300
1.75840700 0.06847400 -0.03024600
1.74862194 0.06259100 -0.03007400
1.75880301 0.05742300 -0.03024600
1.76896906 0.05219300 -0.03041800
1.75913703 0.04606500 -0.03024600
1.77926505 0.04099800 -0.03059000
1.77938497 0.03540900 -0.03059000
1.77948701 0.02981800 -0.03059000
1.78956997 0.02436400 -0.03076200
1.76964200 0.01853300 -0.03041800
1.78968799 0.01311900 -0.03076200
1.78972006 0.00749700 -0.03076200
1.71974504 0.00180100 -0.02955900
1.72974098 -0.00362300 -0.02973100
1.71972406 -0.00870400 -0.02955900
1.71968806 -0.01410700 -0.02955900
1.71963501 -0.01950900 -0.02955900
1.72955894 -0.02535800 -0.02973100
1.72947001 -0.03079200 -0.02973100
1.74935806 -0.03664400 -0.03007400
1.74923396 -0.04213900 -0.03007400
1.74909306 -0.04763500 -0.03007400
1.74893498 -0.05312900 -0.03007400
1.74875903 -0.05862300 -0.03007400
1.75855803 -0.06448300 -0.03024600
1.75834703 -0.07000800 -0.03024600
1.75811803 -0.07553100 -0.03024600
1.74788499 -0.08059400 -0.03007400
1.79755497 -0.08854400 -0.03093400
1.85717702 -0.09733100 -0.03196500
1.86682701 -0.10404500 -0.03213700
1.84652805 -0.10873400 -0.03179300
1.85615695 -0.11515300 -0.03196500
1.87574100 -0.12228500 -0.03230900
1.87534702 -0.12817700 -0.03230900
1.88490796 -0.13478100 -0.03248000
1.90441704 -0.14219099 -0.03282400
1.88402402 -0.14662200 -0.03248000
1.90348601 -0.15415400 -0.03282400
1.90299201 -0.16013300 -0.03282400
1.91244102 -0.16698100 -0.03299600
1.85215902 -0.16758201 -0.03196500
1.85162401 -0.17340000 -0.03196500
1.85107005 -0.17921600 -0.03196500
1.86044705 -0.18602499 -0.03213700
1.84990704 -0.19084300 -0.03196500
1.84929895 -0.19665401 -0.03196500
1.84867203 -0.20246200 -0.03196500
1.85796201 -0.20938900 -0.03213700
1.87715900 -0.21752700 -0.03248000
1.87646699 -0.22342300 -0.03248000
1.88567996 -0.23052999 -0.03265200
1.88494694 -0.23645300 -0.03265200
1.88419402 -0.24237400 -0.03265200
1.90320504 -0.25123799 -0.03299600
1.93213201 -0.26123399 -0.03351200
1.97091806 -0.27278599 -0.03419900
1.96015203 -0.27757499 -0.03402700
1.99885094 -0.28946301 -0.03471500
1.99793196 -0.29574201 -0.03471500
1.98710704 -0.30052200 -0.03454300
1.98615301 -0.30676299 -0.03454300
2.00493193 -0.31611499 -0.03488600
2.00392890 -0.32241300 -0.03488600
2.01277304 -0.33032599 -0.03505800
1.98214102 -0.33169699 -0.03454300
1.96137702 -0.33456001 -0.03419900
1.96031594 -0.34072000 -0.03419900
1.96902096 -0.34896299 -0.03437100
1.96791506 -0.35514799 -0.03437100
1.97662306 -0.36313501 -0.03454300
1.98530102 -0.37118000 -0.03471500
1.46843505 0.39841500 0.29574600
1.49812400 0.40142199 0.30147001
1.45192897 0.38415799 0.29192999
1.50061703 0.39199999 0.30147001
1.46381998 0.37747899 0.29383799
1.47457695 0.37504300 0.29574600
1.47574794 0.37040901 0.29574600
1.46737599 0.36341101 0.29383799
1.46851003 0.35879800 0.29383799
1.47917295 0.35648301 0.29574600
1.48028600 0.35183501 0.29574600
1.48138404 0.34718299 0.29574600
1.48246706 0.34252700 0.29574600
1.49310696 0.34004700 0.29765400
1.49416804 0.33535600 0.29765400
1.49521399 0.33065999 0.29765400
1.49624598 0.32596099 0.29765400
1.49726200 0.32125899 0.29765400
1.51747298 0.32061100 0.30147001
1.51847196 0.31584299 0.30147001
1.50984001 0.30910200 0.29956201
1.52042699 0.30629501 0.30147001
1.51175296 0.29960901 0.29956201
1.52232099 0.29673699 0.30147001
1.53288698 0.29380101 0.30337799
1.52415597 0.28716600 0.30147001
1.52505100 0.28237599 0.30147001
1.53558803 0.27934000 0.30337799
1.53645802 0.27451500 0.30337799
1.53731298 0.26968700 0.30337799
1.53815198 0.26485601 0.30337799
1.54865599 0.26165700 0.30528599
1.54946995 0.25679100 0.30528599
1.55026901 0.25192201 0.30528599
1.55105305 0.24705100 0.30528599
1.55182195 0.24217600 0.30528599
1.55257499 0.23729999 0.30528599
1.56302094 0.23387399 0.30719399
1.56374800 0.22896300 0.30719399
1.56446004 0.22404900 0.30719399
1.56515598 0.21913300 0.30719399
1.57556200 0.21554500 0.30910200
1.57623196 0.21059400 0.30910200
1.58661902 0.20691100 0.31101000
1.57752395 0.20068599 0.30910200
1.59763002 0.19814600 0.31291801
1.58849895 0.19194800 0.31101000
1.59884298 0.18810400 0.31291801
1.59942603 0.18308000 0.31291801
1.60002398 0.17777500 0.31291801
1.60057497 0.17274800 0.31291801
1.60110998 0.16771799 0.31291801
1.61139500 0.16367900 0.31482601
1.61190104 0.15861700 0.31482601
1.61239100 0.15355100 0.31482601
1.63241601 0.15028501 0.31864199
1.62310195 0.14428601 0.31673399
1.63332796 0.14002600 0.31864199
1.63375998 0.13489400 0.31864199
1.64396095 0.13053700 0.32054999
1.65415096 0.12611800 0.32245800
1.65453899 0.12092100 0.32245800
1.65490997 0.11572300 0.32245800
1.65526605 0.11052300 0.32245800
1.65560496 0.10532200 0.32245800
1.66572595 0.10071300 0.32436699
1.65623403 0.09491800 0.32245800
1.66632605 0.09024500 0.32436699
1.66660094 0.08501000 0.32436699
1.66685998 0.07977300 0.32436699
1.67690897 0.07497500 0.32627499
1.68694401 0.07011400 0.32818300
1.68715596 0.06481400 0.32818300
1.68735099 0.05951300 0.32818300
1.68753004 0.05421200 0.32818300
1.68770003 0.04861600 0.32818300
1.70747101 0.04381700 0.33199900
1.70760000 0.03845300 0.33199900
1.70771301 0.03308800 0.33199900
1.72743797 0.02804100 0.33581501
1.71770203 0.02248600 0.33390701
1.72757995 0.01718700 0.33581501
1.72762597 0.01176000 0.33581501
1.72765398 0.00633200 0.33581501
1.72766495 0.00090400 0.33581501
1.72765994 -0.00452300 0.33581501
1.74726903 -0.01006400 0.33963099
1.74723196 -0.01524800 0.33963099
1.74717498 -0.02073700 0.33963099
1.75691199 -0.02668000 0.34153900
1.76662803 -0.03268700 0.34344700
1.75671005 -0.03771800 0.34153900
1.76639605 -0.04347800 0.34344700
1.77606297 -0.04930000 0.34535500
1.77589905 -0.05487900 0.34535500
1.78551805 -0.06110400 0.34726301
1.79512703 -0.06707900 0.34917101
1.78511095 -0.07201000 0.34726301
1.79468298 -0.07804400 0.34917101
1.79442894 -0.08368200 0.34917101
1.81376600 -0.09029500 0.35298699
1.80365396 -0.09578800 0.35107899
1.81314504 -0.10200500 0.35298699
1.82261503 -0.10828300 0.35489500
1.83206296 -0.11462200 0.35680300
1.82189798 -0.11973300 0.35489500
1.84109902 -0.12680499 0.35871100
1.83090103 -0.13188300 0.35680300
1.85005498 -0.13910601 0.36061901
1.83982301 -0.14415100 0.35871100
1.85892797 -0.15152501 0.36252701
1.84866202 -0.15653600 0.36061901
1.85793900 -0.16320200 0.36252701
1.85741794 -0.16903800 0.36252701
1.86664999 -0.17579301 0.36443499
1.86608899 -0.18165600 0.36443499
1.87527597 -0.18850000 0.36634299
1.87467504 -0.19439000 0.36634299
1.88381505 -0.20132200 0.36825100
1.89293098 -0.20831300 0.37015900
1.90202105 -0.21536300 0.37206700
1.91108596 -0.22247200 0.37397599
1.91037703 -0.22847500 0.37397599
1.91939294 -0.23567200 0.37588400
1.92838299 -0.24292800 0.37779200
1.91783094 -0.24806200 0.37588400
1.92677402 -0.25537500 0.37779200
1.93568897 -0.26274800 0.37970001
1.93485403 -0.26882699 0.37970001
1.95343697 -0.27766699 0.38351601
1.95255494 -0.28380299 0.38351601
1.96136403 -0.29137799 0.38542399
1.96043801 -0.29753900 0.38542399
1.97889495 -0.30670300 0.38924000
1.97792196 -0.31291801 0.38924000
1.97692895 -0.31913000 0.38924000
1.98560202 -0.32693401 0.39114800
1.99424601 -0.33479601 0.39305601
1.99318504 -0.34105900 0.39305601
2.00171304 -0.34935501 0.39496401
2.00060511 -0.35564199 0.39496401
2.00913811 -0.36367300 0.39687201
2.00681305 -0.37628999 0.39687201
2.00562096 -0.38259301 0.39687201
1.45849299 0.39544401 0.23942401
1.45972800 0.39085999 0.23942401
1.46094799 0.38627201 0.23942401
1.46215498 0.38168001 0.23942401
1.46334696 0.37708500 0.23942401
1.46458900 0.37222999 0.23942401
1.46575105 0.36762801 0.23942401
1.46689904 0.36302099 0.23942401
1.46803200 0.35841000 0.23942401
1.47875297 0.35610899 0.24098900
1.48947406 0.35374400 0.24255399
1.48096097 0.34681100 0.24098900
1.48204398 0.34215701 0.24098900
1.50237203 0.34188199 0.24411801
1.49380100 0.33500001 0.24255399
1.50449097 0.33243600 0.24411801
1.49587703 0.32560700 0.24255399
1.50654995 0.32297599 0.24411801
1.50755703 0.31824100 0.24411801
1.49887896 0.31149501 0.24255399
1.50952697 0.30876300 0.24411801
1.51048899 0.30401900 0.24411801
1.51143706 0.29927301 0.24411801
1.51236999 0.29452300 0.24411801
1.52298796 0.29162800 0.24568300
1.52389705 0.28684199 0.24568300
1.53450298 0.28384900 0.24724799
1.53538704 0.27902699 0.24724799
1.53625596 0.27420199 0.24724799
1.53710902 0.26937500 0.24724799
1.53794801 0.26454401 0.24724799
1.53877199 0.25971100 0.24724799
1.53957999 0.25487599 0.24724799
1.55012202 0.25162101 0.24881300
1.59967601 0.25450900 0.25663701
1.61022604 0.25100300 0.25820199
1.60124302 0.24445200 0.25663701
1.61177194 0.24088100 0.25820199
1.62229300 0.23724601 0.25976700
1.61325300 0.23074900 0.25820199
1.61397004 0.22567999 0.25820199
1.61467099 0.22060800 0.25820199
1.62514699 0.21684100 0.25976700
1.62582004 0.21173400 0.25976700
1.62647700 0.20662500 0.25976700
1.63691998 0.20272900 0.26133201
1.62774301 0.19640200 0.25976700
1.64797103 0.19359200 0.26289701
1.63875794 0.18729299 0.26133201
1.63936996 0.18185700 0.26133201
1.60065305 0.17247300 0.25507200
1.62083399 0.16949800 0.25820199
1.61153197 0.16340899 0.25663701
1.62186694 0.15931100 0.25820199
1.61252701 0.15328000 0.25663701
1.63267100 0.15002100 0.25976700
1.62329602 0.14401799 0.25820199
1.64342201 0.14060301 0.26133201
1.64385605 0.13543899 0.26133201
1.65411901 0.13105300 0.26289701
1.65452302 0.12585600 0.26289701
1.65490997 0.12065800 0.26289701
1.66513395 0.11614500 0.26446199
1.65563500 0.11025800 0.26289701
1.66583097 0.10568100 0.26446199
1.66615403 0.10044700 0.26446199
1.66646194 0.09521200 0.26446199
1.67661500 0.09050900 0.26602599
1.66702700 0.08474000 0.26446199
1.67715096 0.07997200 0.26602599
1.68726099 0.07514300 0.26759100
1.68748796 0.06984200 0.26759100
1.69756901 0.06491700 0.26915601
1.69776499 0.05958400 0.26915601
1.69794297 0.05425000 0.26915601
1.69811404 0.04861900 0.26915601
1.69825804 0.04328400 0.26915601
1.70826006 0.03816900 0.27072099
1.71824706 0.03299200 0.27228600
1.72821701 0.02775200 0.27385101
1.71842003 0.02219500 0.27228600
1.71848094 0.01679700 0.27228600
1.72840202 0.01146300 0.27385101
1.73830605 0.00606800 0.27541599
1.73831701 0.00060600 0.27541599
1.73830998 -0.00485400 0.27541599
1.73828602 -0.01031500 0.27541599
1.74812496 -0.01556100 0.27698100
1.74806297 -0.02135800 0.27698100
1.76773405 -0.02746100 0.28011000
1.75776398 -0.03283000 0.27854499
1.76753294 -0.03825900 0.28011000
1.76740396 -0.04381200 0.28011000
1.77713096 -0.04964000 0.28167501
1.77696598 -0.05522300 0.28167501
1.79651499 -0.06179400 0.28480500
1.78644300 -0.06706700 0.28323999
1.79610395 -0.07276700 0.28480500
1.79586697 -0.07840900 0.28480500
1.79561198 -0.08405100 0.28480500
1.80520296 -0.09018400 0.28637001
1.81475699 -0.09669500 0.28793499
1.82430506 -0.10295300 0.28949901
1.82397294 -0.10868300 0.28949901
1.82362294 -0.11441300 0.28949901
1.83310997 -0.12079100 0.29106399
1.84257400 -0.12723000 0.29262900
1.84216595 -0.13301800 0.29262900
1.84173906 -0.13880400 0.29262900
1.84129405 -0.14459001 0.29262900
1.85067403 -0.15117800 0.29419401
1.85019004 -0.15699100 0.29419401
1.85952699 -0.16366901 0.29575899
1.85900295 -0.16951001 0.29575899
1.86829495 -0.17627700 0.29732400
1.87756205 -0.18310399 0.29888901
1.86714995 -0.18801200 0.29732400
1.87637401 -0.19489700 0.29888901
1.88557303 -0.20184299 0.30045301
1.89474702 -0.20884700 0.30201799
1.90389597 -0.21591200 0.30358300
1.90320802 -0.22189200 0.30358300
1.91230798 -0.22904500 0.30514801
1.92138195 -0.23625600 0.30671301
1.92063105 -0.24229200 0.30671301
1.91981602 -0.24865900 0.30671301
1.93860805 -0.25728801 0.30984300
1.93779004 -0.26337701 0.30984300
1.93695295 -0.26946399 0.30984300
1.94587505 -0.27693900 0.31140801
1.95476902 -0.28447300 0.31297201
1.96363497 -0.29206601 0.31453699
1.95294297 -0.29675001 0.31297201
1.97152102 -0.30591199 0.31610200
1.97055101 -0.31210500 0.31610200
1.98906100 -0.32144499 0.31923199
1.97829604 -0.32608601 0.31766701
1.99674201 -0.33557299 0.32079700
1.98594296 -0.34017700 0.31923199
1.99453402 -0.34846100 0.32079700
1.99342895 -0.35472500 0.32079700
2.00202298 -0.36274701 0.32236201
1.95971000 -0.37418899 0.31610200
1.47417104 0.40439400 0.18678001
1.43711102 0.38937700 0.18192799
1.46709299 0.39255801 0.18556701
1.45872295 0.38541099 0.18435401
1.46953106 0.38333201 0.18556701
1.47072804 0.37871301 0.18556701
1.47197604 0.37383401 0.18556701
1.46351504 0.36679500 0.18435401
1.47429597 0.36457801 0.18556701
1.47543395 0.35994399 0.18556701
1.47655702 0.35530800 0.18556701
1.47766602 0.35066700 0.18556701
1.48842597 0.34828499 0.18678001
1.48951197 0.34360701 0.18678001
1.49058497 0.33892599 0.18678001
1.50132799 0.33641300 0.18799300
1.50237703 0.33169401 0.18799300
1.50341201 0.32697201 0.18799300
1.50443196 0.32224801 0.18799300
1.50543702 0.31751901 0.18799300
1.51614594 0.31480700 0.18920501
1.51712704 0.31004199 0.18920501
1.51809394 0.30527401 0.18920501
1.51904500 0.30050400 0.18920501
1.52972496 0.29762599 0.19041800
1.52090299 0.29095399 0.18920501
1.52181005 0.28617400 0.18920501
1.54222298 0.28499901 0.19163100
1.53334498 0.27837899 0.19041800
1.54398406 0.27530399 0.19163100
1.55461800 0.27216399 0.19284400
1.53590000 0.26391599 0.19041800
1.53672194 0.25908899 0.19041800
1.54732096 0.25588000 0.19163100
1.53831899 0.24942900 0.19041800
1.58811104 0.25238499 0.19648300
1.59870398 0.24892101 0.19769500
1.57985306 0.24090500 0.19527000
1.59041905 0.23740600 0.19648300
1.61080098 0.23527800 0.19890800
1.60170603 0.22881199 0.19769500
1.60241699 0.22377899 0.19769500
1.60311198 0.21874399 0.19769500
1.61363006 0.21501800 0.19890800
1.61429799 0.20994700 0.19890800
1.59525502 0.20237599 0.19648300
1.60573399 0.19858199 0.19769500
1.62606001 0.19591101 0.20012100
1.63652599 0.19195800 0.20133400
1.61739600 0.18456499 0.19890800
1.62786496 0.18029299 0.20012100
1.61855495 0.17411700 0.19890800
1.62896597 0.17006101 0.20012100
1.63936806 0.16594300 0.20133400
1.62012398 0.15885501 0.19890800
1.63049698 0.15470099 0.20012100
1.64085901 0.15048499 0.20133400
1.64132404 0.14532900 0.20133400
1.64177203 0.14017200 0.20133400
1.64220500 0.13501400 0.20133400
1.65251601 0.13063601 0.20254700
1.65291798 0.12544399 0.20254700
1.66320395 0.12097100 0.20376000
1.66357601 0.11574500 0.20376000
1.66393101 0.11051800 0.20376000
1.67417705 0.10591700 0.20497300
1.67450094 0.10065700 0.20497300
1.67480898 0.09539600 0.20497300
1.67510104 0.09013400 0.20497300
1.66546202 0.08436900 0.20376000
1.68554902 0.08007800 0.20618500
1.68579197 0.07478200 0.20618500
1.71577203 0.07071300 0.20982400
1.68622899 0.06418900 0.20618500
1.71618199 0.05993100 0.20982400
1.73620498 0.05516900 0.21224999
1.71653402 0.04884700 0.20982400
1.70675600 0.04320300 0.20861100
1.71680701 0.03806000 0.20982400
1.73676705 0.03304500 0.21224999
1.74678695 0.02774500 0.21346299
1.74686503 0.02225800 0.21346299
1.74692702 0.01677000 0.21346299
1.73704505 0.01121700 0.21224999
1.71721900 0.00569500 0.20982400
1.74700701 0.00030500 0.21346299
1.74699903 -0.00518300 0.21346299
1.74697399 -0.01067200 0.21346299
1.75686097 -0.01594500 0.21467499
1.76672399 -0.02189400 0.21588799
1.77656603 -0.02790900 0.21710099
1.77646995 -0.03349000 0.21710099
1.77636302 -0.03876000 0.21710099
1.78615499 -0.04458800 0.21831401
1.78600597 -0.05020000 0.21831401
1.79576099 -0.05612000 0.21952701
1.80548501 -0.06241800 0.22074001
1.79536104 -0.06771600 0.21952701
1.80507100 -0.07344600 0.22074001
1.78499806 -0.07824700 0.21831401
1.79465795 -0.08432000 0.21952701
1.82412601 -0.09144900 0.22316501
1.82381201 -0.09749700 0.22316501
1.83340704 -0.10378700 0.22437800
1.84298098 -0.11013900 0.22559100
1.84262598 -0.11592800 0.22559100
1.85215700 -0.12237100 0.22680400
1.82205606 -0.12613200 0.22316501
1.86125195 -0.13472199 0.22801700
1.86081898 -0.14056900 0.22801700
1.87026405 -0.14719300 0.22923000
1.87968600 -0.15387800 0.23044300
1.84952104 -0.15725900 0.22680400
1.86879396 -0.16481300 0.22923000
1.86826706 -0.17068300 0.22923000
1.86772096 -0.17655200 0.22923000
1.88691604 -0.18434900 0.23165500
1.88632703 -0.19027600 0.23165500
1.89559305 -0.19722800 0.23286800
1.89496398 -0.20318200 0.23286800
1.90418303 -0.21022400 0.23408100
1.91337597 -0.21732500 0.23529400
1.91268301 -0.22333500 0.23529400
1.92182803 -0.23052500 0.23650700
1.93094599 -0.23777500 0.23772000
1.92034101 -0.24259600 0.23650700
1.89983904 -0.24640900 0.23408100
1.92857504 -0.25629899 0.23772000
1.95726597 -0.26637200 0.24135800
1.93675697 -0.26978099 0.23893200
1.95555401 -0.27866501 0.24135800
1.95466900 -0.28480700 0.24135800
1.96358299 -0.29240799 0.24257100
1.94302797 -0.29559001 0.24014500
1.97151506 -0.30626401 0.24378400
1.95093596 -0.30934700 0.24135800
1.95975304 -0.31705999 0.24257100
1.98812902 -0.32806301 0.24620999
1.98708797 -0.33430699 0.24620999
1.99581099 -0.34222600 0.24742199
1.99466598 -0.34884200 0.24742199
2.00333190 -0.35684800 0.24863499
2.01196790 -0.36491099 0.24984799
2.00105000 -0.36942801 0.24863499
2.00963593 -0.37754500 0.24984799
1.97918999 -0.37826699 0.24620999
1.43522704 0.37893501 0.12895800
1.45569205 0.37944999 0.13068900
1.45687604 0.37487501 0.13068900
1.46776795 0.37249300 0.13155399
1.46893096 0.36787999 0.13155399
1.47007895 0.36326301 0.13155399
1.46153402 0.35628301 0.13068900
1.46264601 0.35168999 0.13068900
1.48313105 0.35169101 0.13242000
1.47452796 0.34476101 0.13155399
1.49502003 0.34460300 0.13328500
1.48637998 0.33769700 0.13242000
1.50687695 0.33737999 0.13415100
1.54684401 0.34122801 0.13761300
1.55764401 0.33848199 0.13847800
1.55869901 0.33358699 0.13847800
1.55973995 0.32868800 0.13847800
1.56076396 0.32378799 0.13847800
1.56177402 0.31888199 0.13847800
1.56276798 0.31397399 0.13847800
1.56374705 0.30906299 0.13847800
1.56471002 0.30414900 0.13847800
1.57544303 0.30110201 0.13934401
1.58617198 0.29799101 0.14020900
1.56750703 0.28938800 0.13847800
1.57821095 0.28624001 0.13934401
1.58890998 0.28302801 0.14020900
1.57997799 0.27631900 0.13934401
1.60047603 0.27472499 0.14107500
1.60133100 0.26969501 0.14107500
1.56285405 0.25816801 0.13761300
1.57349098 0.25485000 0.13847800
1.56444502 0.24834301 0.13761300
1.56521702 0.24342801 0.13761300
1.56597400 0.23850900 0.13761300
1.56671596 0.23358800 0.13761300
1.57729995 0.23010300 0.13847800
1.57801497 0.22514699 0.13847800
1.58858204 0.22156499 0.13934401
1.57939899 0.21522699 0.13847800
1.58994305 0.21157899 0.13934401
1.58071995 0.20530000 0.13847800
1.59124100 0.20158499 0.13934401
1.58197904 0.19536400 0.13847800
1.60236704 0.19277200 0.14020900
1.60296500 0.18773800 0.14020900
1.60354698 0.18270101 0.14020900
1.60414398 0.17738201 0.14020900
1.61459899 0.17340600 0.14107500
1.60522699 0.16730000 0.14020900
1.61565602 0.16325800 0.14107500
1.66573596 0.16303401 0.14540200
1.66623998 0.15779901 0.14540200
1.68657005 0.15437999 0.14713299
1.68704700 0.14908101 0.14713299
1.68750703 0.14377999 0.14713299
1.68795002 0.13847800 0.14713299
1.68837702 0.13317400 0.14713299
1.69872105 0.12862200 0.14799900
1.70905304 0.12400600 0.14886400
1.70943403 0.11863600 0.14886400
1.70979798 0.11326500 0.14886400
1.71014595 0.10789300 0.14886400
1.71047604 0.10252000 0.14886400
1.72073603 0.09771100 0.14973000
1.69119000 0.09070300 0.14713299
1.68151700 0.08488800 0.14626800
1.68177497 0.07960400 0.14626800
1.68201697 0.07432100 0.14626800
1.69219601 0.06944500 0.14713299
1.68245101 0.06375100 0.14626800
1.69259906 0.05881100 0.14713299
1.70273304 0.05380800 0.14799900
1.70290196 0.04816100 0.14799900
1.69308603 0.04256100 0.14713299
1.72309196 0.03789900 0.14973000
1.72320199 0.03248600 0.14973000
1.72329605 0.02707100 0.14973000
1.72337198 0.02165800 0.14973000
1.73339403 0.01633800 0.15059499
1.73343694 0.01089200 0.15059499
1.73346198 0.00544600 0.15059499
1.73347104 0.00000000 0.15059499
1.73346198 -0.00544600 0.15059499
1.73343694 -0.01089200 0.15059499
1.74335897 -0.01612700 0.15146101
1.75325704 -0.02203300 0.15232600
1.75317502 -0.02784700 0.15232600
1.75307798 -0.03335500 0.15232600
1.75297201 -0.03855600 0.15232600
1.76280105 -0.04431300 0.15319200
1.78257000 -0.05041400 0.15492301
1.77244604 -0.05570100 0.15405700
1.78220797 -0.06192500 0.15492301
1.78200400 -0.06752300 0.15492301
1.78179598 -0.07281000 0.15492301
1.79151106 -0.07884600 0.15578800
1.79125500 -0.08447300 0.15578800
1.78103101 -0.08960000 0.15492301
1.85036099 -0.09924000 0.16098100
1.85003996 -0.10505300 0.16098100
1.85964596 -0.11146000 0.16184600
1.85928595 -0.11730200 0.16184600
1.86884904 -0.12380100 0.16271199
1.87838995 -0.13036200 0.16357701
1.87797105 -0.13626200 0.16357701
1.87753403 -0.14216100 0.16357701
1.88700902 -0.14884201 0.16444300
1.89646196 -0.15558399 0.16530800
1.89596295 -0.16154100 0.16530800
1.85575104 -0.16398899 0.16184600
1.86514795 -0.17072600 0.16271199
1.87452102 -0.17752400 0.16357701
1.86403894 -0.18244199 0.16271199
1.88328004 -0.19030000 0.16444300
1.88267303 -0.19621600 0.16444300
1.88204706 -0.20213000 0.16444300
1.89130497 -0.20913599 0.16530800
1.89063895 -0.21507700 0.16530800
1.89984906 -0.22217301 0.16617399
1.90903294 -0.22932801 0.16703901
1.90830302 -0.23532400 0.16703901
1.91743803 -0.24256900 0.16790500
1.91662300 -0.24892600 0.16790500
1.95450604 -0.26634401 0.17136700
1.99312794 -0.27798799 0.17482901
1.99224401 -0.28424799 0.17482901
1.98148298 -0.28906700 0.17396300
1.99041903 -0.29675999 0.17482901
1.99932599 -0.30451199 0.17569400
1.99835896 -0.31079099 0.17569400
1.99737298 -0.31706801 0.17569400
2.01603603 -0.32652700 0.17742500
1.99534202 -0.32961100 0.17569400
1.98447204 -0.33422300 0.17482901
2.00305009 -0.34382701 0.17656000
2.00189900 -0.35046700 0.17656000
2.01059604 -0.35850400 0.17742500
2.01926208 -0.36659801 0.17829099
2.01810002 -0.37294000 0.17829099
2.00712800 -0.37743700 0.17742500
2.01571703 -0.38561299 0.17829099
1.98515797 -0.38623500 0.17569400
1.44599104 0.39124200 0.07770900
1.46650898 0.39185300 0.07874500
1.46773303 0.38724399 0.07874500
1.45927894 0.38011301 0.07822700
1.46053100 0.37527201 0.07822700
1.46170294 0.37068200 0.07822700
1.46285999 0.36608800 0.07822700
1.47369802 0.36388499 0.07874500
1.47483397 0.35925299 0.07874500
1.47595596 0.35461801 0.07874500
1.47706199 0.34998000 0.07874500
1.46843004 0.34306499 0.07822700
1.47923195 0.34069201 0.07874500
1.49977303 0.34046400 0.07978100
1.53981805 0.34447300 0.08185400
1.55064499 0.34178299 0.08237200
1.56147003 0.33902800 0.08289000
1.57229304 0.33620900 0.08340800
1.58311403 0.33332500 0.08392600
1.57437503 0.32632399 0.08340800
1.59496200 0.32536900 0.08444400
1.59597695 0.32035601 0.08444400
1.58717799 0.31340599 0.08392600
1.60776103 0.31222600 0.08496200
1.59892499 0.30530101 0.08444400
1.60969102 0.30211800 0.08496200
1.60081196 0.29524800 0.08444400
1.62138402 0.29377899 0.08548000
1.61246705 0.28693399 0.08496200
1.61336100 0.28186601 0.08496200
1.62408102 0.27848500 0.08548000
1.59540403 0.26841000 0.08392600
1.55682600 0.25689301 0.08185400
1.56748295 0.25359601 0.08237200
1.56827199 0.24867000 0.08237200
1.56904602 0.24374300 0.08237200
1.57967699 0.24031401 0.08289000
1.58042395 0.23535000 0.08289000
1.58115494 0.23038401 0.08289000
1.58187103 0.22541501 0.08289000
1.59246302 0.22182301 0.08340800
1.58325601 0.21547100 0.08289000
1.59382498 0.21181200 0.08340800
1.59448302 0.20680401 0.08340800
1.59512496 0.20179400 0.08340800
1.59575105 0.19678199 0.08340800
1.60627604 0.19295800 0.08392600
1.60687494 0.18791100 0.08392600
1.60748899 0.18258201 0.08392600
1.60805500 0.17753100 0.08392600
1.61853397 0.17354301 0.08444400
1.62900400 0.16948999 0.08496200
1.66927302 0.16838101 0.08703400
1.69961202 0.16605000 0.08858800
1.71006703 0.16164900 0.08910600
1.72051203 0.15718400 0.08962500
1.73094499 0.15265501 0.09014300
1.71151495 0.14552499 0.08910600
1.73187006 0.14177699 0.09014300
1.73230696 0.13633500 0.09014300
1.72276795 0.13014001 0.08962500
1.72316897 0.12472800 0.08962500
1.74347794 0.12069300 0.09066100
1.74384797 0.11521500 0.09066100
1.75416803 0.11036300 0.09117900
1.74453795 0.10425600 0.09066100
1.74485600 0.09877500 0.09066100
1.69529700 0.09062700 0.08807000
1.68559897 0.08479900 0.08755200
1.67588198 0.07903200 0.08703400
1.69607496 0.07464500 0.08807000
1.68632305 0.06890900 0.08755200
1.69651103 0.06398700 0.08807000
1.70668399 0.05900200 0.08858800
1.71685195 0.05365400 0.08910600
1.70702899 0.04798000 0.08858800
1.71715498 0.04286600 0.08910600
1.71728098 0.03747100 0.08910600
1.71739101 0.03207600 0.08910600
1.72746801 0.02683500 0.08962500
1.72754395 0.02140900 0.08962500
1.72760296 0.01598200 0.08962500
1.73763096 0.01061500 0.09014300
1.73765600 0.00515600 0.09014300
1.72767699 -0.00030200 0.08962500
1.76761305 -0.00586200 0.09169700
1.78755903 -0.01154400 0.09273300
1.81747496 -0.01713000 0.09428700
1.81740797 -0.02315700 0.09428700
1.82730699 -0.02934400 0.09480500
1.81722105 -0.03489200 0.09428700
1.83707798 -0.04072700 0.09532300
1.82695699 -0.04624500 0.09480500
1.83678603 -0.05226900 0.09532300
1.85656500 -0.05899400 0.09635900
1.85637105 -0.06482600 0.09635900
1.86613703 -0.07103700 0.09687700
1.88587499 -0.07739300 0.09791400
1.80580699 -0.07979100 0.09376900
1.80554795 -0.08546300 0.09376900
1.81522799 -0.09195500 0.09428700
1.83487499 -0.09873100 0.09532300
1.83455598 -0.10449500 0.09532300
1.83421803 -0.11025800 0.09532300
1.83386302 -0.11602000 0.09532300
1.83348894 -0.12178000 0.09532300
1.84306002 -0.12823300 0.09584100
1.85260797 -0.13474700 0.09635900
1.85217595 -0.14056601 0.09635900
1.86168098 -0.14717101 0.09687700
1.85125601 -0.15220100 0.09635900
1.85076904 -0.15801600 0.09635900
1.85026300 -0.16383000 0.09635900
1.84974003 -0.16964200 0.09635900
1.89890695 -0.18016800 0.09895000
1.92814803 -0.18905701 0.10050400
1.93748105 -0.19611900 0.10102200
1.94678795 -0.20324200 0.10154000
1.95606899 -0.21042500 0.10205800
1.98517597 -0.21986701 0.10361200
1.95470798 -0.22271100 0.10205800
1.95399904 -0.22885101 0.10205800
1.98301601 -0.23856699 0.10361200
1.99216700 -0.24601901 0.10413000
1.95171201 -0.24759699 0.10205800
1.92121506 -0.24986300 0.10050400
1.92042100 -0.25589800 0.10050400
1.92950201 -0.26328000 0.10102200
1.93855596 -0.27072099 0.10154000
1.95746803 -0.27963501 0.10257600
1.95658004 -0.28578299 0.10257600
1.96554995 -0.29340300 0.10309400
1.96461797 -0.29957601 0.10309400
1.98340297 -0.30882001 0.10413000
1.97256005 -0.31348199 0.10361200
1.99128103 -0.32287401 0.10464800
2.00010991 -0.33075699 0.10516600
1.98921299 -0.33537900 0.10464800
1.99793196 -0.34366700 0.10516600
2.00667906 -0.35166499 0.10568400
2.01539612 -0.35972300 0.10620200
2.01425600 -0.36605200 0.10620200
2.02291608 -0.37419501 0.10672100
2.00090790 -0.38314199 0.10568400
1.94087994 -0.37797201 0.10257600
1.46833301 0.39206499 0.02612200
1.48889399 0.39254901 0.02646600
1.48044395 0.38534999 0.02629400
1.49139798 0.38292599 0.02646600
1.48290098 0.37578300 0.02629400
1.49377406 0.37354699 0.02646600
1.48523295 0.36645800 0.02629400
1.49609196 0.36415401 0.02646600
1.50695097 0.36178699 0.02663700
1.48862100 0.35244399 0.02629400
1.49945700 0.35003799 0.02646600
1.51029301 0.34756801 0.02663700
1.51137805 0.34282100 0.02663700
1.51244700 0.33807299 0.02663700
1.51350200 0.33331901 0.02663700
1.52431297 0.33068201 0.02680900
1.52534401 0.32589200 0.02680900
1.52636099 0.32109800 0.02680900
1.53715301 0.31832999 0.02698100
1.53814495 0.31349799 0.02698100
1.53912306 0.30866399 0.02698100
1.54008496 0.30382800 0.02698100
1.54103100 0.29898801 0.02698100
1.54196298 0.29414499 0.02698100
1.55270696 0.29114199 0.02715300
1.54378104 0.28445101 0.02698100
1.56434405 0.28316101 0.02732500
1.55538201 0.27649599 0.02715300
1.55624294 0.27160800 0.02715300
1.55708802 0.26671800 0.02715300
1.55791903 0.26182401 0.02715300
1.53900301 0.25367600 0.02680900
1.55953300 0.25203100 0.02715300
1.59981894 0.25338599 0.02784000
1.63024795 0.25295901 0.02835600
1.63103402 0.24783500 0.02835600
1.66147399 0.24712300 0.02887100
1.66224205 0.24190301 0.02887100
1.66299403 0.23667900 0.02887100
1.65382600 0.23007600 0.02870000
1.66444802 0.22622500 0.02887100
1.66515100 0.22099499 0.02887100
1.66583705 0.21576300 0.02887100
1.67642605 0.21178199 0.02904300
1.67708302 0.20651400 0.02904300
1.67772400 0.20124400 0.02904300
1.68827903 0.19713201 0.02921500
1.68892300 0.19153300 0.02921500
1.68951702 0.18622600 0.02921500
1.60061800 0.17133901 0.02766900
1.64092803 0.17044100 0.02835600
1.64145601 0.16528600 0.02835600
1.64196706 0.16012900 0.02835600
1.65241599 0.15590800 0.02852800
1.64294004 0.14980900 0.02835600
1.66332304 0.14639901 0.02870000
1.66377497 0.14117301 0.02870000
1.66420996 0.13594601 0.02870000
1.67459702 0.13149901 0.02887100
1.67500198 0.12623800 0.02887100
1.67539001 0.12097600 0.02887100
1.68573594 0.11640000 0.02904300
1.68609405 0.11110400 0.02904300
1.69641304 0.10643200 0.02921500
1.68675900 0.10050700 0.02904300
1.69704902 0.09577200 0.02921500
1.68735695 0.08990700 0.02904300
1.68763101 0.08460600 0.02904300
1.71785104 0.08071100 0.02955900
1.73807395 0.07619000 0.02990300
1.76827502 0.07194900 0.03041800
1.75850105 0.06601800 0.03024600
1.76869297 0.06083700 0.03041800
1.77887797 0.05528200 0.03059000
1.76904905 0.04941400 0.03041800
1.77919102 0.04410400 0.03059000
1.77932000 0.03851400 0.03059000
1.78942895 0.03310900 0.03076200
1.78952503 0.02748700 0.03076200
1.78960204 0.02186500 0.03076200
1.79965997 0.01633400 0.03093400
1.81969905 0.01079800 0.03127700
1.73973596 0.00485900 0.02990300
1.75974000 -0.00061400 0.03024600
1.75972903 -0.00614300 0.03024600
1.76970005 -0.01173700 0.03041800
1.77965498 -0.01708400 0.03059000
1.77958906 -0.02298500 0.03059000
1.76950598 -0.02872400 0.03041800
1.78939998 -0.03467100 0.03076200
1.77929294 -0.03975600 0.03059000
1.78915501 -0.04560100 0.03076200
1.79899704 -0.05150700 0.03093400
1.80881000 -0.05779200 0.03110600
1.80861902 -0.06347400 0.03110600
1.81840205 -0.06953800 0.03127700
1.81818795 -0.07493300 0.03127700
1.80795503 -0.08020200 0.03110600
1.78771901 -0.08493200 0.03076200
1.82737005 -0.09289000 0.03144900
1.88697302 -0.10186500 0.03248000
1.88664401 -0.10779200 0.03248000
1.88629603 -0.11371900 0.03248000
1.89590800 -0.12027700 0.03265200
1.90549695 -0.12689701 0.03282400
1.89511502 -0.13218699 0.03265200
1.89469004 -0.13813999 0.03265200
1.92415595 -0.14636700 0.03316800
1.91371906 -0.15162100 0.03299600
1.91323400 -0.15763301 0.03299600
1.93265295 -0.16534699 0.03334000
1.84248996 -0.16346499 0.03179300
1.88179302 -0.17291300 0.03248000
1.88124096 -0.17882299 0.03248000
1.90057099 -0.18668801 0.03282400
1.89997494 -0.19265699 0.03282400
1.89936101 -0.19862500 0.03282400
1.89872706 -0.20459101 0.03282400
1.90801299 -0.21165800 0.03299600
1.90733802 -0.21765099 0.03299600
1.91657495 -0.22480699 0.03316800
1.92578602 -0.23202300 0.03334000
1.93497097 -0.23929900 0.03351200
1.93416703 -0.24571399 0.03351200
1.93338501 -0.25178900 0.03351200
1.92267394 -0.25653899 0.03334000
1.94167197 -0.26528499 0.03368300
1.94082904 -0.27138400 0.03368300
1.94986403 -0.27889600 0.03385500
1.95887196 -0.28646699 0.03402700
1.95796204 -0.29261899 0.03402700
1.96691704 -0.30027801 0.03419900
1.96596396 -0.30645600 0.03419900
1.97486603 -0.31420201 0.03437100
1.98373902 -0.32200599 0.03454300
1.98271704 -0.32823700 0.03454300
2.01125312 -0.33945599 0.03505800
2.00026298 -0.34442699 0.03488600
2.00901890 -0.35243699 0.03505800
2.00790191 -0.35874701 0.03505800
2.01660299 -0.36684200 0.03523000
2.01543999 -0.37317601 0.03523000
2.04373503 -0.38505900 0.03574600
