1.92883301 0.44885299 -0.52974999
1.91132498 0.43880501 -0.52458102
1.90327203 0.43066600 -0.52199697
1.89518702 0.42258301 -0.51941299
1.90594101 0.41870001 -0.52199697
1.89780498 0.41066599 -0.51941299
1.89908600 0.40470299 -0.51941299
1.90034699 0.39873499 -0.51941299
1.90159094 0.39276201 -0.51941299
1.89334905 0.38486201 -0.51682901
1.92296696 0.38459501 -0.52458102
1.93364406 0.38041699 -0.52716500
1.94431400 0.37617600 -0.52974999
1.94548595 0.37006599 -0.52974999
1.95613503 0.36572799 -0.53233403
1.94777298 0.35783401 -0.52974999
1.94888699 0.35171399 -0.52974999
1.94998300 0.34559000 -0.52974999
1.96057606 0.34111699 -0.53233403
1.94259298 0.33170500 -0.52716500
1.94362605 0.32560000 -0.52716500
1.94458306 0.31983200 -0.52716500
1.95511603 0.31525901 -0.52974999
1.94655395 0.30760700 -0.52716500
1.93796504 0.30001301 -0.52458102
1.90069306 0.28813100 -0.51424497
1.92069995 0.28499499 -0.51941299
1.91202605 0.27757201 -0.51682901
1.91288805 0.27156299 -0.51682901
1.91373205 0.26555201 -0.51682901
1.91455698 0.25953799 -0.51682901
1.91536295 0.25352299 -0.51682901
1.91614997 0.24750499 -0.51682901
1.90729105 0.24060901 -0.51424497
1.91762602 0.23579501 -0.51682901
1.90876496 0.22861999 -0.51424497
1.91907001 0.22374099 -0.51682901
1.91976297 0.21771200 -0.51682901
1.92043698 0.21167900 -0.51682901
1.91148698 0.20461699 -0.51424497
1.92173004 0.19960800 -0.51682901
1.91273499 0.19260199 -0.51424497
1.92294598 0.18753000 -0.51682901
1.91390800 0.18058001 -0.51424497
1.95294702 0.17807600 -0.52458102
1.95349705 0.17193900 -0.52458102
1.96365297 0.16661800 -0.52716500
1.94491100 0.15887600 -0.52199697
1.95503104 0.15352100 -0.52458102
1.96513700 0.14810400 -0.52716500
1.96559203 0.14193000 -0.52716500
1.95636702 0.13542999 -0.52458102
1.94714403 0.12864700 -0.52199697
1.95718002 0.12313500 -0.52458102
1.97684300 0.11813900 -0.52974999
1.95791495 0.11083600 -0.52458102
1.95825303 0.10468400 -0.52458102
1.95857203 0.09853200 -0.52458102
1.95887196 0.09237800 -0.52458102
1.92054904 0.08452500 -0.51424497
1.91115201 0.07809700 -0.51166099
1.91138899 0.07209200 -0.51166099
1.92126000 0.06642100 -0.51424497
1.91180396 0.06008100 -0.51166099
1.92164004 0.05434800 -0.51424497
1.91214299 0.04806800 -0.51166099
1.92194295 0.04227200 -0.51424497
1.92206597 0.03623500 -0.51424497
1.92217100 0.03019600 -0.51424497
1.91259599 0.02403600 -0.51166099
1.92232299 0.01811800 -0.51424497
1.91270804 0.01235200 -0.51166099
1.92239797 0.00604000 -0.51424497
1.92240798 0.00000000 -0.51424497
1.92239797 -0.00603900 -0.51424497
1.92237198 -0.01174300 -0.51424497
1.92232299 -0.01811800 -0.51424497
1.92225599 -0.02415700 -0.51424497
1.94148898 -0.03049900 -0.51941299
1.95104206 -0.03678100 -0.52199697
1.95091701 -0.04291000 -0.52199697
1.96043897 -0.04893900 -0.52458102
1.96027505 -0.05509800 -0.52458102
1.96009195 -0.06125600 -0.52458102
1.95989001 -0.06741300 -0.52458102
1.95966899 -0.07357000 -0.52458102
1.96907997 -0.08011900 -0.52716500
1.94951701 -0.08545900 -0.52199697
1.95888805 -0.09203600 -0.52458102
1.95859003 -0.09819000 -0.52458102
1.97756505 -0.10537000 -0.52974999
1.96757901 -0.11103800 -0.52716500
1.96721995 -0.11721900 -0.52716500
1.94755995 -0.12218900 -0.52199697
1.92788696 -0.12703601 -0.51682901
1.90820396 -0.13176100 -0.51166099
1.91741598 -0.13845100 -0.51424497
1.92660499 -0.14520000 -0.51682901
1.92613900 -0.15125200 -0.51682901
1.91605306 -0.15618201 -0.51424497
1.92517900 -0.16301499 -0.51682901
1.91503406 -0.16821700 -0.51424497
1.92408597 -0.17544401 -0.51682901
1.92352498 -0.18148801 -0.51682901
1.92294598 -0.18753000 -0.51682901
1.91276896 -0.19226800 -0.51424497
1.92176402 -0.19927301 -0.51682901
1.92112899 -0.20530900 -0.51682901
1.93007696 -0.21240100 -0.51941299
1.91980100 -0.21737599 -0.51682901
1.91910899 -0.22340600 -0.51682901
1.91839695 -0.22943400 -0.51682901
1.92725503 -0.23663700 -0.51941299
1.94567204 -0.24510500 -0.52458102
1.95447302 -0.25245401 -0.52716500
1.96324694 -0.25986099 -0.52974999
1.95284796 -0.26473001 -0.52716500
1.96157503 -0.27219099 -0.52974999
1.97027504 -0.27970999 -0.53233403
1.96938598 -0.28589800 -0.53233403
1.96847796 -0.29208401 -0.53233403
1.95799994 -0.29681900 -0.52974999
1.96660399 -0.30444601 -0.53233403
1.96563804 -0.31062299 -0.53233403
1.95511603 -0.31525901 -0.52974999
1.97318006 -0.32453501 -0.53491801
1.97215104 -0.33073300 -0.53491801
1.91396904 -0.32716101 -0.51941299
1.92244899 -0.33482999 -0.52199697
1.92138696 -0.34086701 -0.52199697
1.92981303 -0.34861901 -0.52458102
1.91920698 -0.35293299 -0.52199697
1.91808903 -0.35896099 -0.52199697
1.91695201 -0.36498499 -0.52199697
1.92527997 -0.37284201 -0.52458102
1.91468704 -0.37668800 -0.52199697
1.92289901 -0.38493100 -0.52458102
1.91221404 -0.38904399 -0.52199697
1.92037404 -0.39734101 -0.52458102
1.91918600 -0.40303701 -0.52458102
1.92735803 -0.41107899 -0.52716500
1.91668797 -0.41475299 -0.52458102
1.92473698 -0.42318100 -0.52716500
1.91396999 -0.42712200 -0.52458102
1.92204106 -0.43526599 -0.52716500
1.91132498 -0.43880501 -0.52458102
1.91934597 -0.44699901 -0.52716500
1.92733395 -0.45524701 -0.52974999
1.91649902 -0.45905000 -0.52716500
1.90566003 -0.46278799 -0.52458102
1.91357696 -0.47108200 -0.52716500
1.90271497 -0.47475299 -0.52458102
1.88248301 -0.47599199 -0.51941299
1.96726000 0.44478399 -0.46578199
1.95913804 0.43648300 -0.46353200
1.95098197 0.42823800 -0.46128201
1.94279397 0.42004699 -0.45903200
1.95363402 0.41597101 -0.46128201
1.95493102 0.40983099 -0.46128201
1.94666696 0.40171799 -0.45903200
1.95746803 0.39754000 -0.46128201
1.94915295 0.38947901 -0.45903200
1.97904801 0.38899100 -0.46578199
1.97069395 0.38092300 -0.46353200
1.95273697 0.37109199 -0.45903200
1.95389295 0.36495501 -0.45903200
1.96461296 0.36057401 -0.46128201
1.95614696 0.35267201 -0.45903200
1.97643399 0.34992200 -0.46353200
1.97752404 0.34371099 -0.46353200
1.96898901 0.33585799 -0.46128201
1.96042502 0.32806200 -0.45903200
1.97100401 0.32382399 -0.46128201
1.96239197 0.31608099 -0.45903200
1.95375097 0.30839500 -0.45678201
1.96433902 0.30374500 -0.45903200
1.96528399 0.29757199 -0.45903200
1.95657098 0.28996801 -0.45678201
1.98640001 0.28801501 -0.46353200
2.00658894 0.28450799 -0.46803299
2.02677608 0.28087801 -0.47253299
1.98902595 0.26927999 -0.46353200
2.01884103 0.26686099 -0.47028300
2.01966906 0.26051801 -0.47028300
2.02043295 0.25452301 -0.47028300
2.01155210 0.24698800 -0.46803299
2.02199292 0.24182400 -0.47028300
2.00338602 0.23321700 -0.46578199
2.02347207 0.22911499 -0.47028300
2.02418208 0.22275600 -0.47028300
2.01518297 0.21536100 -0.46803299
2.03523302 0.21103901 -0.47253299
2.01649690 0.20269500 -0.46803299
2.01712394 0.19635899 -0.46803299
1.94012594 0.18271200 -0.45003101
1.96009696 0.17838299 -0.45453200
1.97035396 0.17307600 -0.45678201
1.97088802 0.16688600 -0.45678201
1.96169102 0.15990201 -0.45453200
1.97189796 0.15449899 -0.45678201
1.97237301 0.14830400 -0.45678201
1.96311104 0.14140700 -0.45453200
1.98296297 0.13692300 -0.45903200
1.97366095 0.13005300 -0.45678201
1.97406006 0.12385100 -0.45678201
1.96471298 0.11707000 -0.45453200
1.97479904 0.11144600 -0.45678201
1.97513902 0.10524100 -0.45678201
1.96572900 0.09854800 -0.45453200
1.97576106 0.09282900 -0.45678201
1.96630895 0.08619500 -0.45453200
1.96657002 0.08001700 -0.45453200
1.98628497 0.07456900 -0.45903200
2.00598502 0.06899900 -0.46353200
2.02567005 0.06330500 -0.46803299
2.03559804 0.05721500 -0.47028300
2.00654602 0.05009100 -0.46353200
2.03591800 0.04442400 -0.47028300
2.00682211 0.03748200 -0.46353200
2.00692892 0.03117700 -0.46353200
2.02650309 0.02511300 -0.46803299
2.02657199 0.01874700 -0.46803299
2.02661896 0.01273400 -0.46803299
2.01690602 0.00598500 -0.46578199
2.02665901 -0.00035400 -0.46803299
2.01690412 -0.00668800 -0.46578199
2.02661896 -0.01273400 -0.46803299
1.97784996 -0.01898700 -0.45678201
1.97777998 -0.02520000 -0.45678201
1.97769105 -0.03141300 -0.45678201
1.97758305 -0.03762600 -0.45678201
1.97745502 -0.04383900 -0.45678201
1.97731602 -0.04970600 -0.45678201
1.98688996 -0.05619300 -0.45903200
1.97696495 -0.06212900 -0.45678201
1.97676003 -0.06833900 -0.45678201
1.97653604 -0.07454900 -0.45678201
1.97629201 -0.08075800 -0.45678201
1.96629405 -0.08653800 -0.45453200
1.97574496 -0.09317400 -0.45678201
1.97544301 -0.09938000 -0.45678201
1.97512102 -0.10558600 -0.45678201
1.97477901 -0.11179000 -0.45678201
1.97441804 -0.11799400 -0.45678201
1.96431398 -0.12358400 -0.45453200
1.99308300 -0.13168199 -0.46128201
2.01209998 -0.13928799 -0.46578199
2.01165199 -0.14560901 -0.46578199
2.01118493 -0.15192799 -0.46578199
2.00098395 -0.15748100 -0.46353200
2.01021910 -0.16421001 -0.46578199
2.00969291 -0.17052500 -0.46578199
2.02855992 -0.17854600 -0.47028300
2.02795601 -0.18527199 -0.47028300
2.02736402 -0.19164200 -0.47028300
2.01705503 -0.19706300 -0.46803299
2.02615595 -0.20402300 -0.47028300
2.02550507 -0.21038800 -0.47028300
2.02483392 -0.21675000 -0.47028300
2.02414298 -0.22311001 -0.47028300
1.99438798 -0.22617400 -0.46353200
1.95495498 -0.22792500 -0.45453200
1.97357905 -0.23638301 -0.45903200
1.98249698 -0.24377100 -0.46128201
1.97205400 -0.24877900 -0.45903200
1.97126305 -0.25497299 -0.45903200
1.98011100 -0.26244500 -0.46128201
1.97927701 -0.26866400 -0.46128201
1.96877301 -0.27353999 -0.45903200
1.96790302 -0.27972400 -0.45903200
1.97665703 -0.28730601 -0.46128201
1.96610701 -0.29208300 -0.45903200
1.97481298 -0.29971999 -0.46128201
1.99311900 -0.30890700 -0.46578199
1.99213898 -0.31516701 -0.46578199
1.98152006 -0.31987199 -0.46353200
1.99011898 -0.32767799 -0.46578199
1.98907995 -0.33392900 -0.46578199
2.00722909 -0.34346199 -0.47028300
2.01573801 -0.35144001 -0.47253299
2.02421808 -0.35947499 -0.47478300
2.02307892 -0.36583200 -0.47478300
2.03150201 -0.37395000 -0.47703299
2.02074003 -0.37853599 -0.47478300
2.01954103 -0.38488299 -0.47478300
2.02788711 -0.39308000 -0.47703299
2.02671194 -0.39909500 -0.47703299
2.02537799 -0.40581301 -0.47703299
2.01454496 -0.41023001 -0.47478300
2.02271509 -0.41888401 -0.47703299
2.02146292 -0.42488399 -0.47703299
2.02011800 -0.43123201 -0.47703299
2.02835202 -0.43928701 -0.47928300
1.96027398 -0.43135300 -0.46353200
1.98743701 -0.44387999 -0.47028300
1.98603201 -0.45012200 -0.47028300
1.97519195 -0.45383099 -0.46803299
1.97375596 -0.46003401 -0.46803299
1.98178399 -0.46847400 -0.47028300
1.98030198 -0.47469699 -0.47028300
1.96933305 -0.47861499 -0.46803299
1.95835900 -0.48246899 -0.46578199
2.04055095 0.45424801 -0.40830201
2.01320791 0.44152799 -0.40255201
2.03377199 0.43934500 -0.40638500
2.03514099 0.43295401 -0.40638500
2.05570412 0.43058300 -0.41021901
2.05704594 0.42412201 -0.41021901
2.06798697 0.41960999 -0.41213599
2.05967093 0.41118899 -0.41021901
2.06095195 0.40471601 -0.41021901
2.06221294 0.39824000 -0.41021901
2.05381203 0.38992801 -0.40830201
2.04537892 0.38167399 -0.40638500
2.04656792 0.37524599 -0.40638500
2.05739594 0.37055501 -0.40830201
2.04888511 0.36238101 -0.40638500
2.05001402 0.35594100 -0.40638500
2.05112195 0.34950000 -0.40638500
2.04252911 0.34143499 -0.40446901
2.04353404 0.33537400 -0.40446901
2.05426693 0.33051199 -0.40638500
2.04559994 0.32252699 -0.40446901
2.03690410 0.31460199 -0.40255201
2.03788209 0.30820000 -0.40255201
2.04854894 0.30323401 -0.40446901
2.03977799 0.29539099 -0.40255201
2.04069591 0.28898099 -0.40255201
2.06103802 0.28525999 -0.40638500
2.06192398 0.27878299 -0.40638500
2.06278992 0.27230400 -0.40638500
2.05390096 0.26456901 -0.40446901
2.04493904 0.25724801 -0.40255201
2.06522012 0.25321099 -0.40638500
2.05626011 0.24555799 -0.40446901
2.05702090 0.23909700 -0.40446901
2.05776191 0.23263399 -0.40446901
2.06823897 0.22723900 -0.40638500
2.05918407 0.21969999 -0.40446901
2.05986404 0.21322900 -0.40446901
2.06052303 0.20675699 -0.40446901
2.05139399 0.19933400 -0.40255201
2.05201006 0.19288801 -0.40255201
2.06238008 0.18732899 -0.40446901
2.06295896 0.18084800 -0.40446901
2.06351709 0.17436600 -0.40446901
2.08361912 0.16947500 -0.40830201
2.05478692 0.16063300 -0.40255201
2.08464289 0.15637800 -0.40830201
2.05575609 0.14771999 -0.40255201
2.05618501 0.14161900 -0.40255201
2.07620597 0.13644600 -0.40638500
2.06682897 0.12930900 -0.40446901
2.05742788 0.12223300 -0.40255201
2.07739997 0.11687300 -0.40638500
2.06795597 0.10982500 -0.40446901
2.05848908 0.10283800 -0.40255201
2.06860590 0.09682900 -0.40446901
2.05909395 0.08990200 -0.40255201
2.02014089 0.08184400 -0.39488399
2.06942606 0.07732900 -0.40446901
2.06965899 0.07082800 -0.40446901
2.06987095 0.06432500 -0.40446901
2.07987404 0.05809600 -0.40638500
2.07023501 0.05131900 -0.40446901
2.07038593 0.04481400 -0.40446901
2.07051611 0.03831000 -0.40446901
2.06081295 0.03165400 -0.40255201
2.07071590 0.02530000 -0.40446901
2.06097102 0.01870600 -0.40255201
2.06101799 0.01259000 -0.40255201
2.06104803 0.00575600 -0.40255201
2.06105590 -0.00071900 -0.40255201
2.06104398 -0.00719400 -0.40255201
2.07082701 -0.01337300 -0.40446901
2.05114293 -0.02004800 -0.40063500
2.06079006 -0.03309300 -0.40255201
2.08030200 -0.03994400 -0.40638500
2.06054211 -0.04604100 -0.40255201
2.08982992 -0.05289900 -0.40830201
2.06022191 -0.05862700 -0.40255201
2.06002808 -0.06509900 -0.40255201
2.07943010 -0.07225200 -0.40638500
2.05957794 -0.07804100 -0.40255201
2.07893491 -0.08531600 -0.40638500
2.06885195 -0.09141300 -0.40446901
2.04894710 -0.09698400 -0.40063500
2.06823707 -0.10441000 -0.40446901
2.04829788 -0.10985600 -0.40063500
2.05774093 -0.11684700 -0.40255201
2.04756689 -0.12272400 -0.40063500
2.04717112 -0.12915599 -0.40063500
2.05654907 -0.13623500 -0.40255201
2.06590104 -0.14337499 -0.40446901
2.07522988 -0.15057500 -0.40638500
2.07474589 -0.15709300 -0.40638500
2.06445789 -0.16283900 -0.40446901
2.07374811 -0.16976400 -0.40638500
2.07320404 -0.17627800 -0.40638500
2.06286407 -0.18192799 -0.40446901
2.07202291 -0.18966299 -0.40638500
2.07141709 -0.19617100 -0.40638500
2.06102204 -0.20172200 -0.40446901
2.07017994 -0.20882100 -0.40638500
2.06951404 -0.21532400 -0.40638500
2.06882691 -0.22182401 -0.40638500
2.05836391 -0.22724600 -0.40446901
2.05764008 -0.23371100 -0.40446901
2.06664395 -0.24131200 -0.40638500
2.05613089 -0.24663500 -0.40446901
2.08456898 -0.25669199 -0.41021901
2.07401490 -0.26200899 -0.40830201
2.07318211 -0.26852399 -0.40830201
2.07232809 -0.27503499 -0.40830201
2.08117890 -0.28286600 -0.41021901
2.08028007 -0.28940299 -0.41021901
2.06964397 -0.29455400 -0.40830201
2.07842112 -0.30246800 -0.41021901
2.04833698 -0.30466399 -0.40446901
2.07647896 -0.31552100 -0.41021901
2.05608106 -0.31903300 -0.40638500
2.06476212 -0.32702601 -0.40830201
2.04434705 -0.33037999 -0.40446901
2.07235098 -0.34158900 -0.41021901
2.07126689 -0.34809801 -0.41021901
2.07983708 -0.35626000 -0.41213599
2.08837605 -0.36447999 -0.41405299
2.08721995 -0.37103900 -0.41405299
2.07638693 -0.37584600 -0.41213599
2.08484793 -0.38414600 -0.41405299
2.07398391 -0.38888499 -0.41213599
2.08239293 -0.39723799 -0.41405299
2.08113503 -0.40377799 -0.41405299
2.07992792 -0.40995100 -0.41405299
2.06893396 -0.41491601 -0.41213599
2.07723689 -0.42337400 -0.41405299
2.06621099 -0.42826799 -0.41213599
2.08414006 -0.43843701 -0.41597000
2.07315493 -0.44293201 -0.41405299
2.06223989 -0.44700199 -0.41213599
2.06074595 -0.45383900 -0.41213599
2.05930996 -0.46031001 -0.41213599
2.05785394 -0.46677801 -0.41213599
2.04689503 -0.47068200 -0.41021901
2.05496407 -0.47933900 -0.41213599
2.04389691 -0.48353299 -0.41021901
2.18020892 0.47775501 -0.35501799
2.13343191 0.46048501 -0.34716401
2.11554790 0.44967401 -0.34402201
2.11695004 0.44302601 -0.34402201
2.10865903 0.43437999 -0.34245101
2.11001301 0.42775401 -0.34245101
2.10166097 0.41918999 -0.34088001
2.09327698 0.41068399 -0.33930999
2.10425305 0.40597799 -0.34088001
2.11522198 0.40120500 -0.34245101
2.10676289 0.39274800 -0.34088001
2.14684296 0.39324501 -0.34716401
2.14806795 0.38649899 -0.34716401
2.15899706 0.38146701 -0.34873500
2.16018510 0.37468201 -0.34873500
2.14187908 0.36458001 -0.34559301
2.16249609 0.36110201 -0.34873500
2.13432097 0.34989101 -0.34402201
2.15491104 0.34631899 -0.34716401
2.15598798 0.33954599 -0.34716401
2.15704393 0.33277199 -0.34716401
2.16784406 0.32746801 -0.34873500
2.16886210 0.32065701 -0.34873500
2.16008496 0.31242800 -0.34716401
2.08282709 0.29457599 -0.33459699
2.12287402 0.29344001 -0.34088001
2.12378502 0.28676900 -0.34088001
2.10509300 0.27751499 -0.33773899
2.11575007 0.27215999 -0.33930999
2.12634706 0.26711199 -0.34088001
2.11737299 0.25923100 -0.33930999
2.11817694 0.25257701 -0.33930999
2.12877011 0.24706000 -0.34088001
2.11972189 0.23926400 -0.33930999
2.12046289 0.23260300 -0.33930999
2.12118292 0.22594000 -0.33930999
2.12188292 0.21927500 -0.33930999
2.12256098 0.21260799 -0.33930999
2.11338902 0.20498601 -0.33773899
2.11402202 0.19834501 -0.33773899
2.12447095 0.19259299 -0.33930999
2.14474201 0.18764000 -0.34245101
2.17484403 0.18339100 -0.34716401
2.18525195 0.17735700 -0.34873500
2.17595291 0.16972300 -0.34716401
2.17647600 0.16288500 -0.34716401
2.16712594 0.15534200 -0.34559301
2.18728304 0.15026499 -0.34873500
2.16803408 0.14210100 -0.34559301
2.15861297 0.13467400 -0.34402201
2.16888499 0.12847500 -0.34559301
2.16927695 0.12166200 -0.34559301
2.16964889 0.11484600 -0.34559301
2.17986202 0.10852000 -0.34716401
2.19005799 0.10213100 -0.34873500
2.15090203 0.09353400 -0.34245101
2.14131689 0.08637900 -0.34088001
2.13170910 0.07928400 -0.33930999
2.13194704 0.07258700 -0.33930999
2.12229395 0.06558300 -0.33773899
2.14223289 0.05946400 -0.34088001
2.13253689 0.05249100 -0.33930999
2.13269091 0.04579100 -0.33930999
2.12295008 0.03891000 -0.33773899
2.13293695 0.03238900 -0.33930999
2.12315297 0.02557000 -0.33773899
2.13309789 0.01898800 -0.33930999
2.13314509 0.01265800 -0.33930999
2.11342406 0.00553300 -0.33616799
2.11343098 -0.00110700 -0.33616799
2.14304399 -0.00785500 -0.34088001
2.13313603 -0.01414800 -0.33930999
2.13307691 -0.02122100 -0.33930999
2.13299990 -0.02792200 -0.33930999
2.18227506 -0.03542500 -0.34716401
2.18215299 -0.04228000 -0.34716401
2.18200898 -0.04913600 -0.34716401
2.17198110 -0.05535800 -0.34559301
2.16192508 -0.06189900 -0.34402201
2.18146110 -0.06931700 -0.34716401
2.19110203 -0.07651500 -0.34873500
2.17111397 -0.08264700 -0.34559301
2.18071103 -0.08987400 -0.34716401
2.19028401 -0.09716200 -0.34873500
2.18010306 -0.10357400 -0.34716401
2.18963003 -0.11092200 -0.34873500
2.15968609 -0.11620800 -0.34402201
2.09029102 -0.11906100 -0.33302599
2.12933898 -0.12799799 -0.33930999
2.12892699 -0.13468701 -0.33930999
2.11863899 -0.14071999 -0.33773899
2.12803793 -0.14805999 -0.33930999
2.12756300 -0.15474500 -0.33930999
2.11721802 -0.16068099 -0.33773899
2.12654805 -0.16811000 -0.33930999
2.12603998 -0.17441900 -0.33930999
2.12548208 -0.18109700 -0.33930999
2.11506510 -0.18690400 -0.33773899
2.11443305 -0.19391701 -0.33773899
2.12364507 -0.20149200 -0.33930999
2.12300205 -0.20816199 -0.33930999
2.12237501 -0.21446000 -0.33930999
2.12169099 -0.22112700 -0.33930999
2.11116600 -0.22673699 -0.33773899
2.13007498 -0.23553900 -0.34088001
2.16857505 -0.24669500 -0.34716401
2.17759895 -0.25465301 -0.34873500
2.18659306 -0.26267099 -0.35030600
2.18575692 -0.26953900 -0.35030600
2.16530395 -0.27392501 -0.34716401
2.18402100 -0.28326699 -0.35030600
2.17333007 -0.28882599 -0.34873500
2.18219805 -0.29698399 -0.35030600
2.16169095 -0.30111301 -0.34716401
2.19006610 -0.31208199 -0.35187700
2.17930198 -0.31753701 -0.35030600
2.19782996 -0.32729101 -0.35344699
2.15773702 -0.32825300 -0.34716401
2.10790110 -0.32745001 -0.33930999
2.13612390 -0.33871099 -0.34402201
2.14479804 -0.34699699 -0.34559301
2.13395309 -0.35212600 -0.34402201
2.15231395 -0.36210501 -0.34716401
2.13169909 -0.36552700 -0.34402201
2.13053989 -0.37222201 -0.34402201
2.12935996 -0.37891299 -0.34402201
2.12815905 -0.38560101 -0.34402201
2.13664889 -0.39407599 -0.34559301
2.13540101 -0.40078700 -0.34559301
2.13413095 -0.40749300 -0.34559301
2.13283992 -0.41419601 -0.34559301
2.12191296 -0.41861099 -0.34402201
2.13019609 -0.42758900 -0.34559301
2.13851810 -0.43625301 -0.34716401
2.12738991 -0.44133601 -0.34559301
2.12607098 -0.44764599 -0.34559301
2.13431191 -0.45638800 -0.34716401
2.13294792 -0.46271899 -0.34716401
2.14104700 -0.47191501 -0.34873500
2.12027788 -0.47432700 -0.34559301
2.10914707 -0.47879899 -0.34402201
2.09809303 -0.48284000 -0.34245101
2.10114598 0.42557400 -0.26395601
2.13167405 0.42478999 -0.26762199
2.11351800 0.41427201 -0.26517799
2.11480904 0.40763101 -0.26517799
2.12583089 0.40283301 -0.26640001
2.13684297 0.39796999 -0.26762199
2.12831998 0.38946801 -0.26640001
2.13930202 0.38453600 -0.26762199
2.14049911 0.37781301 -0.26762199
2.13189602 0.36939201 -0.26640001
2.13304591 0.36269301 -0.26640001
2.13417506 0.35598901 -0.26640001
2.13522196 0.34965599 -0.26640001
2.13631010 0.34294701 -0.26640001
2.12757206 0.33469099 -0.26517799
2.12861300 0.32800499 -0.26517799
2.13944697 0.32279700 -0.26640001
2.13063192 0.31462401 -0.26517799
2.13160896 0.30792999 -0.26517799
2.12273908 0.29984301 -0.26395601
2.12367010 0.29317299 -0.26395601
2.12458110 0.28649899 -0.26395601
2.12547112 0.27982399 -0.26395601
2.18540406 0.28073299 -0.27128801
2.17637992 0.27301100 -0.27006599
2.20678210 0.26978600 -0.27373201
2.18790793 0.26050499 -0.27128801
2.18871498 0.25363001 -0.27128801
2.18950105 0.24675301 -0.27128801
2.19026589 0.23987301 -0.27128801
2.19100809 0.23299100 -0.27128801
2.20160198 0.22712500 -0.27250999
2.18255305 0.21823300 -0.27006599
2.18322802 0.21137500 -0.27006599
2.18388200 0.20451500 -0.27006599
2.19439793 0.19854701 -0.27128801
2.11591101 0.18474600 -0.26151201
2.15604210 0.18142700 -0.26640001
2.13681507 0.17305100 -0.26395601
2.14724398 0.16710600 -0.26517799
2.13786101 0.15962000 -0.26395601
2.14825106 0.15361200 -0.26517799
2.14869809 0.14723700 -0.26517799
2.14914894 0.14048600 -0.26517799
2.15948606 0.13435000 -0.26640001
2.15989804 0.12756400 -0.26640001
2.16028810 0.12077900 -0.26640001
2.15074492 0.11346900 -0.26517799
2.15109110 0.10671200 -0.26517799
2.14150095 0.09949200 -0.26395601
2.13188696 0.09233500 -0.26273400
2.13216710 0.08563700 -0.26273400
2.13242602 0.07893800 -0.26273400
2.14258194 0.07257500 -0.26395601
2.18248200 0.06706200 -0.26884401
2.18268108 0.06020500 -0.26884401
2.18285990 0.05334900 -0.26884401
2.19294000 0.04670100 -0.27006599
2.19307494 0.03981200 -0.27006599
2.20311403 0.03307100 -0.27128801
2.19328189 0.02603200 -0.27006599
2.22312689 0.01940100 -0.27373201
2.19339991 0.01263300 -0.27006599
2.21327996 0.00540700 -0.27250999
2.18351102 -0.00152400 -0.26884401
2.19341993 -0.00842200 -0.27006599
2.18346095 -0.01486300 -0.26884401
2.15362597 -0.02180200 -0.26517799
2.15354705 -0.02856700 -0.26517799
2.15344596 -0.03533300 -0.26517799
2.14340210 -0.04190400 -0.26395601
2.15318203 -0.04886300 -0.26517799
2.15302801 -0.05525100 -0.26517799
2.15284300 -0.06201500 -0.26517799
2.15263796 -0.06877800 -0.26517799
2.16232991 -0.07588800 -0.26640001
2.16208100 -0.08268100 -0.26640001
2.16181111 -0.08947300 -0.26640001
2.16151905 -0.09626400 -0.26640001
2.15129209 -0.10258100 -0.26517799
2.16087198 -0.10984300 -0.26640001
2.15060496 -0.11609600 -0.26517799
2.14032102 -0.12228600 -0.26395601
2.13001895 -0.12841199 -0.26273400
2.16922593 -0.13761599 -0.26762199
2.19849205 -0.14640900 -0.27128801
2.18811989 -0.15262499 -0.27006599
2.18762994 -0.15949801 -0.27006599
2.18711805 -0.16637000 -0.27006599
2.18658495 -0.17324001 -0.27006599
2.19595289 -0.18054000 -0.27128801
2.18548608 -0.18659399 -0.27006599
2.22443390 -0.19696000 -0.27495399
2.20400190 -0.20251900 -0.27250999
2.18359399 -0.20756400 -0.27006599
2.19280791 -0.21539301 -0.27128801
2.20203400 -0.22289801 -0.27250999
2.12235188 -0.22157000 -0.26273400
2.14138103 -0.23036000 -0.26517799
2.14064693 -0.23708600 -0.26517799
2.14975309 -0.24493299 -0.26640001
2.14897299 -0.25168601 -0.26640001
2.15802598 -0.25962099 -0.26762199
2.15720010 -0.26640001 -0.26762199
2.15635204 -0.27317500 -0.26762199
2.15548301 -0.27994800 -0.26762199
2.15459299 -0.28671899 -0.26762199
2.16351604 -0.29482600 -0.26884401
2.15274906 -0.30025101 -0.26762199
2.16162109 -0.30841401 -0.26884401
2.17046189 -0.31663600 -0.27006599
2.15964007 -0.32199001 -0.26884401
2.15861797 -0.32877299 -0.26884401
2.14776707 -0.33402699 -0.26762199
2.15651011 -0.34232900 -0.26884401
2.19461298 -0.35545000 -0.27373201
2.19348502 -0.36234301 -0.27373201
2.19233608 -0.36923200 -0.27373201
2.20094800 -0.37779599 -0.27495399
2.19974995 -0.38470900 -0.27495399
2.19852996 -0.39161801 -0.27495399
2.19728899 -0.39852300 -0.27495399
2.19602609 -0.40542400 -0.27495399
2.20449591 -0.41415301 -0.27617601
2.21293306 -0.42293999 -0.27739799
2.20184994 -0.42799601 -0.27617601
2.20057106 -0.43452799 -0.27617601
2.12127304 -0.42618299 -0.26640001
2.15882111 -0.44078699 -0.27128801
2.14762998 -0.44592601 -0.27006599
2.14629698 -0.45229599 -0.27006599
2.15457106 -0.46111301 -0.27128801
2.13379502 -0.46329200 -0.26884401
2.15163112 -0.47464201 -0.27128801
2.12107396 -0.47489399 -0.26762199
2.33039689 0.48684600 -0.21054199
2.19531798 0.45143300 -0.19820900
2.19672489 0.44453400 -0.19820900
2.18834209 0.43568501 -0.19732800
2.18969989 0.42880699 -0.19732800
2.19103599 0.42192799 -0.19732800
2.20213795 0.41689399 -0.19820900
2.20343709 0.40997499 -0.19820900
2.19491506 0.40125799 -0.19732800
2.20596910 0.39612201 -0.19820900
2.24767494 0.38904899 -0.20173299
2.23906589 0.38031799 -0.20085201
2.25007606 0.37491900 -0.20173299
2.24134803 0.36663300 -0.20085201
2.24248791 0.35958999 -0.20085201
2.24360704 0.35254300 -0.20085201
2.24470305 0.34549299 -0.20085201
2.23592806 0.33695501 -0.19997101
2.26653910 0.33428901 -0.20261399
2.24785995 0.32432300 -0.20085201
2.24886799 0.31725800 -0.20085201
2.24985290 0.31019199 -0.20085201
2.25081706 0.30312201 -0.20085201
2.20237708 0.28955799 -0.19644700
2.22303605 0.28517199 -0.19820900
2.20410490 0.27609801 -0.19644700
2.20496106 0.26917300 -0.19644700
2.20579600 0.26224399 -0.19644700
2.20660901 0.25531301 -0.19644700
2.20740008 0.24838001 -0.19644700
2.19826794 0.24036101 -0.19556600
2.19901204 0.23345301 -0.19556600
2.19973397 0.22654399 -0.19556600
2.20043492 0.21963300 -0.19556600
2.20111394 0.21271899 -0.19556600
2.20177197 0.20580301 -0.19556600
2.20240808 0.19888400 -0.19556600
2.20302200 0.19196400 -0.19556600
2.24389911 0.18132900 -0.19909000
2.26431990 0.17581999 -0.20085201
2.25492811 0.16796499 -0.19997101
2.26537991 0.16159000 -0.20085201
2.25591207 0.15418801 -0.19997101
2.26632500 0.14774901 -0.20085201
2.26677799 0.14062800 -0.20085201
2.25726509 0.13292000 -0.19997101
2.25767112 0.12582900 -0.19997101
2.26800299 0.11925800 -0.20085201
2.26836610 0.11213300 -0.20085201
2.27865791 0.10546600 -0.20173299
2.26902604 0.09787800 -0.20085201
2.21955609 0.08875900 -0.19644700
2.21982408 0.08178500 -0.19644700
2.21011496 0.07447600 -0.19556600
2.21033812 0.06753200 -0.19556600
2.21053910 0.06058800 -0.19556600
2.21071911 0.05364300 -0.19556600
2.21087599 0.04669700 -0.19556600
2.21101189 0.03975100 -0.19556600
2.21112609 0.03280500 -0.19556600
2.21121812 0.02585900 -0.19556600
2.22124910 0.01899700 -0.19644700
2.21133709 0.01196500 -0.19556600
2.21136403 0.00501700 -0.19556600
2.20140696 -0.00192100 -0.19468500
2.20139098 -0.00883700 -0.19468500
2.20135188 -0.01575300 -0.19468500
2.24105000 -0.03011900 -0.19820900
2.27082396 -0.03765500 -0.20085201
2.26073503 -0.04459200 -0.19997101
2.26058412 -0.05169500 -0.19997101
2.26042104 -0.05840200 -0.19997101
2.26022601 -0.06550300 -0.19997101
2.28987694 -0.07356300 -0.20261399
2.26972508 -0.08005400 -0.20085201
2.26946211 -0.08718400 -0.20085201
2.26917696 -0.09431300 -0.20085201
2.27882099 -0.10188600 -0.20173299
2.27848911 -0.10904500 -0.20173299
2.27813506 -0.11620300 -0.20173299
2.20813298 -0.11958800 -0.19556600
2.21769094 -0.12709500 -0.19644700
2.20733809 -0.13346000 -0.19556600
2.20690799 -0.14039400 -0.19556600
2.20645595 -0.14732599 -0.19556600
2.21591902 -0.15495200 -0.19644700
2.20548701 -0.16118699 -0.19556600
2.21490192 -0.16887200 -0.19644700
2.21436000 -0.17583001 -0.19644700
2.21382904 -0.18239900 -0.19644700
2.21324492 -0.18935300 -0.19644700
2.21260500 -0.19669101 -0.19644700
2.22189498 -0.20455500 -0.19732800
2.21132588 -0.21058901 -0.19644700
2.22056603 -0.21851100 -0.19732800
2.20999789 -0.22409400 -0.19644700
2.25806499 -0.24331100 -0.20085201
2.25728989 -0.25040299 -0.20085201
2.27628589 -0.25975201 -0.20261399
2.25567198 -0.26458099 -0.20085201
2.26471901 -0.27285799 -0.20173299
2.26385093 -0.27997100 -0.20173299
2.26295996 -0.28708199 -0.20173299
2.25216889 -0.29290500 -0.20085201
2.27098489 -0.30261099 -0.20261399
2.27002311 -0.30974400 -0.20261399
2.27890396 -0.31825101 -0.20349400
2.26803303 -0.32400101 -0.20261399
2.26700306 -0.33112401 -0.20261399
2.22654390 -0.33236200 -0.19909000
2.23533607 -0.34085700 -0.19997101
2.21456909 -0.34481299 -0.19820900
2.21347499 -0.35176799 -0.19820900
2.21235895 -0.35872000 -0.19820900
2.22104907 -0.36729401 -0.19909000
2.21988392 -0.37426999 -0.19909000
2.20887995 -0.37955499 -0.19820900
2.22730088 -0.38992801 -0.19997101
2.21625805 -0.39517501 -0.19909000
2.21500611 -0.40213501 -0.19909000
2.22352695 -0.41090199 -0.19997101
2.22222495 -0.41788599 -0.19997101
2.22090101 -0.42486501 -0.19997101
2.21955490 -0.43184000 -0.19997101
2.21818805 -0.43881100 -0.19997101
2.22656393 -0.44774100 -0.20085201
2.21530795 -0.45312601 -0.19997101
2.22362590 -0.46211001 -0.20085201
2.22224498 -0.46870601 -0.20085201
2.21102095 -0.47359800 -0.19997101
2.31147003 0.45978001 -0.12373100
2.27370095 0.44484499 -0.12163400
2.26528096 0.43581501 -0.12110900
2.25682712 0.42684001 -0.12058500
2.25815701 0.41974801 -0.12058500
2.25946403 0.41265100 -0.12058500
2.27057910 0.40731499 -0.12110900
2.27184701 0.40018001 -0.12110900
2.26325297 0.39133799 -0.12058500
2.26447105 0.38422701 -0.12058500
2.26566696 0.37711000 -0.12058500
2.26677608 0.37038699 -0.12058500
2.27778912 0.36484301 -0.12110900
2.27892399 0.35768500 -0.12110900
2.28003597 0.35052401 -0.12110900
2.27125096 0.34187201 -0.12058500
2.26243401 0.33328000 -0.12006100
2.26346993 0.32617199 -0.12006100
2.26448393 0.31905800 -0.12006100
2.27536798 0.31330401 -0.12058500
2.24664998 0.30216199 -0.11901200
2.26739001 0.29770300 -0.12006100
2.27821898 0.29184699 -0.12058500
2.26916599 0.28384599 -0.12006100
2.33943701 0.28517401 -0.12373100
2.34032202 0.27782300 -0.12373100
2.34118295 0.27046999 -0.12373100
2.33209705 0.26199901 -0.12320700
2.34283590 0.25575501 -0.12373100
2.33369708 0.24733999 -0.12320700
2.34439707 0.24102899 -0.12373100
2.35507894 0.23465300 -0.12425500
2.35580492 0.22725400 -0.12425500
2.34656405 0.21892300 -0.12373100
2.34723997 0.21155000 -0.12373100
2.34789300 0.20417599 -0.12373100
2.25896096 0.18929300 -0.11901200
2.27945209 0.18380100 -0.12006100
2.28001809 0.17663901 -0.12006100
2.27060294 0.16873400 -0.11953700
2.27112198 0.16160201 -0.11953700
2.27159190 0.15486200 -0.11953700
2.28203201 0.14837299 -0.12006100
2.27252007 0.14058600 -0.11953700
2.27294993 0.13344599 -0.11953700
2.27335811 0.12630500 -0.11953700
2.27374411 0.11916200 -0.11953700
2.27410698 0.11201900 -0.11953700
2.27444792 0.10487300 -0.11953700
2.28474307 0.09815600 -0.12006100
2.27506208 0.09058100 -0.11953700
2.28531504 0.08379900 -0.12006100
2.28556705 0.07661800 -0.12006100
2.34568596 0.07125700 -0.12320700
2.34589791 0.06388800 -0.12320700
2.34608698 0.05651800 -0.12320700
2.34625292 0.04914700 -0.12320700
2.34639597 0.04177500 -0.12320700
2.34651589 0.03440400 -0.12320700
2.34661198 0.02703200 -0.12320700
2.34668589 0.01966100 -0.12320700
2.34673595 0.01228800 -0.12320700
2.33677602 0.00489300 -0.12268200
2.34676695 -0.00245800 -0.12320700
2.35673404 -0.00987200 -0.12373100
2.26681709 -0.01661700 -0.11901200
2.27673888 -0.02384300 -0.11953700
2.29662395 -0.03126700 -0.12058500
2.28653002 -0.03831500 -0.12006100
2.28639793 -0.04549800 -0.12006100
2.28624392 -0.05268100 -0.12006100
2.28607702 -0.05946400 -0.12006100
2.28587890 -0.06664500 -0.12006100
2.27567697 -0.07350400 -0.11953700
2.28541493 -0.08100700 -0.12006100
2.28515005 -0.08818600 -0.12006100
2.28486109 -0.09536500 -0.12006100
2.28454995 -0.10254200 -0.12006100
2.27424192 -0.10924000 -0.11953700
2.27388811 -0.11638400 -0.11953700
2.27351093 -0.12352700 -0.11953700
2.30302095 -0.13238800 -0.12110900
2.35243297 -0.14264500 -0.12373100
2.35197401 -0.15003400 -0.12373100
2.35149097 -0.15742300 -0.12373100
2.35098505 -0.16480900 -0.12373100
2.35045505 -0.17219400 -0.12373100
2.34990311 -0.17957801 -0.12373100
2.33937192 -0.18616700 -0.12320700
2.35871410 -0.19475099 -0.12425500
2.34814095 -0.20130700 -0.12373100
2.35740709 -0.20997800 -0.12425500
2.34679198 -0.21646599 -0.12373100
2.36598301 -0.22573499 -0.12477900
2.25594306 -0.22239000 -0.11901200
2.29501390 -0.23311900 -0.12110900
2.27440596 -0.23824701 -0.12006100
2.29350400 -0.24753401 -0.12110900
2.28278899 -0.25363600 -0.12058500
2.29190302 -0.26194000 -0.12110900
2.28115106 -0.26797399 -0.12058500
2.29021192 -0.27633500 -0.12110900
2.28933311 -0.28352901 -0.12110900
2.28843093 -0.29071900 -0.12110900
2.28750610 -0.29790699 -0.12110900
2.27665997 -0.30377099 -0.12058500
2.28558898 -0.31227401 -0.12110900
2.28459692 -0.31945300 -0.12110900
2.28358197 -0.32662901 -0.12110900
2.28254390 -0.33380100 -0.12110900
2.34074402 -0.34982699 -0.12425500
2.34950495 -0.35868499 -0.12477900
2.34836698 -0.36606500 -0.12477900
2.35706711 -0.37501001 -0.12530400
2.36573505 -0.38401300 -0.12582800
2.36451697 -0.39144301 -0.12582800
2.36327505 -0.39886999 -0.12582800
2.35216904 -0.40459901 -0.12530400
2.36072206 -0.41371101 -0.12582800
2.35941100 -0.42112499 -0.12582800
2.34825110 -0.42675000 -0.12530400
2.36653805 -0.43775800 -0.12635200
2.27682590 -0.42856500 -0.12163400
2.29508495 -0.43947199 -0.12268200
2.28389001 -0.44477099 -0.12215800
2.29227805 -0.45388299 -0.12268200
2.28105092 -0.45911199 -0.12215800
2.27951598 -0.46667400 -0.12215800
2.27803898 -0.47383299 -0.12215800
2.26685190 -0.47852701 -0.12163400
2.39440894 0.46759501 -0.04193200
2.36640906 0.45441401 -0.04141700
2.34817505 0.44326800 -0.04107300
2.33972502 0.43406501 -0.04090100
2.34107709 0.42671201 -0.04090100
2.33256412 0.41759399 -0.04072900
2.33386493 0.41026399 -0.04072900
2.33514190 0.40292901 -0.04072900
2.33632708 0.39599800 -0.04072900
2.33755994 0.38865700 -0.04072900
2.33876896 0.38131201 -0.04072900
2.33008194 0.37238500 -0.04055800
2.34111905 0.36660901 -0.04072900
2.34225893 0.35925201 -0.04072900
2.33348894 0.35040799 -0.04055800
2.32468605 0.34162199 -0.04038600
2.33564401 0.33574000 -0.04055800
2.33668709 0.32839999 -0.04055800
2.33770800 0.32105699 -0.04055800
2.33870506 0.31371200 -0.04055800
2.33962488 0.30677101 -0.04055800
2.33066010 0.29815200 -0.04038600
2.35142803 0.29330301 -0.04072900
2.32256198 0.28229401 -0.04021400
2.33336592 0.27617201 -0.04038600
2.33422208 0.26883999 -0.04038600
2.33505511 0.26150599 -0.04038600
2.34580493 0.25525001 -0.04055800
2.35653901 0.24892899 -0.04072900
2.33741593 0.23948701 -0.04038600
2.33815694 0.23214300 -0.04038600
2.34882689 0.22575299 -0.04055800
2.33957005 0.21744700 -0.04038600
2.34024096 0.21009500 -0.04038600
2.33092809 0.20188101 -0.04021400
2.34151506 0.19538800 -0.04038600
2.34211707 0.18803100 -0.04038600
2.33272696 0.17990300 -0.04021400
2.34322190 0.17371900 -0.04038600
2.34375596 0.16635901 -0.04038600
2.33429193 0.15831800 -0.04021400
2.33477807 0.15098301 -0.04021400
2.33523989 0.14364700 -0.04021400
2.34566212 0.13689300 -0.04038600
2.34608006 0.12952401 -0.04038600
2.34647608 0.12215200 -0.04038600
2.34684801 0.11477900 -0.04038600
2.33720899 0.10694900 -0.04021400
2.34752202 0.10003200 -0.04038600
2.33783388 0.09226300 -0.04021400
2.33811307 0.08491800 -0.04021400
2.33836794 0.07757100 -0.04021400
2.32860589 0.06992500 -0.04004200
2.33880901 0.06287800 -0.04021400
2.34899092 0.05576800 -0.04038600
2.33915806 0.04818200 -0.04021400
2.34929490 0.04100600 -0.04038600
2.33941507 0.03348300 -0.04021400
2.34950209 0.02665600 -0.04038600
2.34957409 0.01927500 -0.04038600
2.33962393 0.01184200 -0.04021400
2.35964704 0.00453000 -0.04055800
2.33965302 -0.00285800 -0.04021400
2.34963107 -0.01025200 -0.04038600
2.34958696 -0.01763400 -0.04038600
2.34951997 -0.02501500 -0.04038600
2.34942389 -0.03280600 -0.04038600
2.34930897 -0.04018700 -0.04038600
2.34917998 -0.04715700 -0.04038600
2.33902407 -0.05430500 -0.04021400
2.34883690 -0.06191700 -0.04038600
2.34863091 -0.06929500 -0.04038600
2.33840799 -0.07634700 -0.04021400
2.33815694 -0.08369300 -0.04021400
2.34787297 -0.09142700 -0.04038600
2.33758497 -0.09838300 -0.04021400
2.35724092 -0.10662900 -0.04055800
2.34690690 -0.11355100 -0.04038600
2.34653902 -0.12092400 -0.04038600
2.35613108 -0.12884100 -0.04055800
2.34573293 -0.13566500 -0.04038600
2.34529495 -0.14303400 -0.04038600
2.34483409 -0.15040100 -0.04038600
2.35432601 -0.15843800 -0.04055800
2.34384298 -0.16513100 -0.04038600
2.34331298 -0.17249300 -0.04038600
2.35276008 -0.18020900 -0.04055800
2.35218191 -0.18759900 -0.04055800
2.35158110 -0.19498800 -0.04055800
2.36091900 -0.20323201 -0.04072900
2.35031009 -0.20976000 -0.04055800
2.35959506 -0.21806200 -0.04072900
2.34894490 -0.22452299 -0.04055800
2.35817790 -0.23288400 -0.04072900
2.34748793 -0.23927701 -0.04055800
2.35666895 -0.24769600 -0.04072900
2.35587907 -0.25509799 -0.04072900
2.34512901 -0.26139101 -0.04055800
2.36416292 -0.27103400 -0.04090100
2.35336995 -0.27728999 -0.04072900
2.35248709 -0.28468201 -0.04072900
2.36150408 -0.29330400 -0.04090100
2.36056995 -0.30072099 -0.04090100
2.35961390 -0.30813599 -0.04090100
2.35863400 -0.31554699 -0.04090100
2.35763097 -0.32295501 -0.04090100
2.35660505 -0.33036000 -0.04090100
2.35555601 -0.33776200 -0.04090100
2.36437607 -0.34661099 -0.04107300
2.35338712 -0.35255599 -0.04090100
2.35226798 -0.35994801 -0.04090100
2.35112500 -0.36733600 -0.04090100
2.36970711 -0.37786901 -0.04124500
2.35863996 -0.38370600 -0.04107300
2.36728597 -0.39275101 -0.04124500
2.36604095 -0.40018600 -0.04124500
2.35491896 -0.40591899 -0.04107300
2.36348009 -0.41504401 -0.04124500
2.36216402 -0.42246699 -0.04124500
2.35098910 -0.42809501 -0.04107300
2.35946298 -0.43730101 -0.04124500
2.34825206 -0.44285801 -0.04107300
2.35674810 -0.45170599 -0.04124500
2.35531712 -0.45910701 -0.04124500
2.36367106 -0.46844801 -0.04141700
2.35238600 -0.47389701 -0.04124500
2.34100699 -0.47968799 -0.04107300
