1.78241301 -0.34840301 -0.48581901
1.77183402 -0.35211799 -0.48323500
1.75178099 -0.35385701 -0.47806701
1.76012397 -0.36130199 -0.48065099
1.74952304 -0.36485699 -0.47806701
1.74836802 -0.37035200 -0.47806701
1.74719596 -0.37584201 -0.47806701
1.75537801 -0.38369700 -0.48065099
1.75416398 -0.38920999 -0.48065099
1.75293195 -0.39471900 -0.48065099
1.75168395 -0.40022400 -0.48065099
1.75041795 -0.40572500 -0.48065099
1.74913394 -0.41122201 -0.48065099
1.75723100 -0.41895601 -0.48323500
1.75590599 -0.42447400 -0.48323500
1.74518096 -0.42768899 -0.48065099
1.75320399 -0.43549800 -0.48323500
1.75182700 -0.44100401 -0.48323500
1.75043297 -0.44650501 -0.48323500
1.75837505 -0.45441899 -0.48581901
1.75693905 -0.45994100 -0.48581901
1.74614799 -0.46298301 -0.48323500
1.75401402 -0.47097099 -0.48581901
1.74312103 -0.47424901 -0.48323500
1.75093603 -0.48228800 -0.48581901
1.74941301 -0.48778701 -0.48581901
1.73857403 -0.49065599 -0.48323500
1.73702395 -0.49611601 -0.48323500
1.74473798 -0.50425202 -0.48581901
1.75241697 -0.51244301 -0.48840299
1.75079799 -0.51794499 -0.48840299
1.73990798 -0.52067399 -0.48581901
1.74750900 -0.52893603 -0.48840299
1.75498295 -0.53755701 -0.49098700
1.74405706 -0.54021001 -0.48840299
1.74235201 -0.54568601 -0.48840299
1.74983799 -0.55407298 -0.49098700
1.74808896 -0.55956799 -0.49098700
1.74632299 -0.56505698 -0.49098700
1.73535705 -0.56753701 -0.48840299
1.74273801 -0.57601798 -0.49098700
1.74091899 -0.58148998 -0.49098700
1.72993100 -0.58386701 -0.48840299
1.72808802 -0.58929902 -0.48840299
1.72622800 -0.59472501 -0.48840299
1.74249303 -0.60680002 -0.49357200
1.73146498 -0.60906601 -0.49098700
1.74774802 -0.62097102 -0.49615601
1.75488198 -0.62972099 -0.49873999
1.77105904 -0.64181399 -0.50390798
1.76903403 -0.64737499 -0.50390798
1.76699197 -0.65292901 -0.50390798
1.77398300 -0.66185403 -0.50649202
1.78997505 -0.67423397 -0.51166099
1.78784800 -0.67985398 -0.51166099
1.77656603 -0.68231601 -0.50907600
1.79242802 -0.69487703 -0.51424497
1.78123999 -0.69698501 -0.51166099
1.77904105 -0.70257699 -0.51166099
1.77682495 -0.70816302 -0.51166099
1.76562905 -0.71013600 -0.50907600
1.71863401 -0.69751501 -0.49615601
1.73418903 -0.71053600 -0.50132400
1.73194897 -0.71597999 -0.50132400
1.73873305 -0.72483301 -0.50390798
1.72754300 -0.72654700 -0.50132400
1.73414505 -0.73574400 -0.50390798
1.73169506 -0.74149001 -0.50390798
1.72935700 -0.74692702 -0.50390798
1.73585904 -0.75621402 -0.50649202
1.72463000 -0.75777799 -0.50390798
1.72224104 -0.76319200 -0.50390798
1.72865498 -0.77254099 -0.50649202
1.73502600 -0.78193700 -0.50907600
1.72376597 -0.78338701 -0.50649202
1.73007905 -0.79282302 -0.50907600
1.72757995 -0.79825401 -0.50907600
1.72492301 -0.80397803 -0.50907600
1.70490301 -0.80117601 -0.50390798
1.72856796 -0.81893599 -0.51166099
1.76085496 -0.84101701 -0.52199697
1.75820398 -0.84654403 -0.52199697
1.75553596 -0.85206401 -0.52199697
1.75285006 -0.85757500 -0.52199697
1.75881195 -0.86734998 -0.52458102
1.76472902 -0.87717098 -0.52716500
1.75317395 -0.87869000 -0.52458102
1.75902700 -0.88854897 -0.52716500
1.75622702 -0.89407003 -0.52716500
1.76200497 -0.90399301 -0.52974999
1.75915599 -0.90952402 -0.52974999
1.74772298 -0.91058302 -0.52716500
1.76196003 -0.92505002 -0.53233403
1.70781100 -0.90347600 -0.51682901
1.71348906 -0.91338098 -0.51941299
1.71061099 -0.91876000 -0.51941299
1.70771599 -0.92412901 -0.51941299
1.71328604 -0.93411398 -0.52199697
1.70187604 -0.93484098 -0.51941299
1.69876695 -0.94047898 -0.51941299
1.70424104 -0.95051700 -0.52199697
1.70966804 -0.96059799 -0.52458102
1.70664203 -0.96596497 -0.52458102
1.71199095 -0.97610599 -0.52716500
1.71729302 -0.98629099 -0.52974999
1.71418595 -0.99168098 -0.52974999
1.71106195 -0.99706203 -0.52974999
1.70774603 -1.00273001 -0.52974999
1.69627297 -1.00317299 -0.52716500
1.70123506 -1.01373696 -0.52974999
1.73135602 -1.03865898 -0.54008597
1.73635304 -1.04908895 -0.54267001
1.74130094 -1.05955994 -0.54525399
1.75443697 -1.07512105 -0.55042303
1.74283004 -1.07555401 -0.54783899
1.73944294 -1.08102405 -0.54783899
1.73603797 -1.08648300 -0.54783899
1.73242497 -1.09223402 -0.54783899
1.73714101 -1.10284901 -0.55042303
1.74180698 -1.11350405 -0.55300701
1.73829997 -1.11897004 -0.55300701
1.74288297 -1.12968004 -0.55559099
1.73932505 -1.13514996 -0.55559099
1.67923796 -1.10347295 -0.53750199
1.69993198 -1.12473404 -0.54525399
1.70442998 -1.13542497 -0.54783899
1.70085502 -1.14077401 -0.54783899
1.69726300 -1.14611197 -0.54783899
1.70164299 -1.15686905 -0.55042303
1.68982601 -1.15704799 -0.54783899
1.68618298 -1.16235101 -0.54783899
1.69045901 -1.17314994 -0.55042303
1.68676496 -1.17845500 -0.55042303
1.68305504 -1.18374896 -0.55042303
1.69509602 -1.20019495 -0.55559099
1.68324101 -1.20020103 -0.55300701
1.67946196 -1.20548296 -0.55300701
1.68349695 -1.21641099 -0.55559099
1.67966700 -1.22169399 -0.55559099
1.68361497 -1.23267102 -0.55817503
1.67973495 -1.23795497 -0.55817503
1.68359601 -1.24898100 -0.56075901
1.67966402 -1.25426400 -0.56075901
1.66777396 -1.25402200 -0.55817503
1.68693495 -1.27674496 -0.56592798
1.80836797 -0.34790999 -0.42528000
1.74989295 -0.34236401 -0.41177899
1.76792097 -0.35166100 -0.41627899
1.75725698 -0.35528299 -0.41402900
1.76567698 -0.36276299 -0.41627899
1.75498998 -0.36631700 -0.41402900
1.76336300 -0.37384900 -0.41627899
1.76217902 -0.37938699 -0.41627899
1.77042997 -0.38731101 -0.41852900
1.75969303 -0.39075899 -0.41627899
1.74895096 -0.39414299 -0.41402900
1.76670098 -0.40397999 -0.41852900
1.75593197 -0.40732601 -0.41627899
1.76412797 -0.41507199 -0.41852900
1.76281595 -0.42061201 -0.41852900
1.75201499 -0.42385700 -0.41627899
1.76013803 -0.43167999 -0.41852900
1.76822901 -0.43955800 -0.42077899
1.76683903 -0.44511101 -0.42077899
1.76543200 -0.45065901 -0.42077899
1.75457501 -0.45376399 -0.41852900
1.76256597 -0.46174300 -0.42077899
1.76110601 -0.46727800 -0.42077899
1.75962996 -0.47280800 -0.42077899
1.75805199 -0.47864100 -0.42077899
1.75653994 -0.48416200 -0.42077899
1.75501001 -0.48967701 -0.42077899
1.75346303 -0.49518901 -0.42077899
1.75189900 -0.50069499 -0.42077899
1.75967705 -0.50890303 -0.42302901
1.79547501 -0.52537400 -0.43202999
1.81250203 -0.53654301 -0.43652999
1.78280497 -0.53385001 -0.42978001
1.79044402 -0.54227197 -0.43202999
1.78863597 -0.54820698 -0.43202999
1.79621196 -0.55670798 -0.43428001
1.80375195 -0.56526101 -0.43652999
1.79267895 -0.56798202 -0.43428001
1.79088497 -0.57361102 -0.43428001
1.77980494 -0.57623398 -0.43202999
1.79650605 -0.58788300 -0.43652999
1.78540003 -0.59046400 -0.43428001
1.79277694 -0.59915900 -0.43652999
1.79088604 -0.60478801 -0.43652999
1.78897703 -0.61041099 -0.43652999
1.71335804 -0.59062499 -0.41852900
1.73899305 -0.60592198 -0.42528000
1.74627197 -0.61461699 -0.42752999
1.73515105 -0.61683601 -0.42528000
1.74237502 -0.62557697 -0.42752999
1.74040198 -0.63104701 -0.42752999
1.73841000 -0.63651198 -0.42752999
1.73640203 -0.64196998 -0.42752999
1.73437703 -0.64742202 -0.42752999
1.74145198 -0.65630400 -0.42978001
1.74848795 -0.66523600 -0.43202999
1.73717701 -0.66753602 -0.42978001
1.75323999 -0.68003702 -0.43428001
1.74202204 -0.68198901 -0.43202999
1.73987103 -0.68745899 -0.43202999
1.73770201 -0.69292098 -0.43202999
1.74455595 -0.70201498 -0.43428001
1.71525896 -0.69649398 -0.42752999
1.73998594 -0.71326602 -0.43428001
1.75574505 -0.72617602 -0.43878099
1.78056002 -0.74263501 -0.44553101
1.76923800 -0.74444598 -0.44328099
1.76689005 -0.75000000 -0.44328099
1.77335000 -0.75969201 -0.44553101
1.76200998 -0.76139498 -0.44328099
1.77747405 -0.77471298 -0.44778100
1.77503097 -0.78029299 -0.44778100
1.77257097 -0.78586501 -0.44778100
1.77898800 -0.79540700 -0.45003101
1.76759803 -0.79698700 -0.44778100
1.76508605 -0.80253601 -0.44778100
1.76255596 -0.80807799 -0.44778100
1.76000798 -0.81361097 -0.44778100
1.73963904 -0.81120700 -0.44328099
1.70181203 -0.80008602 -0.43428001
1.72570300 -0.81794798 -0.44103101
1.74070799 -0.83176702 -0.44553101
1.72930801 -0.83300298 -0.44328099
1.72668302 -0.83843201 -0.44328099
1.73279202 -0.84813601 -0.44553101
1.73011899 -0.85357600 -0.44553101
1.72742903 -0.85900700 -0.44553101
1.72457004 -0.86473000 -0.44553101
1.72184503 -0.87014401 -0.44553101
1.72778594 -0.87997103 -0.44778100
1.73368096 -0.88984400 -0.45003101
1.72222304 -0.89080900 -0.44778100
1.71941602 -0.89621598 -0.44778100
1.71659100 -0.90161300 -0.44778100
1.72236204 -0.91155899 -0.45003101
1.73668504 -0.92613500 -0.45453200
1.71660101 -0.92236298 -0.45003101
1.73940003 -0.94166702 -0.45678201
1.75354099 -0.95645899 -0.46128201
1.75052702 -0.96196300 -0.46128201
1.74732804 -0.96776199 -0.46128201
1.75278795 -0.97799498 -0.46353200
1.75820005 -0.98827100 -0.46578199
1.74660802 -0.98898798 -0.46353200
1.75195599 -0.99929798 -0.46578199
1.74880803 -1.00479698 -0.46578199
1.76250899 -1.02004695 -0.47028300
1.75929499 -1.02557898 -0.47028300
1.74748397 -1.02647305 -0.46803299
1.72747898 -1.02203500 -0.46353200
1.69060302 -1.00780106 -0.45453200
1.71266794 -1.02785504 -0.46128201
1.70943105 -1.03322995 -0.46128201
1.69785404 -1.03352904 -0.45903200
1.70290506 -1.04394996 -0.46128201
1.69961703 -1.04929495 -0.46128201
1.69631195 -1.05463004 -0.46128201
1.69299102 -1.05995297 -0.46128201
1.69770801 -1.07076001 -0.46353200
1.70255995 -1.08131099 -0.46578199
1.71557200 -1.09715402 -0.47028300
1.70392501 -1.09726298 -0.46803299
1.70046902 -1.10260999 -0.46803299
1.70515501 -1.11327398 -0.47028300
1.70165002 -1.11862504 -0.47028300
1.72250199 -1.14009905 -0.47703299
1.72702003 -1.15090799 -0.47928300
1.73148704 -1.16175699 -0.48153400
1.73590195 -1.17264497 -0.48378399
1.73221004 -1.17809296 -0.48378399
1.73633206 -1.18933702 -0.48603401
1.72456598 -1.18925405 -0.48378399
1.72882497 -1.20022297 -0.48603401
1.72504604 -1.20564795 -0.48603401
1.72125006 -1.21106100 -0.48603401
1.71743703 -1.21646297 -0.48603401
1.72925794 -1.23346806 -0.49053401
1.72537506 -1.23889399 -0.49053401
1.66619694 -1.20435405 -0.47478300
1.68604100 -1.22678006 -0.48153400
1.69003999 -1.23782802 -0.48378399
1.69398499 -1.24891400 -0.48603401
1.69005299 -1.25422895 -0.48603401
1.68610501 -1.25953197 -0.48603401
1.68191898 -1.26511705 -0.48603401
1.68570399 -1.27627599 -0.48828399
1.78074205 -0.35453501 -0.35462901
1.77962005 -0.36012700 -0.35462901
1.78809297 -0.36769301 -0.35654601
1.78692901 -0.37330899 -0.35654601
1.78574800 -0.37892100 -0.35654601
1.78454804 -0.38452899 -0.35654601
1.77367604 -0.38834599 -0.35462901
1.79160905 -0.39817399 -0.35846299
1.78077495 -0.40164199 -0.35654601
1.77950394 -0.40723401 -0.35654601
1.77821600 -0.41282201 -0.35654601
1.76735699 -0.41615701 -0.35462901
1.80422604 -0.43082601 -0.36229599
1.78378499 -0.43187299 -0.35846299
1.77288795 -0.43513501 -0.35654601
1.77151299 -0.44070300 -0.35654601
1.77011895 -0.44626600 -0.35654601
1.76870799 -0.45182499 -0.35654601
1.76727998 -0.45737901 -0.35654601
1.76583505 -0.46292901 -0.35654601
1.76437199 -0.46847400 -0.35654601
1.79132497 -0.48166001 -0.36229599
1.78024805 -0.48501799 -0.36037999
1.76925504 -0.48799801 -0.35846299
1.78661895 -0.49883300 -0.36229599
1.78504300 -0.50444299 -0.36229599
1.76457703 -0.50465101 -0.35846299
1.80069399 -0.52110600 -0.36612999
1.79904795 -0.52675998 -0.36612999
1.79738402 -0.53240901 -0.36612999
1.78630102 -0.53523600 -0.36421299
1.79400301 -0.54369199 -0.36612999
1.79218996 -0.54963797 -0.36612999
1.78108096 -0.55235898 -0.36421299
1.79806602 -0.56382501 -0.36804700
1.77757502 -0.56353903 -0.36421299
1.79448795 -0.57511097 -0.36804700
1.78333604 -0.57772100 -0.36612999
1.78151202 -0.58332098 -0.36612999
1.78898799 -0.59199798 -0.36804700
1.77781200 -0.59450299 -0.36612999
1.78523302 -0.60322702 -0.36804700
1.78332996 -0.60883200 -0.36804700
1.77213001 -0.61123103 -0.36612999
1.75888896 -0.61940199 -0.36421299
1.75693405 -0.62492502 -0.36421299
1.76419902 -0.63375998 -0.36612999
1.77142501 -0.64264601 -0.36804700
1.76018202 -0.64483202 -0.36612999
1.77655697 -0.65716898 -0.36996400
1.76529002 -0.65931302 -0.36804700
1.79076004 -0.67524302 -0.37379801
1.76111197 -0.67039102 -0.36804700
1.74971902 -0.67270499 -0.36612999
1.79334497 -0.69595301 -0.37571499
1.76373506 -0.69084501 -0.36996400
1.77068305 -0.69999099 -0.37188101
1.75024295 -0.69827598 -0.36804700
1.77535403 -0.71476799 -0.37379801
1.74582100 -0.70925999 -0.36804700
1.74346006 -0.71504498 -0.36804700
1.77748001 -0.73552901 -0.37571499
1.78434706 -0.74457997 -0.37763199
1.77295399 -0.74637401 -0.37571499
1.77963400 -0.75577599 -0.37763199
1.75907600 -0.75394100 -0.37379801
1.77471602 -0.76725298 -0.37763199
1.76329994 -0.76890200 -0.37571499
1.76986003 -0.77838898 -0.37763199
1.76740599 -0.78394502 -0.37763199
1.76493502 -0.78949302 -0.37763199
1.76244605 -0.79503399 -0.37763199
1.76887298 -0.80463099 -0.37954900
1.76633596 -0.81018400 -0.37954900
1.75487399 -0.81160903 -0.37763199
1.74327898 -0.81327498 -0.37571499
1.75847805 -0.82710201 -0.37954900
1.76473904 -0.83682799 -0.38146600
1.74439204 -0.83390099 -0.37763199
1.75060499 -0.84363800 -0.37954900
1.74794602 -0.84913403 -0.37954900
1.74526894 -0.85462099 -0.37954900
1.75137699 -0.86444402 -0.38146600
1.75743997 -0.87431300 -0.38338199
1.76330304 -0.88453698 -0.38529900
1.74299800 -0.88121599 -0.38146600
1.75771105 -0.89559799 -0.38529900
1.77234995 -0.91008198 -0.38913301
1.73461604 -0.89760399 -0.38146600
1.74919200 -0.91212398 -0.38529900
1.74631798 -0.91761500 -0.38529900
1.72607899 -0.91391200 -0.38146600
1.74051797 -0.92856902 -0.38529900
1.75488198 -0.94332701 -0.38913301
1.75190902 -0.94883502 -0.38913301
1.74891996 -0.95433402 -0.38913301
1.75451398 -0.96455199 -0.39105001
1.75988996 -0.97512197 -0.39296699
1.75681806 -0.98064601 -0.39296699
1.73661900 -0.97653902 -0.38913301
1.74208200 -0.98682702 -0.39105001
1.74749804 -0.99716002 -0.39296699
1.75286603 -1.00753605 -0.39488399
1.74119794 -1.00811994 -0.39296699
1.74650097 -1.01852906 -0.39488399
1.74311399 -1.02431500 -0.39488399
1.73144102 -1.02478695 -0.39296699
1.74489200 -1.04057705 -0.39680099
1.74179697 -1.04575002 -0.39680099
1.73010397 -1.04613805 -0.39488399
1.73519194 -1.05667305 -0.39680099
1.74859703 -1.07238102 -0.40063500
1.73686898 -1.07271194 -0.39871800
1.74182403 -1.08334696 -0.40063500
1.73841202 -1.08881295 -0.40063500
1.73479199 -1.09457195 -0.40063500
1.73134506 -1.10001695 -0.40063500
1.73614800 -1.11073995 -0.40255201
1.72439897 -1.11087298 -0.40063500
1.72913504 -1.12162602 -0.40255201
1.72560203 -1.12705302 -0.40255201
1.71385300 -1.12707603 -0.40063500
1.71490395 -1.14326596 -0.40255201
1.72760201 -1.15958798 -0.40638500
1.74021399 -1.17600000 -0.41021901
1.73651099 -1.18146098 -0.41021901
1.72448695 -1.18166494 -0.40830201
1.72076595 -1.18707705 -0.40830201
1.73315096 -1.20367396 -0.41213599
1.74544799 -1.22036099 -0.41597000
1.72555399 -1.21454000 -0.41213599
1.72172999 -1.21995497 -0.41213599
1.72566402 -1.23135900 -0.41405299
1.69787300 -1.21959603 -0.40830201
1.68607998 -1.21917403 -0.40638500
1.70604706 -1.24179196 -0.41213599
1.70213699 -1.24714506 -0.41213599
1.70611000 -1.25831199 -0.41405299
1.71002805 -1.26951599 -0.41597000
1.69816995 -1.26900697 -0.41405299
1.70179498 -1.28053200 -0.41597000
1.69776297 -1.28587198 -0.41597000
1.69371498 -1.29120004 -0.41597000
1.73368895 -0.34548101 -0.28118700
1.79067099 -0.36268899 -0.29061201
1.79919505 -0.37030399 -0.29218301
1.77868998 -0.37191200 -0.28904101
1.79683304 -0.38160101 -0.29218301
1.79562604 -0.38724399 -0.29218301
1.79433203 -0.39319599 -0.29218301
1.78344703 -0.39668700 -0.29061201
1.79182601 -0.40446299 -0.29218301
1.82905197 -0.41890901 -0.29846701
1.82772696 -0.42465299 -0.29846701
1.80715895 -0.42586201 -0.29532501
1.80581200 -0.43153799 -0.29532501
1.84283996 -0.44651100 -0.30160901
1.80306494 -0.44287500 -0.29532501
1.83999801 -0.45808101 -0.30160901
1.80024695 -0.45419499 -0.29532501
1.83708405 -0.46963301 -0.30160901
1.82603896 -0.47292599 -0.30003801
1.83409703 -0.48116601 -0.30160901
1.82303202 -0.48438999 -0.30003801
1.80242705 -0.48498300 -0.29689601
1.84844995 -0.50394499 -0.30475000
1.81829798 -0.50186700 -0.30003801
1.82622397 -0.51023400 -0.30160901
1.77709603 -0.50253201 -0.29375401
1.78500295 -0.51082999 -0.29532501
1.80236197 -0.52192903 -0.29846701
1.79123604 -0.52481198 -0.29689601
1.78957796 -0.53043699 -0.29689601
1.78790295 -0.53605598 -0.29689601
1.78620994 -0.54167098 -0.29689601
1.79384506 -0.55048800 -0.29846701
1.79210699 -0.55612099 -0.29846701
1.79035103 -0.56174803 -0.29846701
1.78857696 -0.56737000 -0.29846701
1.77738202 -0.56997102 -0.29689601
1.79437196 -0.58164197 -0.30003801
1.77376604 -0.58112699 -0.29689601
1.78130698 -0.58980101 -0.29846701
1.78881001 -0.59852803 -0.30003801
1.78692102 -0.60414398 -0.30003801
1.79436004 -0.61294800 -0.30160901
1.78309000 -0.61536002 -0.30003801
1.79036403 -0.62452197 -0.30160901
1.82565200 -0.64327198 -0.30789199
1.83292603 -0.65231502 -0.30946299
1.83086801 -0.65807003 -0.30946299
1.81950796 -0.66044903 -0.30789199
1.81742406 -0.66616201 -0.30789199
1.82458401 -0.67529601 -0.30946299
1.83170497 -0.68448198 -0.31103399
1.81106496 -0.68326098 -0.30789199
1.82736802 -0.69597697 -0.31103399
1.83426702 -0.70557898 -0.31260499
1.84124804 -0.71491301 -0.31417599
1.82060301 -0.71348602 -0.31103399
1.82753599 -0.72283500 -0.31260499
1.80691195 -0.72125000 -0.30946299
1.81379795 -0.73061299 -0.31103399
1.79319501 -0.72886997 -0.30789199
1.77249599 -0.72731501 -0.30475000
1.77020204 -0.73288000 -0.30475000
1.76802003 -0.73812902 -0.30475000
1.75659001 -0.73984599 -0.30317900
1.75425696 -0.74536097 -0.30317900
1.75177598 -0.75117397 -0.30317900
1.77660000 -0.76843601 -0.30789199
1.75607395 -0.76611501 -0.30475000
1.77173698 -0.77958298 -0.30789199
1.76025200 -0.78113902 -0.30632100
1.76680398 -0.79070002 -0.30789199
1.77331305 -0.80030900 -0.30946299
1.76180100 -0.80178499 -0.30789199
1.75029802 -0.80319703 -0.30632100
1.75672901 -0.81283897 -0.30789199
1.76297200 -0.82283700 -0.30946299
1.76931500 -0.83257598 -0.31103399
1.77561295 -0.84236401 -0.31260499
1.81750500 -0.86924303 -0.32045901
1.80586898 -0.87065899 -0.31888801
1.80312502 -0.87632799 -0.31888801
1.80923200 -0.88633299 -0.32045901
1.80643797 -0.89201301 -0.32045901
1.77710295 -0.88448203 -0.31574601
1.80946696 -0.90808898 -0.32203001
1.79779196 -0.90931201 -0.32045901
1.77732897 -0.90598500 -0.31731701
1.80082798 -0.92510301 -0.32203001
1.78037202 -0.92167503 -0.31888801
1.76871204 -0.92269599 -0.31731701
1.79202902 -0.94203401 -0.32203001
1.71924400 -0.91067702 -0.30946299
1.74251199 -0.93002403 -0.31417599
1.75697803 -0.94484901 -0.31731701
1.73663402 -0.94095403 -0.31417599
1.75100601 -0.95586902 -0.31731701
1.73934102 -0.95660597 -0.31574601
1.74479699 -0.96715701 -0.31731701
1.74175000 -0.97263402 -0.31731701
1.74729300 -0.98294300 -0.31888801
1.73560500 -0.98355800 -0.31731701
1.74108303 -0.99390203 -0.31888801
1.74651301 -1.00428998 -0.32045901
1.73480403 -1.00482202 -0.31888801
1.74016905 -1.01524305 -0.32045901
1.73679197 -1.02100801 -0.32045901
1.74207401 -1.03149104 -0.32203001
1.73864400 -1.03726304 -0.32203001
1.76942301 -1.06275594 -0.32831299
1.79142594 -1.08364499 -0.33302599
1.78801298 -1.08926702 -0.33302599
1.78458202 -1.09487903 -0.33302599
1.78113401 -1.10047996 -0.33302599
1.81120801 -1.12693906 -0.33930999
1.77418399 -1.11164999 -0.33302599
1.79554200 -1.13334095 -0.33773899
1.76696801 -1.12308300 -0.33302599
1.78006697 -1.13927603 -0.33616799
1.75987697 -1.13416302 -0.33302599
1.78115904 -1.15581405 -0.33773899
1.71964598 -1.12359095 -0.32674301
1.73260903 -1.13984299 -0.32988399
1.72901905 -1.14528096 -0.32988399
1.72541296 -1.15070701 -0.32988399
1.72998798 -1.16162801 -0.33145499
1.74269402 -1.17811894 -0.33459699
1.73081994 -1.17803097 -0.33302599
1.71061206 -1.17259705 -0.32988399
1.72317600 -1.18918300 -0.33302599
1.72754204 -1.20022595 -0.33459699
1.73185599 -1.21130800 -0.33616799
1.71996701 -1.21105695 -0.33459699
1.72421098 -1.22216499 -0.33616799
1.72014797 -1.22787595 -0.33616799
1.70826197 -1.22751105 -0.33459699
1.72040105 -1.24444795 -0.33773899
1.73245096 -1.26147294 -0.34088001
1.72051406 -1.26107097 -0.33930999
1.70859694 -1.26060700 -0.33773899
1.70462799 -1.26596797 -0.33773899
1.70855200 -1.27723098 -0.33930999
1.70430696 -1.28288901 -0.33930999
1.70026898 -1.28823698 -0.33930999
1.76282799 -0.34585300 -0.22118600
1.75199902 -0.34944800 -0.21996300
1.76062000 -0.35692200 -0.22118600
1.74976897 -0.36044899 -0.21996300
1.74862802 -0.36594501 -0.21996300
1.74747002 -0.37143600 -0.21996300
1.75599599 -0.37901801 -0.22118600
1.75472999 -0.38483900 -0.22118600
1.75351202 -0.39035001 -0.22118600
1.75227702 -0.39585701 -0.22118600
1.76069903 -0.40357700 -0.22240800
1.75942194 -0.40910700 -0.22240800
1.75812805 -0.41463199 -0.22240800
1.75681698 -0.42015299 -0.22240800
1.75548804 -0.42567000 -0.22240800
1.76378095 -0.43355200 -0.22363000
1.76241004 -0.43909100 -0.22363000
1.76102197 -0.44462600 -0.22363000
1.75000095 -0.44769600 -0.22240800
1.74858606 -0.45319200 -0.22240800
1.74715304 -0.45868301 -0.22240800
1.75529504 -0.46672001 -0.22363000
1.75382102 -0.47223201 -0.22363000
1.75224495 -0.47804499 -0.22363000
1.75073397 -0.48354799 -0.22363000
1.74920702 -0.48904601 -0.22363000
1.74766195 -0.49453801 -0.22363000
1.74609900 -0.50002599 -0.22363000
1.75405300 -0.50827199 -0.22485200
1.79054403 -0.52494901 -0.22973999
1.78888595 -0.53057200 -0.22973999
1.78720999 -0.53618902 -0.22973999
1.79501498 -0.54468298 -0.23096199
1.79319799 -0.55063200 -0.23096199
1.80093801 -0.55920601 -0.23218399
1.79917300 -0.56486100 -0.23218399
1.79738903 -0.57051098 -0.23218399
1.82393897 -0.58525199 -0.23585001
1.77488697 -0.57566899 -0.22973999
1.78250098 -0.58433300 -0.23096199
1.79007804 -0.59305203 -0.23218399
1.79761803 -0.60182297 -0.23340601
1.78631699 -0.60428703 -0.23218399
1.79380095 -0.61310601 -0.23340601
1.73557699 -0.59930199 -0.22607400
1.75232196 -0.61159497 -0.22851799
1.75039196 -0.61709702 -0.22851799
1.74844396 -0.62259299 -0.22851799
1.73714006 -0.62472397 -0.22729599
1.74449801 -0.63356602 -0.22851799
1.74249899 -0.63904399 -0.22851799
1.74978995 -0.64796102 -0.22973999
1.73844898 -0.64998001 -0.22851799
1.74568403 -0.65894300 -0.22973999
1.74360597 -0.66442400 -0.22973999
1.74139297 -0.67020202 -0.22973999
1.73927903 -0.67567003 -0.22973999
1.73714697 -0.68112999 -0.22973999
1.73499894 -0.68658400 -0.22973999
1.73283398 -0.69203198 -0.22973999
1.72144496 -0.69376200 -0.22851799
1.72845101 -0.70290601 -0.22973999
1.71692896 -0.70486403 -0.22851799
1.74221504 -0.72164899 -0.23218399
1.76754105 -0.73829103 -0.23585001
1.76521301 -0.74383998 -0.23585001
1.78113496 -0.75714803 -0.23829401
1.78773606 -0.76696301 -0.23951600
1.78531694 -0.77257597 -0.23951600
1.78288102 -0.77818102 -0.23951600
1.78042805 -0.78377801 -0.23951600
1.79609895 -0.79742199 -0.24196000
1.75735104 -0.78683800 -0.23707201
1.77296197 -0.80052298 -0.23951600
1.76140594 -0.80197603 -0.23829401
1.76789701 -0.81164700 -0.23951600
1.77434599 -0.82136601 -0.24073800
1.72664702 -0.80624998 -0.23462801
1.72410595 -0.81167001 -0.23462801
1.73051405 -0.82133800 -0.23585001
1.72792494 -0.82677102 -0.23585001
1.72531903 -0.83219498 -0.23585001
1.74054801 -0.84629101 -0.23829401
1.72896802 -0.84738702 -0.23707201
1.72629797 -0.85281497 -0.23707201
1.73249495 -0.86265802 -0.23829401
1.72962403 -0.86839801 -0.23829401
1.72688794 -0.87382698 -0.23829401
1.73297596 -0.88375700 -0.23951600
1.72136295 -0.88466102 -0.23829401
1.72738898 -0.89462799 -0.23951600
1.72457004 -0.90005100 -0.23951600
1.72173405 -0.90546399 -0.23951600
1.71011102 -0.90622097 -0.23829401
1.69850004 -0.90691501 -0.23707201
1.72186399 -0.92635298 -0.24073800
1.74512196 -0.94594699 -0.24440400
1.75956297 -0.96093899 -0.24684800
1.75653601 -0.96646202 -0.24684800
1.75332105 -0.97228199 -0.24684800
1.75025797 -0.97778499 -0.24684800
1.75582695 -0.98814702 -0.24807000
1.75271404 -0.99365801 -0.24807000
1.74958301 -0.99915898 -0.24807000
1.75503898 -1.00960004 -0.24929200
1.74327099 -1.01013196 -0.24807000
1.74008906 -1.01560402 -0.24807000
1.74526703 -1.02639997 -0.24929200
1.71641600 -1.01670301 -0.24562600
1.70451200 -1.01730299 -0.24440400
1.70999300 -1.02746797 -0.24562600
1.71524799 -1.03797305 -0.24684800
1.70350397 -1.03819203 -0.24562600
1.70869303 -1.04873002 -0.24684800
1.72227502 -1.06452894 -0.24929200
1.71049595 -1.06468999 -0.24807000
1.71555197 -1.07533002 -0.24929200
1.72036898 -1.08631206 -0.25051400
1.71694803 -1.09171104 -0.25051400
1.71351004 -1.09710002 -0.25051400
1.71005404 -1.10247695 -0.25051400
1.70658302 -1.10784400 -0.25051400
1.69478595 -1.10776997 -0.24929200
1.68300700 -1.10763204 -0.24807000
1.68779194 -1.11839700 -0.24929200
1.73380804 -1.15674305 -0.25662401
1.73840404 -1.16771901 -0.25784600
1.73472703 -1.17317402 -0.25784600
1.73923695 -1.18420398 -0.25906801
1.74348497 -1.19557798 -0.26029000
1.73972094 -1.20105004 -0.26029000
1.73593903 -1.20650899 -0.26029000
1.74027205 -1.21764696 -0.26151201
1.72832406 -1.21739197 -0.26029000
1.72449100 -1.22281599 -0.26029000
1.72042704 -1.22852802 -0.26029000
1.72461700 -1.23971999 -0.26151201
1.68855095 -1.22185802 -0.25662401
1.68470502 -1.22715700 -0.25662401
1.68884504 -1.23831201 -0.25784600
1.68494594 -1.24361205 -0.25784600
1.68899798 -1.25481796 -0.25906801
1.68504798 -1.26011801 -0.25906801
1.68086004 -1.26569903 -0.25906801
1.67687500 -1.27097297 -0.25906801
1.78872299 -0.35125801 -0.16121000
1.76807404 -0.35297501 -0.15944800
1.76695597 -0.35852799 -0.15944800
1.76582098 -0.36407700 -0.15944800
1.76466894 -0.36962301 -0.15944800
1.76349902 -0.37516499 -0.15944800
1.75250900 -0.37890601 -0.15856700
1.76103902 -0.38654500 -0.15944800
1.75009298 -0.38991001 -0.15856700
1.75857604 -0.39760199 -0.15944800
1.77673602 -0.40757999 -0.16121000
1.82395601 -0.42444801 -0.16561501
1.79352903 -0.42331100 -0.16297200
1.81156600 -0.43358099 -0.16473401
1.81019497 -0.43926999 -0.16473401
1.80880594 -0.44495499 -0.16473401
1.82672906 -0.45545501 -0.16649500
1.82528901 -0.46119100 -0.16649500
1.81418204 -0.46445301 -0.16561501
1.82235599 -0.47265100 -0.16649500
1.81122804 -0.47584301 -0.16561501
1.80009794 -0.47896901 -0.16473401
1.81773496 -0.49012199 -0.16649500
1.81618595 -0.49583000 -0.16649500
1.81461895 -0.50153399 -0.16649500
1.80344200 -0.50454801 -0.16561501
1.79226398 -0.50749701 -0.16473401
1.76193297 -0.50489300 -0.16209100
1.75077105 -0.50765198 -0.16121000
1.75872600 -0.51595402 -0.16209100
1.74754703 -0.51864201 -0.16121000
1.75545001 -0.52699399 -0.16209100
1.75369203 -0.53281200 -0.16209100
1.75200999 -0.53831899 -0.16209100
1.75030994 -0.54382098 -0.16209100
1.75809598 -0.55230200 -0.16297200
1.74685895 -0.55480701 -0.16209100
1.74510705 -0.56029302 -0.16209100
1.75281298 -0.56884700 -0.16297200
1.73208702 -0.56814200 -0.16121000
1.74920404 -0.57984900 -0.16297200
1.74737406 -0.58534098 -0.16297200
1.74552596 -0.59082800 -0.16297200
1.75308704 -0.59953201 -0.16385300
1.74167502 -0.60208797 -0.16297200
1.76798701 -0.61740899 -0.16561501
1.80361402 -0.63621402 -0.16913800
1.80160606 -0.64187801 -0.16913800
1.79020798 -0.64416200 -0.16825700
1.81626201 -0.65998900 -0.17090000
1.80482805 -0.66226000 -0.17001900
1.80273902 -0.66792703 -0.17001900
1.81929100 -0.68056703 -0.17178100
1.80782497 -0.68276000 -0.17090000
1.81485796 -0.69230098 -0.17178100
1.81267405 -0.69799900 -0.17178100
1.79190397 -0.69647300 -0.17001900
1.80825305 -0.70937502 -0.17178100
1.79675400 -0.71138501 -0.17090000
1.78525996 -0.71332997 -0.17001900
1.80148697 -0.72638500 -0.17178100
1.76229000 -0.71702498 -0.16825700
1.74147403 -0.71529597 -0.16649500
1.73921800 -0.72076303 -0.16649500
1.74626303 -0.72976100 -0.16737600
1.75313997 -0.73911399 -0.16825700
1.74151397 -0.74102300 -0.16737600
1.74833095 -0.75041902 -0.16825700
1.73682296 -0.75195098 -0.16737600
1.74358106 -0.76138902 -0.16825700
1.74118102 -0.76686299 -0.16825700
1.73876297 -0.77232999 -0.16825700
1.73632801 -0.77778798 -0.16825700
1.73387599 -0.78323901 -0.16825700
1.73140705 -0.78868300 -0.16825700
1.72891998 -0.79411799 -0.16825700
1.73531604 -0.80403501 -0.16913800
1.72375596 -0.80526602 -0.16825700
1.73924100 -0.81916600 -0.17001900
1.75465500 -0.83317202 -0.17178100
1.78796899 -0.85588402 -0.17530499
1.77629900 -0.85716701 -0.17442399
1.78255606 -0.86710101 -0.17530499
1.78876698 -0.87708199 -0.17618600
1.78600204 -0.88269699 -0.17618600
1.78322005 -0.88830400 -0.17618600
1.77136302 -0.88974100 -0.17530499
1.77744699 -0.89980102 -0.17618600
1.77461100 -0.90538001 -0.17618600
1.78061700 -0.91550601 -0.17706700
1.77773201 -0.92109501 -0.17706700
1.78365898 -0.93128598 -0.17794800
1.77190995 -0.93224698 -0.17706700
1.74256897 -0.92381197 -0.17442399
1.72208595 -0.91989499 -0.17266200
1.72795904 -0.93002099 -0.17354301
1.72502899 -0.93544501 -0.17354301
1.73082304 -0.94563597 -0.17442399
1.72767794 -0.95137000 -0.17442399
1.72468102 -0.95679301 -0.17442399
1.72166598 -0.96220702 -0.17442399
1.71863496 -0.96761101 -0.17442399
1.71558595 -0.97300500 -0.17442399
1.71252096 -0.97838998 -0.17442399
1.70943904 -0.98376501 -0.17442399
1.70633996 -0.98913097 -0.17442399
1.71165204 -0.99980801 -0.17530499
1.70850301 -1.00518000 -0.17530499
1.70516002 -1.01084006 -0.17530499
1.71052802 -1.02129900 -0.17618600
1.74163997 -1.04689705 -0.17970900
1.72130001 -1.04204595 -0.17794800
1.72652304 -1.05263400 -0.17882800
1.71471906 -1.05284095 -0.17794800
1.71987498 -1.06346095 -0.17882800
1.72498202 -1.07412398 -0.17970900
1.72141004 -1.07983899 -0.17970900
1.71800900 -1.08524096 -0.17970900
1.71459103 -1.09063303 -0.17970900
1.71954501 -1.10138702 -0.18059000
1.70770502 -1.10138500 -0.17970900
1.72094500 -1.11759496 -0.18147101
1.70075095 -1.11209297 -0.17970900
1.70556903 -1.12290800 -0.18059000
1.70203304 -1.12826002 -0.18059000
1.69848001 -1.13360202 -0.18059000
1.70317805 -1.14448798 -0.18147101
1.70782399 -1.15541506 -0.18235201
1.69575202 -1.15546298 -0.18147101
1.69211304 -1.16078401 -0.18147101
1.69665504 -1.17175496 -0.18235201
1.70932198 -1.18845201 -0.18411399
1.70558000 -1.19381702 -0.18411399
1.70996404 -1.20490599 -0.18499500
1.70595896 -1.21056998 -0.18499500
1.71025300 -1.22171402 -0.18587600
1.71449399 -1.23289597 -0.18675700
1.69447398 -1.22659504 -0.18499500
1.69061196 -1.23191202 -0.18499500
1.68673396 -1.23721695 -0.18499500
1.69085205 -1.24842703 -0.18587600
1.68692195 -1.25373197 -0.18587600
1.68275499 -1.25932002 -0.18587600
1.67878997 -1.26460004 -0.18587600
1.80407596 -0.34871700 -0.09646800
1.80297196 -0.35438299 -0.09646800
1.77247095 -0.35417500 -0.09489500
1.76156402 -0.35775399 -0.09437100
1.76043105 -0.36328599 -0.09437100
1.75928104 -0.36881500 -0.09437100
1.75811398 -0.37434000 -0.09437100
1.75686300 -0.38016799 -0.09437100
1.75566006 -0.38568601 -0.09437100
1.76418602 -0.39337301 -0.09489500
1.76294196 -0.39891300 -0.09489500
1.76168001 -0.40444899 -0.09489500
1.81875598 -0.42357299 -0.09804100
1.82713497 -0.43158001 -0.09856500
1.80634701 -0.43266499 -0.09751700
1.81468296 -0.44069499 -0.09804100
1.82298696 -0.44878101 -0.09856500
1.82156801 -0.45450601 -0.09856500
1.81044900 -0.45777801 -0.09804100
1.82834995 -0.46842000 -0.09909000
1.81720304 -0.47165301 -0.09856500
1.81571305 -0.47736001 -0.09856500
1.82385397 -0.48563099 -0.09909000
1.83187497 -0.49427801 -0.09961400
1.82068002 -0.49739900 -0.09909000
1.81910801 -0.50311601 -0.09909000
1.81751895 -0.50882798 -0.09909000
1.81591105 -0.51453602 -0.09909000
1.76628900 -0.50647497 -0.09646800
1.75509799 -0.50923902 -0.09594400
1.76307201 -0.51756299 -0.09646800
1.76143706 -0.52309901 -0.09646800
1.75978506 -0.52863002 -0.09646800
1.76757705 -0.53736800 -0.09699200
1.76587999 -0.54291803 -0.09699200
1.75462997 -0.54549903 -0.09646800
1.76243401 -0.55400300 -0.09699200
1.76068497 -0.55953699 -0.09699200
1.76842594 -0.56812000 -0.09751700
1.77612996 -0.57675701 -0.09804100
1.77430999 -0.58233398 -0.09804100
1.76299298 -0.58476198 -0.09751700
1.76114702 -0.59029698 -0.09751700
1.76874304 -0.59903002 -0.09804100
1.74795496 -0.59811801 -0.09699200
1.73652399 -0.60064697 -0.09646800
1.74405599 -0.60939300 -0.09699200
1.79863501 -0.63481098 -0.10013800
1.81544399 -0.64716500 -0.10118700
1.80400705 -0.64948201 -0.10066200
1.80195701 -0.65514702 -0.10066200
1.80926502 -0.66424602 -0.10118700
1.79780495 -0.66645598 -0.10066200
1.81440794 -0.67910099 -0.10171100
1.82160699 -0.68832803 -0.10223500
1.80998504 -0.69080400 -0.10171100
1.80780602 -0.69648701 -0.10171100
1.81491601 -0.70578200 -0.10223500
1.81269002 -0.71148002 -0.10223500
1.81044495 -0.71717203 -0.10223500
1.80818295 -0.72285599 -0.10223500
1.83368695 -0.73974103 -0.10380800
1.76660895 -0.71914202 -0.10013800
1.73650396 -0.71360898 -0.09856500
1.74347901 -0.72288603 -0.09909000
1.74132597 -0.72805500 -0.09909000
1.74823105 -0.73740298 -0.09961400
1.73658800 -0.73928499 -0.09909000
1.74343300 -0.74867803 -0.09961400
1.75023603 -0.75812000 -0.10013800
1.74784601 -0.76361501 -0.10013800
1.74543798 -0.76910198 -0.10013800
1.73388803 -0.77052599 -0.09961400
1.73145795 -0.77596998 -0.09961400
1.74721205 -0.78963101 -0.10066200
1.74472296 -0.79511601 -0.10066200
1.74221599 -0.80059302 -0.10066200
1.73955202 -0.80636603 -0.10066200
1.71891606 -0.80337101 -0.09961400
1.72541702 -0.81302398 -0.10013800
1.73187494 -0.82272500 -0.10066200
1.79232800 -0.85835499 -0.10433200
1.79861605 -0.86832303 -0.10485700
1.78690004 -0.86960000 -0.10433200
1.78415895 -0.87520897 -0.10433200
1.78140104 -0.88081002 -0.10433200
1.78756297 -0.89085603 -0.10485700
1.79352200 -0.90126300 -0.10538100
1.79068100 -0.90689301 -0.10538100
1.77892900 -0.90797400 -0.10485700
1.79382801 -0.92269403 -0.10590500
1.79092097 -0.92832500 -0.10590500
1.78799498 -0.93394703 -0.10590500
1.77621603 -0.93490797 -0.10538100
1.73798096 -0.92176700 -0.10328400
1.72626901 -0.92251599 -0.10276000
1.72336197 -0.92793500 -0.10276000
1.72921598 -0.93810600 -0.10328400
1.72626102 -0.94353402 -0.10328400
1.73186898 -0.95407200 -0.10380800
1.72886300 -0.95950800 -0.10380800
1.72583997 -0.96493500 -0.10380800
1.73150098 -0.97525299 -0.10433200
1.72842896 -0.98068798 -0.10433200
1.72534001 -0.98611301 -0.10433200
1.73088706 -0.99651098 -0.10485700
1.72774804 -1.00194395 -0.10485700
1.73303795 -1.01270604 -0.10538100
1.72984803 -1.01814497 -0.10538100
1.71787298 -1.01878202 -0.10485700
1.71466398 -1.02417397 -0.10485700
1.74584997 -1.04984200 -0.10695400
1.75962698 -1.06566799 -0.10800200
1.76479602 -1.07639098 -0.10852700
1.77842402 -1.09238303 -0.10957500
1.77498305 -1.09796500 -0.10957500
1.78000200 -1.10881603 -0.11009900
1.76785600 -1.10940397 -0.10957500
1.76436198 -1.11495304 -0.10957500
1.76927602 -1.12585104 -0.11009900
1.76573002 -1.13140404 -0.11009900
1.76216698 -1.13694501 -0.11009900
1.76696098 -1.14791596 -0.11062400
1.76334596 -1.15346205 -0.11062400
1.71801400 -1.13153100 -0.10800200
1.71445096 -1.13692296 -0.10800200
1.71917605 -1.14784896 -0.10852700
1.71556103 -1.15324402 -0.10852700
1.71193004 -1.15862799 -0.10852700
1.70807803 -1.16429806 -0.10852700
1.72088003 -1.18096006 -0.10957500
1.70894504 -1.18068397 -0.10905100
1.71342599 -1.19174898 -0.10957500
1.70149302 -1.19139802 -0.10905100
1.69774199 -1.19673800 -0.10905100
1.70190704 -1.20814204 -0.10957500
1.69810295 -1.21348202 -0.10957500
1.68617594 -1.21297896 -0.10905100
1.69044495 -1.22412801 -0.10957500
1.69466102 -1.23531497 -0.11009900
1.69077206 -1.24063301 -0.11009900
1.69489801 -1.25187099 -0.11062400
1.69095695 -1.25718999 -0.11062400
1.68677902 -1.26278996 -0.11062400
1.68280303 -1.26808298 -0.11062400
1.79525399 -0.35351700 -0.03144900
1.77452600 -0.35523000 -0.03110600
1.76360404 -0.35880899 -0.03093400
1.77225900 -0.36637199 -0.03110600
1.77110004 -0.37193799 -0.03110600
1.76992202 -0.37750000 -0.03110600
1.76872802 -0.38305900 -0.03110600
1.76751602 -0.38861400 -0.03110600
1.76621699 -0.39447299 -0.03110600
1.76496899 -0.40001899 -0.03110600
1.76370394 -0.40556201 -0.03110600
1.77215803 -0.41337201 -0.03127700
1.77085102 -0.41893801 -0.03127700
1.75980306 -0.42216700 -0.03110600
1.76818395 -0.43005601 -0.03127700
1.76682401 -0.43560901 -0.03127700
1.77514696 -0.44358101 -0.03144900
1.75435901 -0.44424701 -0.03110600
1.77232504 -0.45472601 -0.03144900
1.76120996 -0.45777601 -0.03127700
1.75976396 -0.46330699 -0.03127700
1.75829899 -0.46883300 -0.03127700
1.76647103 -0.47696099 -0.03144900
1.76496398 -0.48250800 -0.03144900
1.75371802 -0.48569000 -0.03127700
1.76181102 -0.49389601 -0.03144900
1.76025105 -0.49942800 -0.03144900
1.75867295 -0.50495601 -0.03144900
1.75707805 -0.51047802 -0.03144900
1.79383600 -0.52727401 -0.03213700
1.81133902 -0.53860700 -0.03248000
1.82878697 -0.55005401 -0.03282400
1.81748402 -0.55288702 -0.03265200
1.81573904 -0.55859399 -0.03265200
1.83297002 -0.57055598 -0.03299600
1.82163095 -0.57331002 -0.03282400
1.81982100 -0.57902998 -0.03282400
1.82751095 -0.58780497 -0.03299600
1.83516395 -0.59663498 -0.03316800
1.83327997 -0.60239702 -0.03316800
1.83137906 -0.60815400 -0.03316800
1.82945895 -0.61390400 -0.03316800
1.83699095 -0.62285900 -0.03334000
1.81610703 -0.62214702 -0.03299600
1.75745201 -0.60822898 -0.03196500
1.76496994 -0.61704701 -0.03213700
1.76291502 -0.62289602 -0.03213700
1.75153196 -0.62507099 -0.03196500
1.75896597 -0.63396001 -0.03213700
1.75696599 -0.63948298 -0.03213700
1.75494802 -0.64499998 -0.03213700
1.75291300 -0.65051001 -0.03213700
1.75086105 -0.65601403 -0.03213700
1.74879098 -0.66151100 -0.03213700
1.75604498 -0.67056799 -0.03230900
1.75392997 -0.67608202 -0.03230900
1.75167799 -0.68189400 -0.03230900
1.75883305 -0.69104999 -0.03248000
1.74735904 -0.69288701 -0.03230900
1.74517405 -0.69837302 -0.03230900
1.74297094 -0.70385200 -0.03230900
1.74075103 -0.70932400 -0.03230900
1.73851395 -0.71478999 -0.03230900
1.78243697 -0.73940301 -0.03316800
1.79855204 -0.75272000 -0.03351200
1.80539000 -0.76225501 -0.03368300
1.80298603 -0.76792300 -0.03368300
1.80975103 -0.77753001 -0.03385500
1.79798996 -0.77955002 -0.03368300
1.80469298 -0.78920102 -0.03385500
1.82050097 -0.80293602 -0.03419900
1.79969800 -0.80052501 -0.03385500
1.80629694 -0.81026697 -0.03402700
1.80374300 -0.81593800 -0.03402700
1.80116999 -0.82160002 -0.03402700
1.79858005 -0.82725501 -0.03402700
1.79597294 -0.83290100 -0.03402700
1.79334700 -0.83853900 -0.03402700
1.74534094 -0.82315600 -0.03316800
1.74274600 -0.82863498 -0.03316800
1.74013400 -0.83410603 -0.03316800
1.73750496 -0.83956897 -0.03316800
1.74384797 -0.84940100 -0.03334000
1.73219597 -0.85046899 -0.03316800
1.73847699 -0.86034101 -0.03334000
1.73576498 -0.86579901 -0.03334000
1.74181700 -0.87604302 -0.03351200
1.73905599 -0.88151002 -0.03351200
1.73627806 -0.88696897 -0.03351200
1.74237299 -0.89699602 -0.03368300
1.73954594 -0.90246600 -0.03368300
1.73670197 -0.90792602 -0.03368300
1.73384202 -0.91337800 -0.03368300
1.73096299 -0.91882002 -0.03368300
1.72806799 -0.92425400 -0.03368300
1.73395801 -0.93442100 -0.03385500
1.77494800 -0.96371800 -0.03471500
1.78068399 -0.97408801 -0.03488600
1.78637195 -0.98450398 -0.03505800
1.78327000 -0.99011099 -0.03505800
1.77997696 -0.99601901 -0.03505800
1.78554904 -1.00651598 -0.03523000
1.78237796 -1.01212001 -0.03523000
1.77051103 -1.01275003 -0.03505800
1.78464699 -1.02829099 -0.03540200
1.77276003 -1.02887404 -0.03523000
1.77815104 -1.03948402 -0.03540200
1.79210806 -1.05521095 -0.03574600
1.77999997 -1.05604601 -0.03557400
1.72517598 -1.03086102 -0.03454300
1.71336198 -1.03111994 -0.03437100
1.71011400 -1.03649795 -0.03437100
1.72391796 -1.05228400 -0.03471500
1.72060394 -1.05769503 -0.03471500
1.71727204 -1.06309497 -0.03471500
1.71392405 -1.06848502 -0.03471500
1.71902704 -1.07918000 -0.03488600
1.72407901 -1.08991802 -0.03505800
1.71202195 -1.09025800 -0.03488600
1.71700501 -1.10102904 -0.03505800
1.71353805 -1.10641694 -0.03505800
1.71843600 -1.11724496 -0.03523000
1.71491802 -1.12263799 -0.03523000
1.71973002 -1.13352299 -0.03540200
1.73282301 -1.14997697 -0.03574600
1.76245499 -1.17763495 -0.03643300
1.76704299 -1.18874705 -0.03660500
1.77157795 -1.19989896 -0.03677700
1.76779902 -1.20545900 -0.03677700
1.76400399 -1.21100700 -0.03677700
1.75997806 -1.21685004 -0.03677700
1.74793994 -1.21666098 -0.03660500
1.76048601 -1.23362195 -0.03694900
1.75660205 -1.23914599 -0.03694900
1.76085198 -1.25044799 -0.03712000
1.75691497 -1.25597405 -0.03712000
1.74462605 -1.25595105 -0.03694900
1.70828700 -1.23795795 -0.03626100
1.70439005 -1.24331796 -0.03626100
1.70853400 -1.25458395 -0.03643300
1.69654405 -1.25400305 -0.03626100
1.70061803 -1.26529503 -0.03643300
1.69663501 -1.27063096 -0.03643300
1.69263399 -1.27595496 -0.03643300
1.73019898 -1.11034203 0.47502699
1.81161594 -0.35181400 0.35871100
1.81050205 -0.35750401 0.35871100
1.81899405 -0.36512199 0.36061901
1.79860198 -0.36691001 0.35680300
1.81666398 -0.37654400 0.36061901
1.81547201 -0.38224900 0.36061901
1.80466294 -0.38589799 0.35871100
1.80344200 -0.39156601 0.35871100
1.81171894 -0.39965799 0.36061901
1.79129696 -0.40105900 0.35680300
1.80917203 -0.41103399 0.36061901
1.79830694 -0.41451100 0.35871100
1.79699600 -0.42015800 0.35871100
1.79566705 -0.42580199 0.35871100
1.80386400 -0.43373600 0.36061901
1.79295599 -0.43707600 0.35871100
1.79157400 -0.44270599 0.35871100
1.79969704 -0.45071700 0.36061901
1.79827201 -0.45636901 0.36061901
1.79682899 -0.46201599 0.36061901
1.79536903 -0.46765900 0.36061901
1.79389095 -0.47329700 0.36061901
1.79239500 -0.47893000 0.36061901
1.79088199 -0.48455799 0.36061901
1.78926504 -0.49049500 0.36061901
1.78771496 -0.49611300 0.36061901
1.78614795 -0.50172698 0.36061901
1.78456295 -0.50733602 0.36061901
1.79239404 -0.51565403 0.36252701
1.79076505 -0.52128202 0.36252701
1.78911805 -0.52690601 0.36252701
1.78745401 -0.53252399 0.36252701
1.79517102 -0.54096901 0.36443499
1.79346299 -0.54660600 0.36443499
1.79164004 -0.55255002 0.36443499
1.78989601 -0.55817598 0.36443499
1.77877104 -0.56084400 0.36252701
1.79570603 -0.57239199 0.36634299
1.78455603 -0.57502002 0.36443499
1.78274000 -0.58062398 0.36443499
1.78090703 -0.58622199 0.36443499
1.78837097 -0.59491199 0.36634299
1.78649402 -0.60052699 0.36634299
1.78459799 -0.60613698 0.36634299
1.77339995 -0.60855401 0.36443499
1.77147996 -0.61412197 0.36443499
1.77869701 -0.62323999 0.36634299
1.77673101 -0.62882400 0.36634299
1.77474701 -0.63440299 0.36634299
1.77274501 -0.63997501 0.36634299
1.77994800 -0.64890403 0.36825100
1.77790105 -0.65449202 0.36825100
1.77583599 -0.66007501 0.36825100
1.78294396 -0.66909897 0.37015900
1.78083301 -0.67469698 0.37015900
1.77870405 -0.68028802 0.37015900
1.77643895 -0.68618298 0.37015900
1.78341997 -0.69532597 0.37206700
1.77209198 -0.69733101 0.37015900
1.77901602 -0.70651799 0.37206700
1.77678800 -0.71210402 0.37206700
1.76544094 -0.71400201 0.37015900
1.77227795 -0.72325301 0.37206700
1.76987004 -0.72912598 0.37206700
1.76769900 -0.73437500 0.37206700
1.78348994 -0.74751300 0.37588400
1.77209103 -0.74928999 0.37397599
1.77875805 -0.75870401 0.37588400
1.76721501 -0.76071799 0.37397599
1.78282499 -0.77408499 0.37779200
1.77139294 -0.77574402 0.37588400
1.76894701 -0.78130502 0.37588400
1.76648402 -0.78685898 0.37588400
1.77295697 -0.79642701 0.37779200
1.76150501 -0.79794198 0.37588400
1.77684700 -0.81162900 0.37970001
1.76537299 -0.81310099 0.37779200
1.77171302 -0.82277799 0.37970001
1.76008499 -0.82448399 0.37779200
1.76636195 -0.83420098 0.37970001
1.76373303 -0.83974701 0.37970001
1.76108599 -0.84528297 0.37970001
1.75842202 -0.85081202 0.37970001
1.77338600 -0.86493802 0.38351601
1.76185095 -0.86617398 0.38160801
1.75912094 -0.87170500 0.38160801
1.76515496 -0.88161302 0.38351601
1.76222205 -0.88746202 0.38351601
1.75942600 -0.89299399 0.38351601
1.75661099 -0.89851701 0.38351601
1.76250505 -0.90852797 0.38542399
1.75964200 -0.91406101 0.38542399
1.75676203 -0.91958499 0.38542399
1.75386405 -0.92509902 0.38542399
1.75961804 -0.93521100 0.38733199
1.75667095 -0.94073498 0.38733199
1.76234603 -0.95090997 0.38924000
1.75934994 -0.95644200 0.38924000
1.74772704 -0.95724899 0.38733199
1.74471104 -0.96273500 0.38733199
1.75008702 -0.97328597 0.38924000
1.75558496 -0.98357701 0.39114800
1.75248599 -0.98908800 0.39114800
1.75790405 -0.99944001 0.39305601
1.75475502 -1.00495803 0.39305601
1.75159001 -1.01046598 0.39305601
1.74840605 -1.01596296 0.39305601
1.74520600 -1.02145100 0.39305601
1.74180901 -1.02723300 0.39305601
1.74701297 -1.03771305 0.39496401
1.74356198 -1.04350102 0.39496401
1.74045897 -1.04866898 0.39496401
1.73715603 -1.05413198 0.39496401
1.73383498 -1.05958402 0.39496401
1.73885798 -1.07017100 0.39687201
1.73548698 -1.07562804 0.39687201
1.74042702 -1.08627295 0.39877999
1.73700595 -1.09173501 0.39877999
1.74166906 -1.10274005 0.40068799
1.74647403 -1.11348403 0.40259600
1.75122702 -1.12426805 0.40450400
1.73944294 -1.12443495 0.40259600
1.75235605 -1.14060402 0.40641201
1.73234403 -1.13534200 0.40259600
1.73696101 -1.14618504 0.40450400
1.74152803 -1.15706897 0.40641201
1.73788500 -1.16253400 0.40641201
1.73422396 -1.16798794 0.40641201
1.73867095 -1.17894006 0.40832001
1.74306595 -1.18992996 0.41022801
1.73910999 -1.19570398 0.41022801
1.74341595 -1.20674896 0.41213599
1.73156297 -1.20660806 0.41022801
1.73580003 -1.21767902 0.41213599
1.73998404 -1.22878897 0.41404399
1.73611498 -1.23424900 0.41404399
1.73999500 -1.24571395 0.41595200
1.73607194 -1.25117397 0.41595200
1.73213303 -1.25662196 0.41595200
1.73610401 -1.26784694 0.41786000
1.73211300 -1.27329397 0.41786000
1.72810400 -1.27873003 0.41786000
1.72407806 -1.28415203 0.41786000
1.72788894 -1.29545105 0.41976801
1.71574998 -1.29525900 0.41786000
1.69977999 -1.30005002 0.41595200
1.77424705 -0.34487900 0.28637001
1.80222201 -0.35619599 0.29106399
1.80109501 -0.36185601 0.29106399
1.80962598 -0.36948800 0.29262900
1.81812704 -0.37717801 0.29419401
1.80726898 -0.38085100 0.29262900
1.80606306 -0.38652700 0.29262900
1.78553700 -0.38800400 0.28949901
1.79388499 -0.39605299 0.29106399
1.80227005 -0.40384600 0.29262900
1.80099201 -0.40950599 0.29262900
1.79969704 -0.41516200 0.29262900
1.79838395 -0.42081401 0.29262900
1.79705298 -0.42646101 0.29262900
1.80530703 -0.43441600 0.29419401
1.80393302 -0.44008499 0.29419401
1.79295397 -0.44337901 0.29262900
1.79155195 -0.44901001 0.29262900
1.79970503 -0.45706701 0.29419401
1.79826105 -0.46271899 0.29419401
1.79679799 -0.46836600 0.29419401
1.78576803 -0.47148699 0.29262900
1.79382002 -0.47964600 0.29419401
1.79230404 -0.48527899 0.29419401
1.79068506 -0.49122000 0.29419401
1.78913295 -0.49684301 0.29419401
1.78756297 -0.50246102 0.29419401
1.78597605 -0.50807500 0.29419401
1.78437102 -0.51368302 0.29419401
1.78274798 -0.51928598 0.29419401
1.78110802 -0.52488399 0.29419401
1.77945006 -0.53047699 0.29419401
1.78723097 -0.53891599 0.29575899
1.79497695 -0.54740900 0.29732400
1.78371406 -0.55044597 0.29575899
1.79140401 -0.55898899 0.29732400
1.78963900 -0.56461501 0.29732400
1.79726601 -0.57323498 0.29888901
1.79545701 -0.57887900 0.29888901
1.77484798 -0.57839602 0.29575899
1.78240299 -0.58705902 0.29732400
1.77117896 -0.58953601 0.29575899
1.76931798 -0.59509701 0.29575899
1.77679098 -0.60383099 0.29732400
1.77488506 -0.60940999 0.29732400
1.77296197 -0.61498302 0.29732400
1.78023398 -0.62412697 0.29888901
1.77826405 -0.62971598 0.29888901
1.77627695 -0.63529998 0.29888901
1.78356194 -0.64423198 0.30045301
1.76297104 -0.64306301 0.29732400
1.77947903 -0.65542603 0.30045301
1.77741098 -0.66101301 0.30045301
1.77532494 -0.66659403 0.30045301
1.77322197 -0.67216802 0.30045301
1.77110195 -0.67773497 0.30045301
1.77805805 -0.68716502 0.30201799
1.77588999 -0.69274801 0.30201799
1.76451504 -0.69470501 0.30045301
1.78068101 -0.70753902 0.30358300
1.77845001 -0.71313000 0.30358300
1.76704502 -0.71500897 0.30201799
1.77393401 -0.72429001 0.30358300
1.77152205 -0.73016900 0.30358300
1.77846801 -0.73921299 0.30514801
1.77613699 -0.74479598 0.30514801
1.76469195 -0.74652398 0.30358300
1.78050697 -0.75981802 0.30671301
1.77797699 -0.76571798 0.30671301
1.77556300 -0.77130002 0.30671301
1.77313101 -0.77687401 0.30671301
1.77068198 -0.78244102 0.30671301
1.76821494 -0.78799999 0.30671301
1.76573098 -0.79355103 0.30671301
1.76322901 -0.79909402 0.30671301
1.76071000 -0.80462903 0.30671301
1.76714301 -0.81428999 0.30827799
1.76457703 -0.81983799 0.30827799
1.76184797 -0.82568502 0.30827799
1.75924599 -0.83121598 0.30827799
1.77445900 -0.84523302 0.31140801
1.76289201 -0.84652799 0.30984300
1.76022303 -0.85206300 0.30984300
1.76641405 -0.86192000 0.31140801
1.76369798 -0.86746502 0.31140801
1.76981294 -0.87738800 0.31297201
1.76704800 -0.88294399 0.31297201
1.76410997 -0.88879901 0.31297201
1.76130903 -0.89433599 0.31297201
1.75849104 -0.89986497 0.31297201
1.75565505 -0.90538502 0.31297201
1.76156604 -0.91545099 0.31453699
1.74993205 -0.91639799 0.31297201
1.74704397 -0.92189199 0.31297201
1.75285995 -0.93201202 0.31453699
1.74992394 -0.93751401 0.31453699
1.74697006 -0.94300699 0.31453699
1.74399900 -0.94849098 0.31453699
1.75833404 -0.96345699 0.31766701
1.75529802 -0.96897697 0.31766701
1.75207496 -0.97479200 0.31766701
1.75761998 -0.98512101 0.31923199
1.75451601 -0.99063700 0.31923199
1.74281001 -0.99126101 0.31766701
1.74825799 -1.00164199 0.31923199
1.74510205 -1.00712895 0.31923199
1.74193001 -1.01260698 0.31923199
1.73873997 -1.01807404 0.31923199
1.73535395 -1.02383399 0.31923199
1.74062002 -1.03432596 0.32079700
1.73717999 -1.04009295 0.32079700
1.75100505 -1.05543995 0.32392600
1.73923695 -1.05581105 0.32236201
1.73591197 -1.06126904 0.32236201
1.74098003 -1.07189596 0.32392600
1.73760402 -1.07736003 0.32392600
1.73421097 -1.08281398 0.32392600
1.73916197 -1.09351397 0.32549101
1.75221395 -1.10984504 0.32862100
1.74871802 -1.11534405 0.32862100
1.73689497 -1.11549497 0.32705599
1.74167597 -1.12630999 0.32862100
1.74640596 -1.13716495 0.33018601
1.73456502 -1.13723004 0.32862100
1.73922598 -1.14811504 0.33018601
1.73561096 -1.15357399 0.33018601
1.74018598 -1.16451395 0.33175099
1.73651898 -1.16997504 0.33175099
1.73283505 -1.17542398 0.33175099
1.73729002 -1.18643296 0.33331600
1.73334599 -1.19218695 0.33331600
1.73771298 -1.20324898 0.33487999
1.73392403 -1.20870304 0.33487999
1.73011804 -1.21414399 0.33487999
1.73436201 -1.22527206 0.33644500
1.73050404 -1.23071504 0.33644500
1.73444295 -1.24219799 0.33801001
1.73053205 -1.24764001 0.33801001
1.72660398 -1.25307095 0.33801001
1.73063397 -1.26431501 0.33957499
1.72665405 -1.26974595 0.33957499
1.72265601 -1.27516401 0.33957499
1.72656202 -1.28647101 0.34114000
1.71460998 -1.28596199 0.33957499
1.81338501 -0.34690601 0.22559100
1.77331197 -0.34501800 0.22074001
1.81116998 -0.35829300 0.22559100
1.81003499 -0.36398101 0.22559100
1.80888295 -0.36966500 0.22559100
1.81743097 -0.37736401 0.22680400
1.81623697 -0.38307199 0.22680400
1.80531800 -0.38669699 0.22559100
1.80409503 -0.39236701 0.22559100
1.80278301 -0.39834699 0.22559100
1.80152297 -0.40400901 0.22559100
1.80024505 -0.40966699 0.22559100
1.80862105 -0.41755301 0.22680400
1.80729997 -0.42323300 0.22680400
1.81561899 -0.43120199 0.22801700
1.80460501 -0.43458000 0.22680400
1.80323100 -0.44024700 0.22680400
1.80183899 -0.44591001 0.22680400
1.81005704 -0.45398301 0.22801700
1.80862200 -0.45966801 0.22801700
1.80716896 -0.46534699 0.22801700
1.80569804 -0.47102201 0.22801700
1.80420995 -0.47669300 0.22801700
1.80270302 -0.48235801 0.22801700
1.80117905 -0.48801899 0.22801700
1.79955101 -0.49399000 0.22801700
1.80755401 -0.50229800 0.22923000
1.80596697 -0.50797403 0.22923000
1.80436206 -0.51364601 0.22923000
1.79320097 -0.51656401 0.22801700
1.78204000 -0.51941699 0.22680400
1.79944098 -0.53062803 0.22923000
1.78825295 -0.53344101 0.22801700
1.79607105 -0.54192400 0.22923000
1.76587796 -0.53887200 0.22559100
1.78304994 -0.55058199 0.22801700
1.78131199 -0.55618101 0.22801700
1.77955496 -0.56177503 0.22801700
1.79669404 -0.57339799 0.23044300
1.79488397 -0.57903999 0.23044300
1.79305601 -0.58467603 0.23044300
1.78178298 -0.58719897 0.22923000
1.77051198 -0.58965701 0.22801700
1.76865101 -0.59521699 0.22801700
1.79496503 -0.61035699 0.23165500
1.76487601 -0.60631800 0.22801700
1.74420798 -0.60535002 0.22559100
1.78902400 -0.62755901 0.23165500
1.78704298 -0.63317603 0.23165500
1.79439104 -0.64213198 0.23286800
1.79236495 -0.64776599 0.23286800
1.79032099 -0.65339297 0.23286800
1.79757297 -0.66244698 0.23408100
1.78618002 -0.66462898 0.23286800
1.79337597 -0.67372799 0.23408100
1.79124999 -0.67935902 0.23408100
1.78910697 -0.68498302 0.23408100
1.78682601 -0.69091201 0.23408100
1.80314004 -0.70374000 0.23650700
1.79168499 -0.70576298 0.23529400
1.78023505 -0.70772201 0.23408100
1.77800298 -0.71331102 0.23408100
1.78495395 -0.72261798 0.23529400
1.77348602 -0.72446799 0.23408100
1.75272000 -0.72277701 0.23165500
1.77806401 -0.73940802 0.23529400
1.77573204 -0.74499100 0.23529400
1.77338302 -0.75056601 0.23529400
1.77101600 -0.75613302 0.23529400
1.76849902 -0.76200199 0.23529400
1.77520001 -0.77151102 0.23650700
1.76367700 -0.77309901 0.23529400
1.77939606 -0.78666300 0.23772000
1.77691603 -0.79224902 0.23772000
1.76536500 -0.79375702 0.23650700
1.75382197 -0.79519999 0.23529400
1.76936996 -0.80896097 0.23772000
1.76681995 -0.81451499 0.23772000
1.76425302 -0.82006198 0.23772000
1.72557402 -0.80905300 0.23286800
1.76789403 -0.83568001 0.23893200
1.77422094 -0.84549999 0.24014500
1.77155602 -0.85106999 0.24014500
1.76887298 -0.85663098 0.24014500
1.76617396 -0.86218399 0.24014500
1.75454998 -0.86334598 0.23893200
1.76072097 -0.87326401 0.24014500
1.75796902 -0.87879097 0.24014500
1.75504601 -0.88461602 0.24014500
1.76110804 -0.89462101 0.24135800
1.75828803 -0.90014899 0.24135800
1.75545204 -0.90566802 0.24135800
1.75259805 -0.91117901 0.24135800
1.75851905 -0.92128700 0.24257100
1.76439404 -0.93144101 0.24378400
1.75269604 -0.93231702 0.24257100
1.74975801 -0.93781900 0.24257100
1.72933495 -0.93387800 0.24014500
1.73511195 -0.94405103 0.24135800
1.74954605 -0.95903999 0.24378400
1.74652505 -0.96453100 0.24378400
1.75198996 -0.97514498 0.24499699
1.74891806 -0.98064399 0.24499699
1.74582803 -0.98613399 0.24499699
1.75134897 -0.99652302 0.24620999
1.73959804 -0.99708402 0.24499699
1.73645699 -1.00254405 0.24499699
1.74187899 -1.01298404 0.24620999
1.73868799 -1.01845098 0.24620999
1.73530102 -1.02421200 0.24620999
1.74914002 -1.03980196 0.24863499
1.74568200 -1.04559696 0.24863499
1.74257195 -1.05077195 0.24863499
1.75623095 -1.06654596 0.25106099
1.74440396 -1.06687903 0.24984799
1.73259199 -1.06714904 0.24863499
1.73766601 -1.07781899 0.24984799
1.75110900 -1.09378898 0.25227401
1.74766397 -1.09928501 0.25227401
1.74400902 -1.10507500 0.25227401
1.74052894 -1.11054802 0.25227401
1.74538195 -1.12137604 0.25348699
1.75018501 -1.13224602 0.25470001
1.74661899 -1.13773799 0.25470001
1.74303603 -1.14321995 0.25470001
1.73943603 -1.14868999 0.25470001
1.74408495 -1.15964496 0.25591201
1.74868202 -1.17063999 0.25712499
1.73676395 -1.17058003 0.25591201
1.74950504 -1.18717802 0.25833800
1.73757100 -1.18706906 0.25712499
1.74180305 -1.19845104 0.25833800
1.73802900 -1.20391703 0.25833800
1.73423803 -1.20937097 0.25833800
1.73855400 -1.22051704 0.25955099
1.73471105 -1.22597301 0.25955099
1.72276294 -1.22566199 0.25833800
1.72675800 -1.23714900 0.25955099
1.72286296 -1.24256802 0.25955099
1.71895099 -1.24797404 0.25955099
1.73105001 -1.26508200 0.26197699
1.72706699 -1.27051401 0.26197699
1.72306705 -1.27593398 0.26197699
1.72700906 -1.28727305 0.26319000
1.72295594 -1.29269195 0.26319000
1.71073997 -1.29241502 0.26197699
1.67506599 -1.27374995 0.25712499
1.80907297 -0.35230401 0.16011500
1.77863896 -0.35218000 0.15751900
1.81658995 -0.36562899 0.16098100
1.81543303 -0.37133399 0.16098100
1.82401097 -0.37906301 0.16184600
1.81306398 -0.38273299 0.16098100
1.81185198 -0.38842800 0.16098100
1.81062305 -0.39411801 0.16098100
1.80930603 -0.40011999 0.16098100
1.80804002 -0.40580201 0.16098100
1.80675697 -0.41148001 0.16098100
1.80545497 -0.41715401 0.16098100
1.80413604 -0.42282400 0.16098100
1.81249106 -0.43079299 0.16184600
1.80144298 -0.43415099 0.16098100
1.80007005 -0.43980899 0.16098100
1.79867995 -0.44546100 0.16098100
1.80693400 -0.45353499 0.16184600
1.80550098 -0.45921001 0.16184600
1.80404902 -0.46487999 0.16184600
1.81221902 -0.47306100 0.16271199
1.81072402 -0.47875199 0.16271199
1.79958701 -0.48186100 0.16184600
1.79806495 -0.48751301 0.16184600
1.80604506 -0.49611101 0.16271199
1.79487896 -0.49911401 0.16184600
1.80289197 -0.50744897 0.16271199
1.80128896 -0.51311100 0.16271199
1.79966795 -0.51876700 0.16271199
1.78681803 -0.52724499 0.16184600
1.81379199 -0.54140401 0.16444300
1.81208205 -0.54710001 0.16444300
1.79129803 -0.54697102 0.16271199
1.80851102 -0.55879003 0.16444300
1.80674696 -0.56446898 0.16444300
1.80496395 -0.57014197 0.16444300
1.81265497 -0.57884002 0.16530800
1.81082702 -0.58453202 0.16530800
1.81845295 -0.59330797 0.16617399
1.78819597 -0.58965898 0.16357701
1.81468904 -0.60472202 0.16617399
1.80333900 -0.60724097 0.16530800
1.80142200 -0.61290300 0.16530800
1.79948795 -0.61856002 0.16530800
1.77871299 -0.61767399 0.16357701
1.72965395 -0.60707200 0.15925001
1.78407800 -0.63247597 0.16444300
1.78208196 -0.63807797 0.16444300
1.78943706 -0.64706099 0.16530800
1.78739500 -0.65267903 0.16530800
1.78533602 -0.65829098 0.16530800
1.78325903 -0.66389698 0.16530800
1.78116500 -0.66949600 0.16530800
1.78836703 -0.67862302 0.16617399
1.79552996 -0.68780100 0.16703901
1.78394794 -0.69015700 0.16617399
1.79105103 -0.69938201 0.16703901
1.77957594 -0.70135200 0.16617399
1.77736402 -0.70694000 0.16617399
1.77513397 -0.71252000 0.16617399
1.78212094 -0.72183299 0.16703901
1.77984405 -0.72742802 0.16703901
1.77742195 -0.73332697 0.16703901
1.77523899 -0.73859698 0.16703901
1.78209603 -0.74802601 0.16790500
1.77973700 -0.75362098 0.16790500
1.77735996 -0.75920898 0.16790500
1.78398204 -0.76904202 0.16877000
1.78155696 -0.77464300 0.16877000
1.78823805 -0.78423703 0.16963600
1.78576505 -0.78985101 0.16963600
1.80147195 -0.80357498 0.17136700
1.76259601 -0.79288203 0.16790500
1.77824199 -0.80664599 0.16963600
1.78475904 -0.81637299 0.17050099
1.78218496 -0.82197601 0.17050099
1.78862798 -0.83177203 0.17136700
1.78585994 -0.83769798 0.17136700
1.74719501 -0.82626802 0.16790500
1.78056097 -0.84890300 0.17136700
1.76890600 -0.85017699 0.17050099
1.75726104 -0.85138601 0.16963600
1.76352894 -0.86127400 0.17050099
1.76081502 -0.86681002 0.17050099
1.75808299 -0.87233800 0.17050099
1.76424396 -0.88231301 0.17136700
1.76130903 -0.88815802 0.17136700
1.76739097 -0.89820099 0.17223200
1.76456106 -0.90374899 0.17223200
1.77056599 -0.91385698 0.17309800
1.76768601 -0.91941500 0.17309800
1.77361298 -0.92958802 0.17396300
1.76187396 -0.93050301 0.17309800
1.75894201 -0.93603402 0.17309800
1.75599301 -0.94155502 0.17309800
1.75302601 -0.94706702 0.17309800
1.75879300 -0.95733303 0.17396300
1.76451099 -0.96764398 0.17482901
1.77018297 -0.97799999 0.17569400
1.76692998 -0.98386502 0.17569400
1.77251899 -0.99428499 0.17656000
1.77805996 -1.00474894 0.17742500
1.77489495 -1.01032996 0.17742500
1.77171195 -1.01590097 0.17742500
1.76851201 -1.02146196 0.17742500
1.77390504 -1.03202295 0.17829099
1.77065396 -1.03759098 0.17829099
1.76720405 -1.04345703 0.17829099
1.76391697 -1.04900396 0.17829099
1.71770000 -1.02924395 0.17396300
1.75729096 -1.06006598 0.17829099
1.76246703 -1.07075405 0.17915601
1.75059605 -1.07108605 0.17829099
1.74722195 -1.07658100 0.17829099
1.74383199 -1.08206403 0.17829099
1.74887204 -1.09281695 0.17915601
1.74542999 -1.09830594 0.17915601
1.75019300 -1.10942101 0.18002200
1.74669898 -1.11491394 0.18002200
1.74318802 -1.12039602 0.18002200
1.74802303 -1.13127995 0.18088700
1.74446106 -1.13676596 0.18088700
1.74921000 -1.14770603 0.18175299
1.73728395 -1.14770401 0.18088700
1.74659395 -1.16968405 0.18261801
1.75117099 -1.18073499 0.18348400
1.76393795 -1.19742095 0.18521500
1.76016700 -1.20295703 0.18521500
1.74796200 -1.20313895 0.18434900
1.75236201 -1.21429801 0.18521500
1.74036801 -1.21409798 0.18434900
1.74469805 -1.22528505 0.18521500
1.74083996 -1.23075998 0.18521500
1.74508202 -1.24199998 0.18607999
1.72475898 -1.23617196 0.18434900
1.73702502 -1.25324297 0.18607999
1.72501802 -1.25283897 0.18521500
1.74520099 -1.27589095 0.18781100
1.73316002 -1.27546299 0.18694600
1.72914505 -1.28090203 0.18694600
1.74108601 -1.29823804 0.18867700
1.74496603 -1.30968201 0.18954200
1.73266602 -1.30945396 0.18867700
1.82318902 -0.35538301 0.09635900
1.82206297 -0.36110899 0.09635900
1.81113005 -0.36485901 0.09584100
1.80997503 -0.37054700 0.09584100
1.80880201 -0.37623101 0.09584100
1.80761099 -0.38191199 0.09584100
1.80640197 -0.38758901 0.09584100
1.81486404 -0.39570400 0.09635900
1.81361198 -0.40140399 0.09635900
1.80259800 -0.40491101 0.09584100
1.81105399 -0.41279101 0.09635900
1.78055894 -0.41172901 0.09480500
1.82787001 -0.42872301 0.09739500
1.83623004 -0.43677399 0.09791400
1.81543303 -0.43785799 0.09687700
1.83344901 -0.44830301 0.09791400
1.82233906 -0.45165801 0.09739500
1.83059704 -0.45981401 0.09791400
1.82914305 -0.46556300 0.09791400
1.82767105 -0.47130701 0.09791400
1.83584404 -0.47957000 0.09843200
1.82467401 -0.48278099 0.09791400
1.83279502 -0.49109599 0.09843200
1.83115602 -0.49717101 0.09843200
1.82958496 -0.50292099 0.09843200
1.82799602 -0.50866699 0.09843200
1.83600199 -0.51711398 0.09895000
1.81516004 -0.51740402 0.09791400
1.80393004 -0.52033699 0.09739500
1.80228698 -0.52600098 0.09739500
1.81978095 -0.53731698 0.09843200
1.79894602 -0.53731501 0.09739500
1.79724896 -0.54296398 0.09739500
1.79543900 -0.54892099 0.09739500
1.79370499 -0.55455798 0.09739500
1.79195404 -0.56019098 0.09739500
1.79970801 -0.56882697 0.09791400
1.79791200 -0.57447898 0.09791400
1.78659499 -0.57705498 0.09739500
1.79426706 -0.58576399 0.09791400
1.80190206 -0.59452701 0.09843200
1.78107703 -0.59386700 0.09739500
1.78866696 -0.60264802 0.09791400
1.79621804 -0.61148298 0.09843200
1.78484499 -0.61387497 0.09791400
1.78279901 -0.61979002 0.09791400
1.78084302 -0.62538803 0.09791400
1.80710602 -0.64099503 0.09946800
1.81448495 -0.65003699 0.09998600
1.83121502 -0.66252899 0.10102200
1.82912505 -0.66827899 0.10102200
1.81764698 -0.67056501 0.10050400
1.81553102 -0.67627198 0.10050400
1.82274497 -0.68548799 0.10102200
1.82991898 -0.69475597 0.10154000
1.80895603 -0.69366902 0.10050400
1.82539403 -0.70655799 0.10154000
1.82316601 -0.71228898 0.10154000
1.82091904 -0.71801299 0.10154000
1.82793295 -0.72742301 0.10205800
1.82563901 -0.73316199 0.10205800
1.83258200 -0.74264401 0.10257600
1.78402197 -0.72949898 0.09998600
1.79082406 -0.73922199 0.10050400
1.78862298 -0.74453199 0.10050400
1.78627503 -0.75014699 0.10050400
1.78390896 -0.75575501 0.10050400
1.78139305 -0.76166701 0.10050400
1.78816199 -0.77121401 0.10102200
1.77657294 -0.77284402 0.10050400
1.77413595 -0.77842200 0.10050400
1.77168202 -0.78399199 0.10050400
1.77832901 -0.79362398 0.10102200
1.77582800 -0.79920602 0.10102200
1.78240204 -0.80890900 0.10154000
1.77077103 -0.81034797 0.10102200
1.77728403 -0.82009202 0.10154000
1.77455497 -0.82598102 0.10154000
1.76291096 -0.82730901 0.10102200
1.75127602 -0.82857198 0.10050400
1.76669204 -0.84266901 0.10154000
1.80903602 -0.86985302 0.10413000
1.81528103 -0.87988800 0.10464800
1.81250799 -0.88558602 0.10464800
1.80075800 -0.88686401 0.10413000
1.81585300 -0.90139699 0.10516600
1.81301200 -0.90709800 0.10516600
1.80999398 -0.91310501 0.10516600
1.80711699 -0.91878599 0.10516600
1.80422199 -0.92445898 0.10516600
1.81018198 -0.93470502 0.10568400
1.79837704 -0.93577701 0.10516600
1.80427301 -0.94606000 0.10568400
1.81895196 -0.96105403 0.10672100
1.75421798 -0.93391198 0.10309400
1.76887596 -0.94885999 0.10413000
1.76588595 -0.95441300 0.10413000
1.77164900 -0.96473199 0.10464800
1.76861000 -0.97029299 0.10464800
1.76538301 -0.97615200 0.10464800
1.77103102 -0.98655301 0.10516600
1.76792300 -0.99211198 0.10516600
1.76479805 -0.99766201 0.10516600
1.76165497 -1.00320101 0.10516600
1.75849402 -1.00873005 0.10516600
1.75531697 -1.01425004 0.10516600
1.76075304 -1.02478302 0.10568400
1.75734496 -1.03061604 0.10568400
1.75409901 -1.03613198 0.10568400
1.74207103 -1.03683496 0.10516600
1.73023999 -1.03716898 0.10464800
1.75280595 -1.05777705 0.10620200
1.77507603 -1.07883894 0.10775700
1.78871298 -1.09483695 0.10879300
1.77676404 -1.09521103 0.10827500
1.78179896 -1.10605395 0.10879300
1.77831602 -1.11164606 0.10879300
1.79152000 -1.12818098 0.10982900
1.77953398 -1.12845504 0.10931100
1.79281402 -1.14478898 0.11034700
1.78080797 -1.14501500 0.10982900
1.76881897 -1.14517701 0.10931100
1.76521301 -1.15072799 0.10931100
1.75323999 -1.15078795 0.10879300
1.74128497 -1.15078402 0.10827500
1.74597502 -1.16178095 0.10879300
1.73401999 -1.16170204 0.10827500
1.73864102 -1.17272794 0.10879300
1.74320996 -1.18379498 0.10931100
1.73927498 -1.18956900 0.10931100
1.73552895 -1.19502699 0.10931100
1.73997402 -1.20616305 0.10982900
1.74436498 -1.21733904 0.11034700
1.74053204 -1.22281301 0.11034700
1.72852802 -1.22250795 0.10982900
1.73259902 -1.23402703 0.11034700
1.72871399 -1.23946404 0.11034700
1.72481203 -1.24488902 0.11034700
1.72897100 -1.25617099 0.11086500
1.73307705 -1.26749206 0.11138300
1.72908700 -1.27293003 0.11138300
1.72507906 -1.27835596 0.11138300
1.73706400 -1.29571104 0.11241900
1.72477305 -1.29546702 0.11190100
1.70070505 -1.29418302 0.11086500
1.89515495 -0.36357701 0.03316800
1.78605497 -0.34846801 0.03127700
1.83398795 -0.36380500 0.03213700
1.83283603 -0.36956501 0.03213700
1.83166599 -0.37532100 0.03213700
1.83047795 -0.38107300 0.03213700
1.82927203 -0.38682199 0.03213700
1.83782303 -0.39466599 0.03230900
1.82673597 -0.39862701 0.03213700
1.82547498 -0.40436399 0.03213700
1.82419503 -0.41009700 0.03213700
1.82289803 -0.41582501 0.03213700
1.83132398 -0.42380399 0.03230900
1.82024896 -0.42727101 0.03213700
1.81889796 -0.43298700 0.03213700
1.81752896 -0.43869901 0.03213700
1.81614101 -0.44440699 0.03213700
1.81473601 -0.45010999 0.03213700
1.82300997 -0.45824701 0.03230900
1.81187201 -0.46150401 0.03213700
1.82009494 -0.46969199 0.03230900
1.81860995 -0.47540799 0.03230900
1.81710804 -0.48111901 0.03230900
1.80593002 -0.48423499 0.03213700
1.81396306 -0.49284300 0.03230900
1.81240594 -0.49853900 0.03230900
1.81083095 -0.50423098 0.03230900
1.80923796 -0.50991702 0.03230900
1.80762696 -0.51559800 0.03230900
1.80599797 -0.52127498 0.03230900
1.81394899 -0.52974898 0.03248000
1.81227601 -0.53544497 0.03248000
1.82016504 -0.54399902 0.03265200
1.82801700 -0.55260700 0.03282400
1.81661403 -0.55574101 0.03265200
1.82441103 -0.56440097 0.03282400
1.83217096 -0.57311398 0.03299600
1.82082903 -0.57585198 0.03282400
1.82853401 -0.58461499 0.03299600
1.82668805 -0.59035599 0.03299600
1.82482505 -0.59609199 0.03299600
1.83243799 -0.60495698 0.03316800
1.82104301 -0.60754597 0.03299600
1.82860005 -0.61645800 0.03316800
1.82665503 -0.62220001 0.03316800
1.84360003 -0.63444197 0.03351200
1.78482401 -0.62084299 0.03248000
1.81116498 -0.63639098 0.03299600
1.80915701 -0.64207798 0.03299600
1.80712998 -0.64775801 0.03299600
1.80508697 -0.65343201 0.03299600
1.79363406 -0.65566701 0.03282400
1.80094504 -0.66476101 0.03299600
1.79884803 -0.67041498 0.03299600
1.79673302 -0.67606300 0.03299600
1.79460001 -0.68170500 0.03299600
1.80166495 -0.69123399 0.03316800
1.79016101 -0.69327903 0.03299600
1.79728603 -0.70253998 0.03316800
1.80437100 -0.71185201 0.03334000
1.80212605 -0.71751702 0.03334000
1.79986298 -0.72317499 0.03334000
1.78831601 -0.72506899 0.03316800
1.79528296 -0.73447001 0.03334000
1.79283798 -0.74041897 0.03334000
1.79063296 -0.74573499 0.03334000
1.79749894 -0.75523001 0.03351200
1.79511797 -0.76087302 0.03351200
1.80177796 -0.77075398 0.03368300
1.79934704 -0.77641100 0.03368300
1.79689896 -0.78206003 0.03368300
1.79443395 -0.78770101 0.03368300
1.79194999 -0.79333502 0.03368300
1.78944898 -0.79895997 0.03368300
1.78692997 -0.80457801 0.03368300
1.78439403 -0.81018800 0.03368300
1.77274799 -0.81162798 0.03351200
1.77926803 -0.82138401 0.03368300
1.78559804 -0.83149999 0.03385500
1.78297698 -0.83710599 0.03385500
1.78937602 -0.84698099 0.03402700
1.79572999 -0.85690397 0.03419900
1.78401899 -0.85820699 0.03402700
1.79031003 -0.86817002 0.03419900
1.77859104 -0.86939901 0.03402700
1.78481996 -0.87940198 0.03419900
1.78204894 -0.88500398 0.03419900
1.77926004 -0.89059901 0.03419900
1.77629602 -0.89649397 0.03419900
1.79129505 -0.91113597 0.03454300
1.77952600 -0.91219801 0.03437100
1.78553498 -0.92237300 0.03454300
1.77375996 -0.92336100 0.03437100
1.77970397 -0.93357301 0.03454300
1.77676296 -0.93915999 0.03454300
1.77380300 -0.94473702 0.03454300
1.77963698 -0.95503300 0.03471500
1.76783299 -0.95586300 0.03454300
1.76482105 -0.96141303 0.03454300
1.77055705 -0.97176301 0.03471500
1.76732504 -0.97762901 0.03471500
1.77297902 -0.98804301 0.03488600
1.76114702 -0.98871398 0.03471500
1.77543902 -1.00408602 0.03505800
1.76358795 -1.00470901 0.03488600
1.76909494 -1.01522100 0.03505800
1.76589704 -1.02077401 0.03505800
1.76268101 -1.02631700 0.03505800
1.76789200 -1.03721595 0.03523000
1.76462495 -1.04276502 0.03523000
1.76115704 -1.04861104 0.03523000
1.76642895 -1.05928099 0.03540200
1.76327801 -1.06451702 0.03540200
1.75992501 -1.07005095 0.03540200
1.75655496 -1.07557499 0.03540200
1.76167798 -1.08633602 0.03557400
1.75825596 -1.09186494 0.03557400
1.76329505 -1.10268497 0.03574600
1.75962806 -1.10852599 0.03574600
1.75613701 -1.11404896 0.03574600
1.75262904 -1.11956000 0.03574600
1.75751197 -1.13047004 0.03591800
1.75395203 -1.13598502 0.03591800
1.75874901 -1.14695203 0.03608900
1.75513697 -1.15247095 0.03608900
1.75984895 -1.16349399 0.03626100
1.76450801 -1.17455697 0.03643300
1.76080894 -1.18009496 0.03643300
1.75709295 -1.18562102 0.03643300
1.75336003 -1.19113505 0.03643300
1.75765204 -1.20258796 0.03660500
1.75386500 -1.20810401 0.03660500
1.75827706 -1.21930599 0.03677700
1.75443804 -1.22482395 0.03677700
1.75058198 -1.23032904 0.03677700
1.74670804 -1.23582304 0.03677700
1.75074303 -1.24741006 0.03694900
1.74681604 -1.25290406 0.03694900
1.75097704 -1.26423895 0.03712000
1.74699700 -1.26973403 0.03712000
1.74299896 -1.27521598 0.03712000
1.73898494 -1.28068495 0.03712000
1.74298501 -1.29209602 0.03729200
1.74693000 -1.30354500 0.03746400
1.73460400 -1.30332506 0.03729200
1.73050106 -1.30876803 0.03729200
