2.05515289 -0.41327199 -0.56075901
2.03491497 -0.41585800 -0.55559099
2.03359890 -0.42224899 -0.55559099
2.04171491 -0.43062899 -0.55817503
2.03098202 -0.43466300 -0.55559099
2.02016592 -0.43899000 -0.55300701
2.01877689 -0.44533500 -0.55300701
2.02679491 -0.45378500 -0.55559099
2.02527905 -0.46050400 -0.55559099
2.04264808 -0.47120699 -0.56075901
2.04115796 -0.47762200 -0.56075901
2.04904699 -0.48626301 -0.56334299
2.03820205 -0.49008200 -0.56075901
2.03665304 -0.49648201 -0.56075901
2.02570391 -0.50056100 -0.55817503
2.02412200 -0.50692201 -0.55817503
2.03188300 -0.51565498 -0.56075901
2.02089691 -0.51963001 -0.55817503
2.00990605 -0.52354097 -0.55559099
2.00825095 -0.52985299 -0.55559099
1.96924496 -0.52618402 -0.54525399
1.94893301 -0.52732199 -0.54008597
1.94726598 -0.53344202 -0.54008597
1.94558096 -0.53955698 -0.54008597
1.93457496 -0.54305601 -0.53750199
1.93286002 -0.54913098 -0.53750199
1.93112504 -0.55520099 -0.53750199
1.92009497 -0.55856597 -0.53491801
1.90906405 -0.56186801 -0.53233403
1.91654801 -0.57061899 -0.53491801
1.90549600 -0.57385200 -0.53233403
1.91292500 -0.58265001 -0.53491801
1.89261997 -0.58296901 -0.52974999
1.89077997 -0.58891201 -0.52974999
1.87970603 -0.59194797 -0.52716500
1.89624703 -0.60371101 -0.53233403
1.87594998 -0.60374600 -0.52716500
1.90160298 -0.61860198 -0.53491801
1.91800404 -0.63060802 -0.54008597
1.91601396 -0.63663000 -0.54008597
1.90484595 -0.63957101 -0.53750199
1.90282798 -0.64555299 -0.53750199
1.89165199 -0.64839500 -0.53491801
1.89873397 -0.65749598 -0.53750199
1.86930299 -0.65388799 -0.52974999
1.88545704 -0.66619402 -0.53491801
1.88335502 -0.67211401 -0.53491801
1.87214601 -0.67475200 -0.53233403
1.87001705 -0.68063003 -0.53233403
1.85880196 -0.68316901 -0.52974999
1.84758997 -0.68564498 -0.52716500
1.81828797 -0.68127698 -0.51941299
1.80710304 -0.68356800 -0.51682901
1.79592204 -0.68579602 -0.51424497
1.79375899 -0.69143498 -0.51424497
1.79157805 -0.69706601 -0.51424497
1.78937900 -0.70269102 -0.51424497
1.78716302 -0.70830899 -0.51424497
1.77595901 -0.71033299 -0.51166099
1.78267705 -0.71952403 -0.51424497
1.77146101 -0.72147799 -0.51166099
1.76918495 -0.72703898 -0.51166099
1.76689303 -0.73259401 -0.51166099
1.76458299 -0.73814100 -0.51166099
1.75335503 -0.73992503 -0.50907600
1.75102103 -0.74542898 -0.50907600
1.74867105 -0.75092697 -0.50907600
1.74630296 -0.75641698 -0.50907600
1.74391794 -0.76189899 -0.50907600
1.76803696 -0.77906001 -0.51682901
1.76558006 -0.78461099 -0.51682901
1.77192199 -0.79410398 -0.51941299
1.75181305 -0.79171002 -0.51424497
1.74931705 -0.79720998 -0.51424497
1.75558102 -0.80673498 -0.51682901
1.76180398 -0.81630802 -0.51941299
1.74172604 -0.81366098 -0.51424497
1.73916101 -0.81912899 -0.51424497
1.73657894 -0.82458800 -0.51424497
1.74269295 -0.83421099 -0.51682901
1.72266304 -0.83128500 -0.51166099
1.72004294 -0.83669299 -0.51166099
1.72607994 -0.84634501 -0.51424497
1.68877101 -0.83464301 -0.50390798
1.67749405 -0.83563697 -0.50132400
1.66622698 -0.83656800 -0.49873999
1.66359103 -0.84179801 -0.49873999
1.66954398 -0.85140902 -0.50132400
1.64967704 -0.84781897 -0.49615601
1.65558302 -0.85743999 -0.49873999
1.65288103 -0.86263698 -0.49873999
1.65016305 -0.86782497 -0.49873999
1.63889301 -0.86848199 -0.49615601
1.63615596 -0.87362599 -0.49615601
1.63340402 -0.87876201 -0.49615601
1.63063502 -0.88388902 -0.49615601
1.61937201 -0.88437700 -0.49357200
1.61658502 -0.88946003 -0.49357200
1.62223196 -0.89921802 -0.49615601
1.61939895 -0.90430999 -0.49615601
1.60813105 -0.90465599 -0.49357200
1.58847106 -0.90017802 -0.48840299
1.59402502 -0.90995300 -0.49098700
1.59115899 -0.91495699 -0.49098700
1.57991695 -0.91510898 -0.48840299
1.57703400 -0.92006803 -0.48840299
1.57413602 -0.92501801 -0.48840299
1.57953596 -0.93487900 -0.49098700
1.56829298 -0.93488997 -0.48840299
1.56534803 -0.93981200 -0.48840299
1.56238794 -0.94472599 -0.48840299
1.56766295 -0.95465398 -0.49098700
1.56465602 -0.95957398 -0.49098700
1.55341494 -0.95940900 -0.48840299
1.55039299 -0.96428400 -0.48840299
1.53916895 -0.96402198 -0.48581901
1.54430401 -0.97400600 -0.48840299
1.53308201 -0.97367400 -0.48581901
1.53001499 -0.97848499 -0.48581901
1.53505504 -0.98851800 -0.48840299
1.53194201 -0.99333501 -0.48840299
1.55308104 -1.01398695 -0.49615601
1.55796003 -1.02416694 -0.49873999
1.55473495 -1.02905703 -0.49873999
1.53541696 -1.02322197 -0.49357200
1.53219497 -1.02804005 -0.49357200
1.54496706 -1.04366398 -0.49873999
1.54168105 -1.04851198 -0.49873999
1.53040898 -1.04789305 -0.49615601
1.52710903 -1.05269504 -0.49615601
1.51585805 -1.05198002 -0.49357200
1.52046502 -1.06227005 -0.49615601
1.50921798 -1.06148398 -0.49357200
1.50587595 -1.06622005 -0.49357200
1.50251901 -1.07094502 -0.49357200
1.49129796 -1.07002902 -0.49098700
1.45660400 -1.05208302 -0.48065099
1.45329201 -1.05665398 -0.48065099
1.44996500 -1.06121397 -0.48065099
1.44662404 -1.06576395 -0.48065099
1.44326901 -1.07030404 -0.48065099
1.43989897 -1.07483196 -0.48065099
1.42879200 -1.07354796 -0.47806701
1.42541301 -1.07803094 -0.47806701
1.40664601 -1.07080102 -0.47289801
1.42627895 -1.09284103 -0.48065099
2.08364105 -0.41257200 -0.49053401
2.03457499 -0.40950301 -0.47928300
2.03327799 -0.41589299 -0.47928300
2.05104089 -0.42624399 -0.48378399
2.03062510 -0.42866001 -0.47928300
2.02934408 -0.43468300 -0.47928300
2.02796793 -0.44105601 -0.47928300
2.03608704 -0.44952601 -0.48153400
2.02515697 -0.45379001 -0.47928300
2.01414108 -0.45834100 -0.47703299
2.01269102 -0.46466601 -0.47703299
2.01122093 -0.47098699 -0.47703299
2.00973201 -0.47730300 -0.47703299
1.99883294 -0.48098400 -0.47478300
1.99731195 -0.48726201 -0.47478300
2.00522995 -0.49587300 -0.47703299
1.98476005 -0.49743301 -0.47253299
1.97374403 -0.50126702 -0.47028300
1.98159599 -0.50989300 -0.47253299
1.97055495 -0.51365900 -0.47028300
1.96893203 -0.51984698 -0.47028300
1.95787597 -0.52351302 -0.46803299
1.96562696 -0.53220701 -0.47028300
1.97334194 -0.54095602 -0.47253299
1.98102200 -0.54975802 -0.47478300
1.97928500 -0.55597901 -0.47478300
1.96815598 -0.55953002 -0.47253299
1.98511600 -0.57109803 -0.47703299
1.96460199 -0.57188499 -0.47253299
1.96279502 -0.57805401 -0.47253299
1.97030795 -0.58700001 -0.47478300
1.94979501 -0.58756399 -0.47028300
1.95726001 -0.59652698 -0.47253299
1.94606495 -0.59980297 -0.47028300
1.93486905 -0.60301501 -0.46803299
1.93296504 -0.60909098 -0.46803299
1.85677099 -0.59149998 -0.45003101
1.88272703 -0.60629100 -0.45678201
1.88081300 -0.61220199 -0.45678201
1.87888098 -0.61810797 -0.45678201
1.87693000 -0.62400800 -0.45678201
1.86572397 -0.62679797 -0.45453200
1.86374497 -0.63265598 -0.45453200
1.86174905 -0.63850802 -0.45453200
1.85052705 -0.64116400 -0.45228201
1.84850299 -0.64697498 -0.45228201
1.84646201 -0.65277898 -0.45228201
1.85357797 -0.66185302 -0.45453200
1.85149002 -0.66767299 -0.45453200
1.84938300 -0.67348599 -0.45453200
1.83811295 -0.67593002 -0.45228201
1.81771195 -0.67491800 -0.44778100
1.83383000 -0.68746603 -0.45228201
1.80432296 -0.68287700 -0.44553101
1.82947397 -0.69897401 -0.45228201
1.83635998 -0.70822400 -0.45453200
1.83412600 -0.71398997 -0.45453200
1.83187401 -0.71974802 -0.45453200
1.81148899 -0.71831697 -0.45003101
1.81826997 -0.72762400 -0.45228201
1.81597495 -0.73333299 -0.45228201
1.80463898 -0.73535699 -0.45003101
1.82034302 -0.74843299 -0.45453200
1.79098296 -0.74294800 -0.44778100
1.80661595 -0.75609499 -0.45228201
1.78628004 -0.75418699 -0.44778100
1.79286599 -0.76361299 -0.45003101
1.77255297 -0.76154900 -0.44553101
1.73439097 -0.75161701 -0.43652999
1.74094999 -0.76096398 -0.43878099
1.73854995 -0.76643002 -0.43878099
1.72723103 -0.76792902 -0.43652999
1.73370004 -0.77733803 -0.43878099
1.72237206 -0.77876699 -0.43652999
1.72878206 -0.78821599 -0.43878099
1.71744394 -0.78957301 -0.43652999
1.71495497 -0.79496503 -0.43652999
1.70362198 -0.79622298 -0.43428001
1.71874106 -0.80987698 -0.43878099
1.70738697 -0.81109202 -0.43652999
1.70483100 -0.81645203 -0.43652999
1.69348300 -0.81756800 -0.43428001
1.68214500 -0.81862003 -0.43202999
1.67956495 -0.82390100 -0.43202999
1.66823399 -0.82485503 -0.42978001
1.67435503 -0.83443803 -0.43202999
1.68043196 -0.84406698 -0.43428001
1.71254396 -0.86694503 -0.44328099
1.70113301 -0.86789298 -0.44103101
1.69839799 -0.87323302 -0.44103101
1.69564605 -0.87856400 -0.44103101
1.69287801 -0.88388699 -0.44103101
1.68147004 -0.88466400 -0.43878099
1.67868197 -0.88994199 -0.43878099
1.68447196 -0.89980203 -0.44103101
1.67305803 -0.90047199 -0.43878099
1.67022002 -0.90572399 -0.43878099
1.65881598 -0.90629500 -0.43652999
1.65596104 -0.91150200 -0.43652999
1.65308905 -0.91669899 -0.43652999
1.65020096 -0.92188799 -0.43652999
1.61333203 -0.90795302 -0.42752999
1.58504295 -0.89860100 -0.42077899
1.59913397 -0.91324002 -0.42528000
1.60470295 -0.92311800 -0.42752999
1.59336400 -0.92326999 -0.42528000
1.59045601 -0.92827100 -0.42528000
1.57913196 -0.92832500 -0.42302901
1.57620800 -0.93328100 -0.42302901
1.57326806 -0.93822801 -0.42302901
1.57031298 -0.94316602 -0.42302901
1.57567894 -0.95313799 -0.42528000
1.56435597 -0.95301402 -0.42302901
1.56135404 -0.95792401 -0.42302901
1.56662595 -0.96794599 -0.42528000
1.56357801 -0.97286302 -0.42528000
1.55225694 -0.97259700 -0.42302901
1.54095304 -0.97226900 -0.42077899
1.53789103 -0.97710502 -0.42077899
1.53481400 -0.98193198 -0.42077899
1.53991306 -0.99202597 -0.42302901
1.52861404 -0.99155599 -0.42077899
1.54996502 -1.01233804 -0.42752999
1.54677701 -1.01720202 -0.42752999
1.54357302 -1.02205598 -0.42752999
1.53224802 -1.02149606 -0.42528000
1.54521096 -1.03716505 -0.42978001
1.53387201 -1.03655899 -0.42752999
1.53060806 -1.04137194 -0.42752999
1.52732897 -1.04617596 -0.42752999
1.52403498 -1.05096900 -0.42752999
1.52072597 -1.05575204 -0.42752999
1.51740205 -1.06052399 -0.42752999
1.51406205 -1.06528604 -0.42752999
1.50275695 -1.06440496 -0.42528000
1.49940598 -1.06912100 -0.42528000
1.49603999 -1.07382596 -0.42528000
1.46106803 -1.05569506 -0.41627899
1.44986498 -1.05454898 -0.41402900
1.45440602 -1.06485403 -0.41627899
1.45889699 -1.07519901 -0.41852900
1.44768703 -1.07397103 -0.41627899
1.44430602 -1.07851398 -0.41627899
1.44090998 -1.08304596 -0.41627899
1.41419005 -1.06993103 -0.40952900
1.41082203 -1.07436895 -0.40952900
1.42290604 -1.09065104 -0.41402900
2.04802203 -0.41928101 -0.40830201
2.08512998 -0.43370801 -0.41597000
2.08375692 -0.44025600 -0.41597000
2.06324792 -0.44232199 -0.41213599
2.06184912 -0.44880199 -0.41213599
2.05084491 -0.45315999 -0.41021901
2.04941201 -0.45960000 -0.41021901
2.04787588 -0.46639401 -0.41021901
2.04640102 -0.47282499 -0.41021901
2.04490495 -0.47925201 -0.41021901
2.02429199 -0.48113501 -0.40638500
2.01331401 -0.48484099 -0.40446901
2.03084993 -0.49581900 -0.40830201
2.01022792 -0.49748099 -0.40446901
2.00865507 -0.50379401 -0.40446901
2.01657510 -0.51251900 -0.40638500
1.99594605 -0.51395702 -0.40255201
1.99432099 -0.52022499 -0.40255201
1.99267697 -0.52648801 -0.40255201
1.98153198 -0.53020900 -0.40063500
1.97985697 -0.53643101 -0.40063500
1.97816205 -0.54264802 -0.40063500
1.99536097 -0.55411297 -0.40446901
1.97471297 -0.55506700 -0.40063500
1.96352005 -0.55858201 -0.39871800
1.95232403 -0.56203300 -0.39680099
1.95054805 -0.56816399 -0.39680099
1.92992496 -0.56874001 -0.39296699
1.93753397 -0.57760400 -0.39488399
1.94510698 -0.58652198 -0.39680099
1.93386698 -0.58976698 -0.39488399
1.93200505 -0.59583902 -0.39488399
1.93012297 -0.60190600 -0.39488399
1.91886306 -0.60501498 -0.39296699
1.90760100 -0.60806000 -0.39105001
1.92436504 -0.62006998 -0.39488399
1.92240703 -0.62611198 -0.39488399
1.92043102 -0.63214898 -0.39488399
1.89049697 -0.62888497 -0.38913301
1.89781499 -0.63794798 -0.39105001
1.87721503 -0.63759398 -0.38721600
1.88448596 -0.64667398 -0.38913301
1.88244498 -0.65259099 -0.38913301
1.88964903 -0.66174603 -0.39105001
1.85980201 -0.65785998 -0.38529900
1.86696899 -0.66700202 -0.38721600
1.87409604 -0.67619401 -0.38913301
1.86274099 -0.67871898 -0.38721600
1.85138905 -0.68117797 -0.38529900
1.81243896 -0.67332000 -0.37763199
1.82869303 -0.68590403 -0.38146600
1.83570802 -0.69512099 -0.38338199
1.84268296 -0.70438898 -0.38529900
1.84961700 -0.71370798 -0.38721600
1.83822095 -0.71595299 -0.38529900
1.81769395 -0.71454298 -0.38146600
1.81544006 -0.72025001 -0.38146600
1.80405700 -0.72230202 -0.37954900
1.81997895 -0.73531902 -0.38338199
1.80857205 -0.73732799 -0.38146600
1.79717004 -0.73927200 -0.37954900
1.79483795 -0.74491501 -0.37954900
1.78343594 -0.74675900 -0.37763199
1.78108096 -0.75235802 -0.37763199
1.78773797 -0.76179701 -0.37954900
1.75828505 -0.75578302 -0.37379801
1.75590205 -0.76130301 -0.37379801
1.76249397 -0.77074802 -0.37571499
1.76904404 -0.78024101 -0.37763199
1.75761700 -0.78180599 -0.37571499
1.75515199 -0.78732401 -0.37571499
1.74372804 -0.78878897 -0.37379801
1.73231196 -0.79018998 -0.37188101
1.73873699 -0.79973000 -0.37379801
1.72731304 -0.80105901 -0.37188101
1.74256897 -0.81479597 -0.37571499
1.71336806 -0.80771101 -0.36996400
1.73741496 -0.82572901 -0.37571499
1.71711004 -0.82270098 -0.37188101
1.72335505 -0.83236003 -0.37379801
1.70308304 -0.82917798 -0.36996400
1.72690201 -0.84749597 -0.37571499
1.68904197 -0.83551002 -0.36804700
1.68640900 -0.84081298 -0.36804700
1.70129800 -0.85492003 -0.37188101
1.69860399 -0.86026102 -0.37188101
1.69589305 -0.86559302 -0.37188101
1.68443799 -0.86642700 -0.36996400
1.68170798 -0.87171400 -0.36996400
1.68765998 -0.88153702 -0.37188101
1.67619705 -0.88226402 -0.36996400
1.67341697 -0.88752502 -0.36996400
1.67062104 -0.89277798 -0.36996400
1.66780806 -0.89802200 -0.36996400
1.65635204 -0.89857697 -0.36804700
1.65351999 -0.90377599 -0.36804700
1.65067303 -0.90896600 -0.36804700
1.65639198 -0.91890901 -0.36996400
1.64492905 -0.91931999 -0.36804700
1.63348103 -0.91966802 -0.36612999
1.62204599 -0.91995299 -0.36421299
1.61914802 -0.92504501 -0.36421299
1.59922099 -0.92033601 -0.36037999
1.62179506 -0.94012201 -0.36612999
1.60188305 -0.93531501 -0.36229599
1.60739601 -0.94531798 -0.36421299
1.57908595 -0.93535697 -0.35846299
1.60142505 -0.95539898 -0.36421299
1.59000301 -0.95537001 -0.36229599
1.58699405 -0.96036100 -0.36229599
1.58396900 -0.96534097 -0.36229599
1.56419897 -0.96004498 -0.35846299
1.56952405 -0.97011501 -0.36037999
1.54980397 -0.96466798 -0.35654601
1.55508101 -0.97474402 -0.35846299
1.56031096 -0.98486400 -0.36037999
1.54892600 -0.98449600 -0.35846299
1.52929294 -0.97877598 -0.35462901
1.55920899 -1.00484204 -0.36229599
1.57251096 -1.02041996 -0.36612999
1.56929696 -1.02535605 -0.36612999
1.56606901 -1.03028095 -0.36612999
1.55464196 -1.02977598 -0.36421299
1.55956399 -1.04009998 -0.36612999
1.54814100 -1.03952301 -0.36421299
1.55299795 -1.04987800 -0.36612999
1.54157901 -1.04922998 -0.36421299
1.53827500 -1.05406797 -0.36421299
1.53495598 -1.05889499 -0.36421299
1.53162205 -1.06371200 -0.36421299
1.52827203 -1.06851900 -0.36421299
1.52490795 -1.07331502 -0.36421299
1.52152896 -1.07809997 -0.36421299
1.51014400 -1.07717502 -0.36229599
1.50675201 -1.08191395 -0.36229599
1.48743796 -1.07514405 -0.35846299
1.48405302 -1.07981098 -0.35846299
1.47273505 -1.07866895 -0.35654601
1.46933901 -1.08328998 -0.35654601
1.45804703 -1.08205199 -0.35462901
1.46250403 -1.09250104 -0.35654601
1.45122004 -1.09119201 -0.35462901
1.43995905 -1.08982301 -0.35271201
1.42091298 -1.08244598 -0.34887800
2.00268888 -0.41036499 -0.32517201
2.05940104 -0.42873099 -0.33459699
2.06770706 -0.43724200 -0.33616799
2.04708791 -0.43923101 -0.33302599
2.04569793 -0.44566000 -0.33302599
2.05393100 -0.45421699 -0.33459699
2.04285693 -0.45850500 -0.33302599
2.07984090 -0.47405601 -0.33930999
2.09758592 -0.48503700 -0.34245101
2.07682204 -0.48711401 -0.33930999
2.08488894 -0.49592200 -0.34088001
2.04500389 -0.49285001 -0.33459699
2.06263304 -0.50396001 -0.33773899
2.08021212 -0.51518601 -0.34088001
2.05942607 -0.51691002 -0.33773899
2.05779195 -0.52337700 -0.33773899
2.05613804 -0.52983898 -0.33773899
2.06401896 -0.53879100 -0.33930999
2.01457691 -0.53264999 -0.33145499
2.00335407 -0.53642201 -0.32988399
1.99212694 -0.54012901 -0.32831299
1.97137296 -0.54115599 -0.32517201
1.97917902 -0.54999101 -0.32674301
1.93941402 -0.54550999 -0.32045901
1.94718897 -0.55430400 -0.32203001
1.95492804 -0.56315202 -0.32360101
1.96263003 -0.57205498 -0.32517201
1.94187796 -0.57263100 -0.32203001
1.93060601 -0.57590598 -0.32045901
1.93824196 -0.58482099 -0.32203001
1.92694902 -0.58802402 -0.32045901
1.92509198 -0.59407502 -0.32045901
1.92321599 -0.60012001 -0.32045901
1.92132199 -0.60615897 -0.32045901
1.92881703 -0.61519301 -0.32203001
1.94567299 -0.62731099 -0.32517201
1.95308304 -0.63647997 -0.32674301
1.95107400 -0.64261299 -0.32674301
1.93967497 -0.64561999 -0.32517201
1.95635796 -0.65800703 -0.32831299
1.90752804 -0.64826101 -0.32045901
1.93350399 -0.66387200 -0.32517201
1.95007002 -0.67641598 -0.32831299
1.92929399 -0.67600697 -0.32517201
1.91785097 -0.67877001 -0.32360101
1.92500901 -0.68811601 -0.32517201
1.91354895 -0.69080698 -0.32360101
1.90208995 -0.69343197 -0.32203001
1.88136697 -0.69258100 -0.31888801
1.83289695 -0.68128401 -0.31103399
1.85848606 -0.69744903 -0.31574601
1.83781505 -0.69628602 -0.31260499
1.85406697 -0.70911199 -0.31574601
1.83340394 -0.70781898 -0.31260499
1.82196903 -0.70999002 -0.31103399
1.81973004 -0.71570998 -0.31103399
1.80829298 -0.71777999 -0.30946299
1.80602896 -0.72345698 -0.30946299
1.79459202 -0.72542602 -0.30789199
1.79230404 -0.73106098 -0.30789199
1.79913104 -0.74044597 -0.30946299
1.78767502 -0.74230802 -0.30789199
1.78533399 -0.74791998 -0.30789199
1.79207206 -0.75737000 -0.30946299
1.77151501 -0.75524998 -0.30632100
1.78727806 -0.76861501 -0.30946299
1.79391503 -0.77815598 -0.31103399
1.81860495 -0.79566300 -0.31574601
1.81609595 -0.80137300 -0.31574601
1.81357002 -0.80707401 -0.31574601
1.81102502 -0.81276798 -0.31574601
1.79946601 -0.81438100 -0.31417599
1.77892900 -0.81182998 -0.31103399
1.79431295 -0.82567102 -0.31417599
1.78275204 -0.82714802 -0.31260499
1.77119899 -0.82855999 -0.31103399
1.77751994 -0.83833301 -0.31260499
1.77487695 -0.84391302 -0.31260499
1.78112304 -0.85375297 -0.31417599
1.76953995 -0.85504800 -0.31260499
1.73133004 -0.84330398 -0.30632100
1.71094298 -0.84003401 -0.30317900
1.70829499 -0.84540498 -0.30317900
1.69679296 -0.84636003 -0.30160901
1.69412601 -0.85168600 -0.30160901
1.69144201 -0.85700399 -0.30160901
1.67994595 -0.85782301 -0.30003801
1.67724299 -0.86309600 -0.30003801
1.67452300 -0.86836100 -0.30003801
1.67178595 -0.87361699 -0.30003801
1.67777205 -0.88346601 -0.30160901
1.65754104 -0.87947500 -0.29846701
1.66347897 -0.88933402 -0.30003801
1.66937101 -0.89924002 -0.30160901
1.64049804 -0.89034700 -0.29689601
1.64635801 -0.90023500 -0.29846701
1.65217197 -0.91016799 -0.30003801
1.64066899 -0.91056103 -0.29846701
1.65504098 -0.92535001 -0.30160901
1.63491595 -0.92085201 -0.29846701
1.64919400 -0.93573099 -0.30160901
1.63767195 -0.93600702 -0.30003801
1.64328206 -0.94607401 -0.30160901
1.66593099 -0.96609497 -0.30632100
1.65436006 -0.96634299 -0.30475000
1.65131605 -0.97153503 -0.30475000
1.65675199 -0.98175299 -0.30632100
1.64517999 -0.98189199 -0.30475000
1.61669397 -0.97179198 -0.30003801
1.63897800 -0.99220902 -0.30475000
1.62741995 -0.99221200 -0.30317900
1.63271105 -1.00248802 -0.30475000
1.62955403 -1.00761199 -0.30475000
1.59284699 -0.99184501 -0.29846701
1.61482406 -1.01258397 -0.30317900
1.61163402 -1.01765203 -0.30317900
1.60009599 -1.01741099 -0.30160901
1.58025706 -1.01178300 -0.29846701
1.56046999 -1.00603998 -0.29532501
1.56558502 -1.01631498 -0.29689601
1.55411804 -1.01582503 -0.29532501
1.55916905 -1.02613103 -0.29689601
1.54770505 -1.02556896 -0.29532501
1.53626001 -1.02494502 -0.29375401
1.54123104 -1.03527403 -0.29532501
1.53797102 -1.04010999 -0.29532501
1.53469503 -1.04493701 -0.29532501
1.53140497 -1.04975295 -0.29532501
1.51997101 -1.04894996 -0.29375401
1.51666903 -1.05372000 -0.29375401
1.52144301 -1.06413901 -0.29532501
1.53424299 -1.08028495 -0.29846701
1.50667000 -1.06796706 -0.29375401
1.51134706 -1.07843101 -0.29532501
1.49190903 -1.07165098 -0.29218301
1.49653804 -1.08211899 -0.29375401
1.48514700 -1.08100402 -0.29218301
1.48174298 -1.08566403 -0.29218301
1.47037697 -1.08445203 -0.29061201
1.46696305 -1.08906603 -0.29061201
1.45562303 -1.08775699 -0.28904101
1.44430602 -1.08638799 -0.28747100
1.43301296 -1.08495903 -0.28590000
1.42959702 -1.08945501 -0.28590000
2.04306889 -0.41232601 -0.25662401
2.02231789 -0.41475400 -0.25418001
2.03072190 -0.42313001 -0.25540200
2.01967192 -0.42745301 -0.25418001
2.01839495 -0.43344301 -0.25418001
2.01702404 -0.43978199 -0.25418001
2.00594091 -0.44397199 -0.25295800
2.01422000 -0.45244700 -0.25418001
2.01270890 -0.45912400 -0.25418001
2.01125693 -0.46544501 -0.25418001
1.99046004 -0.46722499 -0.25173599
1.99863696 -0.47577399 -0.25295800
1.99721706 -0.48170200 -0.25295800
1.97641206 -0.48325899 -0.25051400
1.98451698 -0.49185401 -0.25173599
1.97333598 -0.49566799 -0.25051400
1.97176898 -0.50186503 -0.25051400
1.97018301 -0.50805700 -0.25051400
1.95897400 -0.51173502 -0.24929200
1.94776201 -0.51534802 -0.24807000
1.92695999 -0.51632702 -0.24562600
1.93490696 -0.52497703 -0.24684800
1.98110104 -0.54419798 -0.25295800
1.98894405 -0.55307800 -0.25418001
1.97764206 -0.55663502 -0.25295800
1.97588396 -0.56284499 -0.25295800
1.97410595 -0.56905001 -0.25295800
1.97230804 -0.57524902 -0.25295800
1.95145297 -0.57582402 -0.25051400
1.94963396 -0.58195198 -0.25051400
1.94779599 -0.58807403 -0.25051400
1.94593894 -0.59419101 -0.25051400
1.93457997 -0.59737301 -0.24929200
1.95164204 -0.60936397 -0.25173599
1.89293003 -0.59756500 -0.24440400
1.88158798 -0.60049099 -0.24318200
1.87969196 -0.60639900 -0.24318200
1.86834204 -0.60922498 -0.24196000
1.86641800 -0.61509103 -0.24196000
1.87389302 -0.62408799 -0.24318200
1.86251700 -0.62680602 -0.24196000
1.86993504 -0.63585001 -0.24318200
1.86792898 -0.64172101 -0.24318200
1.85652697 -0.64433199 -0.24196000
1.85449302 -0.65016103 -0.24196000
1.84308600 -0.65267098 -0.24073800
1.83168101 -0.65511501 -0.23951600
1.82961404 -0.66086698 -0.23951600
1.82752895 -0.66661102 -0.23951600
1.81611204 -0.66891903 -0.23829401
1.79539704 -0.66770202 -0.23585001
1.80258203 -0.67682803 -0.23707201
1.81900799 -0.68952298 -0.23951600
1.84464097 -0.70587599 -0.24318200
1.84241498 -0.71166801 -0.24318200
1.83092296 -0.71384698 -0.24196000
1.82867098 -0.71959502 -0.24196000
1.83562601 -0.72899997 -0.24318200
1.82411397 -0.73107100 -0.24196000
1.82180798 -0.73679799 -0.24196000
1.81029499 -0.73876798 -0.24073800
1.80796504 -0.74445099 -0.24073800
1.80561697 -0.75012702 -0.24073800
1.80325198 -0.75579602 -0.24073800
1.81915200 -0.76918799 -0.24318200
1.78933799 -0.76321697 -0.23951600
1.73222995 -0.74529898 -0.23218399
1.76629806 -0.76654297 -0.23707201
1.72751296 -0.75616801 -0.23218399
1.74328804 -0.76960897 -0.23462801
1.73179400 -0.77104503 -0.23340601
1.72030902 -0.77241600 -0.23218399
1.71787405 -0.77781701 -0.23218399
1.71542203 -0.78320998 -0.23218399
1.71295297 -0.78859502 -0.23218399
1.71046698 -0.79397202 -0.23218399
1.70796502 -0.79934198 -0.23218399
1.69646895 -0.80046898 -0.23096199
1.69394600 -0.80579400 -0.23096199
1.69140601 -0.81111199 -0.23096199
1.67991400 -0.81210202 -0.22973999
1.67735398 -0.81737602 -0.22973999
1.66586995 -0.81826502 -0.22851799
1.66329098 -0.82349497 -0.22851799
1.66957605 -0.83314800 -0.22973999
1.68468404 -0.84730798 -0.23218399
1.69971895 -0.86157101 -0.23462801
1.69700396 -0.86690599 -0.23462801
1.68544805 -0.86769098 -0.23340601
1.69152403 -0.87755197 -0.23462801
1.68875802 -0.88286197 -0.23462801
1.68597698 -0.88816297 -0.23462801
1.68317795 -0.89345503 -0.23462801
1.69786704 -0.90810001 -0.23707201
1.66005695 -0.89459598 -0.23218399
1.67468297 -0.90927899 -0.23462801
1.65440297 -0.90500897 -0.23218399
1.65155196 -0.91020203 -0.23218399
1.64868402 -0.91538602 -0.23218399
1.65446198 -0.92540598 -0.23340601
1.59101903 -0.89649302 -0.22485200
1.59682596 -0.90638602 -0.22607400
1.59397101 -0.91139799 -0.22607400
1.59969997 -0.92135501 -0.22729599
1.58821297 -0.92139602 -0.22607400
1.58530998 -0.92638099 -0.22607400
1.58239198 -0.93135703 -0.22607400
1.58799601 -0.94138402 -0.22729599
1.57650900 -0.94128001 -0.22607400
1.58204997 -0.95134300 -0.22729599
1.57056403 -0.95116699 -0.22607400
1.55909503 -0.95092899 -0.22485200
1.55610001 -0.95582199 -0.22485200
1.55308902 -0.96070600 -0.22485200
1.54163897 -0.96033299 -0.22363000
1.53861403 -0.96517098 -0.22363000
1.53557503 -0.97000003 -0.22363000
1.53252006 -0.97481900 -0.22363000
1.52945006 -0.97962898 -0.22363000
1.52636504 -0.98442900 -0.22363000
1.55656004 -1.01084197 -0.22851799
1.53676295 -1.00486302 -0.22607400
1.54188800 -1.01514399 -0.22729599
1.53869104 -1.01998305 -0.22729599
1.54373503 -1.03032196 -0.22851799
1.54049003 -1.03516698 -0.22851799
1.52901006 -1.03443897 -0.22729599
1.55036199 -1.05599999 -0.23096199
1.49792397 -1.02718699 -0.22363000
1.52736104 -1.05444300 -0.22851799
1.50774002 -1.04790699 -0.22607400
1.50444102 -1.05263901 -0.22607400
1.50112700 -1.05736005 -0.22607400
1.49779701 -1.06207001 -0.22607400
1.48637497 -1.06100404 -0.22485200
1.48303497 -1.06566894 -0.22485200
1.46359599 -1.05868900 -0.22240800
1.46026301 -1.06328106 -0.22240800
1.44891000 -1.06199598 -0.22118600
1.45355296 -1.07243502 -0.22240800
1.44220901 -1.07107902 -0.22118600
1.43883705 -1.07560396 -0.22118600
1.42752004 -1.07415199 -0.21996300
1.42413902 -1.07863104 -0.21996300
1.41285002 -1.07708299 -0.21874100
2.07125306 -0.41162199 -0.18675700
2.05042195 -0.41418201 -0.18499500
2.03935289 -0.41861901 -0.18411399
2.02827597 -0.42298999 -0.18323299
2.02693701 -0.42936000 -0.18323299
2.03539300 -0.43746501 -0.18411399
2.02427697 -0.44173399 -0.18323299
2.01315403 -0.44593701 -0.18235201
2.02146101 -0.45444399 -0.18323299
2.01994300 -0.46114501 -0.18323299
2.00878000 -0.46524099 -0.18235201
1.99761200 -0.46927100 -0.18147101
2.00581694 -0.47785300 -0.18235201
1.99470794 -0.48146501 -0.18147101
1.99318504 -0.48772901 -0.18147101
1.98197496 -0.49159101 -0.18059000
1.98042095 -0.49781501 -0.18059000
1.97884703 -0.50403398 -0.18059000
1.96760905 -0.50775898 -0.17970900
1.97564101 -0.51645702 -0.18059000
1.95474994 -0.51756197 -0.17882800
1.95311499 -0.52370101 -0.17882800
1.96107304 -0.53244400 -0.17970900
1.94978595 -0.53596199 -0.17882800
1.94809198 -0.54208499 -0.17882800
1.93679202 -0.54550201 -0.17794800
1.92548895 -0.54885298 -0.17706700
1.92375505 -0.55489999 -0.17706700
1.92200196 -0.56094098 -0.17706700
1.91067696 -0.56415498 -0.17618600
1.89935100 -0.56730402 -0.17530499
1.88802397 -0.57038802 -0.17442399
1.89574897 -0.57922697 -0.17530499
1.89391994 -0.58517998 -0.17530499
1.87305605 -0.58518600 -0.17354301
1.89020598 -0.59706801 -0.17530499
1.88832104 -0.60300303 -0.17530499
1.86745799 -0.60281301 -0.17354301
1.88449502 -0.61485600 -0.17530499
1.88255405 -0.62077302 -0.17530499
1.90894496 -0.63613200 -0.17794800
1.90693700 -0.64212602 -0.17794800
1.91434097 -0.65132201 -0.17882800
1.90286505 -0.65409499 -0.17794800
1.90080094 -0.66006899 -0.17794800
1.88931799 -0.66274101 -0.17706700
1.88722706 -0.66867298 -0.17706700
1.88511705 -0.67459798 -0.17706700
1.87362003 -0.67713201 -0.17618600
1.87148297 -0.68301398 -0.17618600
1.86932802 -0.68888998 -0.17618600
1.82047606 -0.67739099 -0.17178100
1.80901396 -0.67960298 -0.17090000
1.80686998 -0.68528301 -0.17090000
1.79540598 -0.68739498 -0.17001900
1.79323697 -0.69303203 -0.17001900
1.79105103 -0.69866198 -0.17001900
1.78884804 -0.70428503 -0.17001900
1.79588306 -0.71358001 -0.17090000
1.77514195 -0.71180397 -0.16913800
1.78213000 -0.72111303 -0.17001900
1.77063406 -0.72294301 -0.16913800
1.76835406 -0.72850198 -0.16913800
1.76605701 -0.73405403 -0.16913800
1.76374197 -0.73959798 -0.16913800
1.75223601 -0.74125499 -0.16825700
1.75906003 -0.75066602 -0.16913800
1.74754405 -0.75225002 -0.16825700
1.76344597 -0.76567101 -0.17001900
1.77928102 -0.77919900 -0.17178100
1.77682400 -0.78478402 -0.17178100
1.78344905 -0.79441601 -0.17266200
1.77185798 -0.79593301 -0.17178100
1.76934898 -0.80149603 -0.17178100
1.77588296 -0.81118900 -0.17266200
1.77332604 -0.81676400 -0.17266200
1.77075100 -0.82233101 -0.17266200
1.76815903 -0.82788998 -0.17266200
1.74753296 -0.82493597 -0.17090000
1.74493301 -0.83042198 -0.17090000
1.73333502 -0.83159101 -0.17001900
1.73968101 -0.84136897 -0.17090000
1.73702896 -0.84683001 -0.17090000
1.71648002 -0.84349698 -0.16913800
1.68704402 -0.83562100 -0.16649500
1.66658604 -0.83201897 -0.16473401
1.66396403 -0.83724999 -0.16473401
1.67020905 -0.84697902 -0.16561501
1.66753995 -0.85222203 -0.16561501
1.66485405 -0.85745603 -0.16561501
1.64446998 -0.85350502 -0.16385300
1.65060699 -0.86328399 -0.16473401
1.63907504 -0.86382103 -0.16385300
1.63635302 -0.86896598 -0.16385300
1.63361502 -0.87410200 -0.16385300
1.62209296 -0.87450302 -0.16297200
1.62809098 -0.88434899 -0.16385300
1.61656594 -0.88467699 -0.16297200
1.61377895 -0.88975197 -0.16297200
1.60226798 -0.88998002 -0.16209100
1.60815597 -0.89987397 -0.16297200
1.60532200 -0.90492100 -0.16297200
1.62845695 -0.92471600 -0.16561501
1.65148306 -0.94466501 -0.16825700
1.64850700 -0.94984901 -0.16825700
1.64551497 -0.95502299 -0.16825700
1.63390696 -0.95516098 -0.16737600
1.63089800 -0.96028900 -0.16737600
1.63644099 -0.97048903 -0.16825700
1.63338399 -0.97562498 -0.16825700
1.62177598 -0.97561699 -0.16737600
1.61870301 -0.98070699 -0.16737600
1.60711098 -0.98059899 -0.16649500
1.61250901 -0.99085802 -0.16737600
1.59244704 -0.98543602 -0.16561501
1.59779704 -0.99570203 -0.16649500
1.59466100 -1.00071704 -0.16649500
1.59151006 -1.00572205 -0.16649500
1.58834195 -1.01071703 -0.16649500
1.54322398 -0.98883098 -0.16209100
1.53173900 -0.98827398 -0.16121000
1.52862704 -0.99308097 -0.16121000
1.52550006 -0.99787903 -0.16121000
1.52235699 -1.00266600 -0.16121000
1.51919997 -1.00744402 -0.16121000
1.50774300 -1.00668001 -0.16032900
1.50457299 -1.01141202 -0.16032900
1.50963700 -1.02171695 -0.16121000
1.49818802 -1.02084601 -0.16032900
1.49497402 -1.02554703 -0.16032900
1.49174500 -1.03023899 -0.16032900
1.48850095 -1.03491998 -0.16032900
1.48524201 -1.03959095 -0.16032900
1.48196900 -1.04425204 -0.16032900
1.47868097 -1.04890299 -0.16032900
1.47537804 -1.05354297 -0.16032900
1.46397305 -1.05235898 -0.15944800
1.46065998 -1.05695295 -0.15944800
1.44928098 -1.05567205 -0.15856700
1.45398998 -1.06611001 -0.15944800
1.44261897 -1.06475699 -0.15856700
1.44726300 -1.07522404 -0.15944800
1.44387805 -1.07976604 -0.15944800
1.43252003 -1.07830596 -0.15856700
1.41324604 -1.07077003 -0.15680499
1.41779602 -1.08124495 -0.15768600
2.06789207 -0.40458000 -0.11062400
2.04702210 -0.40717801 -0.10957500
2.03594398 -0.41162801 -0.10905100
2.03464103 -0.41802201 -0.10905100
2.02354193 -0.42237100 -0.10852700
2.03197503 -0.43079799 -0.10905100
2.03068805 -0.43682501 -0.10905100
2.00979304 -0.43894100 -0.10800200
2.00840402 -0.44525200 -0.10800200
2.04596591 -0.46032801 -0.11009900
2.07363391 -0.47378299 -0.11167200
2.05267906 -0.47578499 -0.11062400
2.06089497 -0.48451701 -0.11114800
2.05936289 -0.49098900 -0.11114800
2.05789709 -0.49709699 -0.11114800
2.06602502 -0.50593501 -0.11167200
2.05473304 -0.51001799 -0.11114800
2.04343605 -0.51403397 -0.11062400
2.04181099 -0.52045101 -0.11062400
2.02082801 -0.52186900 -0.10957500
2.01917791 -0.52821499 -0.10957500
1.95958996 -0.51920998 -0.10643000
1.94830406 -0.52277601 -0.10590500
1.94665205 -0.52889401 -0.10590500
1.94498098 -0.53500700 -0.10590500
1.94329095 -0.54111397 -0.10590500
1.95119298 -0.54992598 -0.10643000
1.93985295 -0.55331397 -0.10590500
1.92850995 -0.55663598 -0.10538100
1.93633795 -0.56549102 -0.10590500
1.92497504 -0.56874198 -0.10538100
1.92317796 -0.57478702 -0.10538100
1.92136300 -0.58082598 -0.10538100
1.90997899 -0.58393902 -0.10485700
1.90813506 -0.58993697 -0.10485700
1.90627205 -0.59592801 -0.10485700
1.88534701 -0.59589499 -0.10380800
1.86444104 -0.59573603 -0.10276000
1.92908001 -0.62307602 -0.10643000
1.93660605 -0.63223201 -0.10695400
1.93461001 -0.63831300 -0.10695400
1.93259501 -0.64438802 -0.10695400
1.93056202 -0.65045601 -0.10695400
1.91905499 -0.65329999 -0.10643000
1.91699302 -0.65932500 -0.10643000
1.91491199 -0.66534400 -0.10643000
1.91281295 -0.67135698 -0.10643000
1.90128195 -0.67402601 -0.10590500
1.89915502 -0.67999601 -0.10590500
1.90639997 -0.68935502 -0.10643000
1.88546503 -0.68848997 -0.10538100
1.87392294 -0.69095498 -0.10485700
1.82494903 -0.67941803 -0.10223500
1.81345797 -0.68163401 -0.10171100
1.82064402 -0.69087100 -0.10223500
1.80913901 -0.69301498 -0.10171100
1.80695295 -0.69869500 -0.10171100
1.79544699 -0.70073700 -0.10118700
1.79323602 -0.70637500 -0.10118700
1.79100800 -0.71200502 -0.10118700
1.79803097 -0.72134602 -0.10171100
1.77724302 -0.71949601 -0.10066200
1.77497399 -0.72507602 -0.10066200
1.77268696 -0.73064899 -0.10066200
1.77038300 -0.73621398 -0.10066200
1.76806104 -0.74177200 -0.10066200
1.75652599 -0.74343097 -0.10013800
1.75418198 -0.74894601 -0.10013800
1.74264801 -0.75050300 -0.09961400
1.74028206 -0.75597399 -0.09961400
1.79277897 -0.78548300 -0.10276000
1.78116798 -0.78707498 -0.10223500
1.78780794 -0.79673100 -0.10276000
1.77618802 -0.79825097 -0.10223500
1.78276706 -0.80794901 -0.10276000
1.78022003 -0.81354600 -0.10276000
1.76858604 -0.81495500 -0.10223500
1.76601696 -0.82050699 -0.10223500
1.76343000 -0.82605100 -0.10223500
1.76082695 -0.83158702 -0.10223500
1.74918902 -0.83282202 -0.10171100
1.75556695 -0.84263402 -0.10223500
1.75291097 -0.84814501 -0.10223500
1.75023794 -0.85364801 -0.10223500
1.72066200 -0.84592497 -0.10066200
1.67325699 -0.82915598 -0.09804100
1.67064404 -0.83440900 -0.09804100
1.66801405 -0.83965302 -0.09804100
1.66536796 -0.84488899 -0.09804100
1.66270494 -0.85011703 -0.09804100
1.66890299 -0.85991001 -0.09856500
1.65733099 -0.86054701 -0.09804100
1.64577103 -0.86111999 -0.09751700
1.65189099 -0.87094301 -0.09804100
1.64914703 -0.87612897 -0.09804100
1.63758194 -0.87659299 -0.09751700
1.64361000 -0.88647300 -0.09804100
1.63204205 -0.88686401 -0.09751700
1.63800704 -0.89678299 -0.09804100
1.63518202 -0.90192401 -0.09804100
1.62361097 -0.90220600 -0.09751700
1.61205494 -0.90242499 -0.09699200
1.59181499 -0.89767402 -0.09594400
1.58898699 -0.90267003 -0.09594400
1.64681602 -0.94237697 -0.09961400
1.64384699 -0.94754601 -0.09961400
1.64086199 -0.95270598 -0.09961400
1.63786101 -0.95785600 -0.09961400
1.62623894 -0.95792800 -0.09909000
1.63180995 -0.96812803 -0.09961400
1.62018800 -0.96812701 -0.09909000
1.62569499 -0.97836202 -0.09961400
1.62261403 -0.98346400 -0.09961400
1.61951602 -0.98855698 -0.09961400
1.60789502 -0.98841000 -0.09909000
1.60478199 -0.99345702 -0.09909000
1.61012697 -1.00377595 -0.09961400
1.60696602 -1.00882995 -0.09961400
1.59534800 -1.00853705 -0.09909000
1.58374703 -1.00818098 -0.09856500
1.53853595 -0.98620600 -0.09594400
1.53542995 -0.99103498 -0.09594400
1.53230906 -0.99585402 -0.09594400
1.52081704 -0.99519402 -0.09542000
1.52602100 -1.00546205 -0.09594400
1.52285504 -1.01025105 -0.09594400
1.50306499 -1.00393701 -0.09489500
1.51647794 -1.01979899 -0.09594400
1.50499701 -1.01896000 -0.09542000
1.51004004 -1.02930701 -0.09594400
1.51503301 -1.03969705 -0.09646800
1.48711097 -1.02742195 -0.09489500
1.49207401 -1.03779101 -0.09542000
1.49698699 -1.04820096 -0.09594400
1.48552406 -1.04714501 -0.09542000
1.47408295 -1.04602802 -0.09489500
1.47891498 -1.05645800 -0.09542000
1.46748102 -1.05526900 -0.09489500
1.45606995 -1.05401897 -0.09437100
1.46082199 -1.06446898 -0.09489500
1.44941795 -1.06314600 -0.09437100
1.44607103 -1.06769502 -0.09437100
1.44271004 -1.07223201 -0.09437100
1.43933403 -1.07676005 -0.09437100
1.42796695 -1.07526898 -0.09384700
1.40866494 -1.06768501 -0.09279800
1.42118299 -1.08422005 -0.09384700
2.04939604 -0.40839401 -0.03591800
2.04810309 -0.41483000 -0.03591800
2.04678988 -0.42126301 -0.03591800
2.04553103 -0.42733401 -0.03591800
2.04417801 -0.43375799 -0.03591800
2.03303099 -0.43807101 -0.03574600
2.04141212 -0.44659299 -0.03591800
2.02047801 -0.44866899 -0.03557400
2.02881193 -0.45721301 -0.03574600
2.01753807 -0.46170700 -0.03557400
1.99659896 -0.46352100 -0.03523000
2.00494695 -0.47173300 -0.03540200
1.99372995 -0.47570899 -0.03523000
2.00194407 -0.48432100 -0.03540200
1.98099101 -0.48584500 -0.03505800
1.97945499 -0.49206600 -0.03505800
1.98759496 -0.50072497 -0.03523000
1.97632396 -0.50449300 -0.03505800
1.96504903 -0.50819600 -0.03488600
1.96344304 -0.51436698 -0.03488600
1.95215297 -0.51796901 -0.03471500
1.95051706 -0.52409899 -0.03471500
1.95850801 -0.53284901 -0.03488600
2.01466203 -0.55492997 -0.03591800
1.99364603 -0.55588597 -0.03557400
1.99188995 -0.56214601 -0.03557400
1.98049998 -0.56565499 -0.03540200
1.99792397 -0.57742703 -0.03574600
2.00569701 -0.58650702 -0.03591800
1.98466897 -0.58713198 -0.03557400
1.97323596 -0.59049797 -0.03540200
1.98094106 -0.59959102 -0.03557400
1.96948600 -0.60288399 -0.03540200
1.95803106 -0.60611200 -0.03523000
1.95611799 -0.61225998 -0.03523000
1.88745606 -0.59728599 -0.03402700
1.88557005 -0.60321301 -0.03402700
1.87415302 -0.60605699 -0.03385500
1.87223899 -0.61194199 -0.03385500
1.87030804 -0.61782098 -0.03385500
1.86835802 -0.62369400 -0.03385500
1.85691500 -0.62636399 -0.03368300
1.85493803 -0.63219500 -0.03368300
1.85294294 -0.63801903 -0.03368300
1.85092902 -0.64383698 -0.03368300
1.84889698 -0.64964902 -0.03368300
1.84684706 -0.65545398 -0.03368300
1.83536696 -0.65787899 -0.03351200
1.83329105 -0.66364199 -0.03351200
1.83119702 -0.66939801 -0.03351200
1.82908499 -0.67514801 -0.03351200
1.81758595 -0.67739898 -0.03334000
1.83416498 -0.69014800 -0.03368300
1.85068095 -0.70300800 -0.03402700
1.85780001 -0.71239799 -0.03419900
1.85555196 -0.71823102 -0.03419900
1.85328698 -0.72405702 -0.03419900
1.85100305 -0.72987598 -0.03419900
1.84870100 -0.73568702 -0.03419900
1.85565901 -0.74521798 -0.03437100
1.85330796 -0.75104398 -0.03437100
1.83243001 -0.74929398 -0.03402700
1.83931005 -0.75885999 -0.03419900
1.81845498 -0.75695002 -0.03385500
1.82528698 -0.76652998 -0.03402700
1.82287002 -0.77226102 -0.03402700
1.82043505 -0.77798402 -0.03402700
1.75371003 -0.75599200 -0.03282400
1.75132596 -0.76149797 -0.03282400
1.74892497 -0.76699603 -0.03282400
1.73736298 -0.76844299 -0.03265200
1.72580898 -0.76982403 -0.03248000
1.73249996 -0.77934402 -0.03265200
1.73004305 -0.78478199 -0.03265200
1.72756898 -0.79021400 -0.03265200
1.71599901 -0.79145002 -0.03248000
1.72256994 -0.80105299 -0.03265200
1.71099198 -0.80221599 -0.03248000
1.70846403 -0.80758703 -0.03248000
1.69689202 -0.80864900 -0.03230900
1.70335603 -0.81830603 -0.03248000
1.68277895 -0.81493700 -0.03213700
1.69818103 -0.82899201 -0.03248000
1.67762494 -0.82549399 -0.03213700
1.66606605 -0.82631803 -0.03196500
1.69923604 -0.84943098 -0.03265200
1.71441698 -0.86376202 -0.03299600
1.72061002 -0.87367100 -0.03316800
1.71785700 -0.87907201 -0.03316800
1.71508706 -0.88446403 -0.03316800
1.70342803 -0.88523698 -0.03299600
1.70063806 -0.89058399 -0.03299600
1.70667505 -0.90058899 -0.03316800
1.70383704 -0.90594602 -0.03316800
1.69216895 -0.90657300 -0.03299600
1.68931305 -0.91188401 -0.03299600
1.68643999 -0.91718698 -0.03299600
1.69231796 -0.92728502 -0.03316800
1.68064404 -0.92776501 -0.03299600
1.67772102 -0.93304002 -0.03299600
1.66605794 -0.93342000 -0.03282400
1.60216606 -0.90424800 -0.03162100
1.60800898 -0.91421902 -0.03179300
1.60512900 -0.91926599 -0.03179300
1.59357202 -0.91930801 -0.03162100
1.59067595 -0.92431003 -0.03162100
1.60502303 -0.93940401 -0.03196500
1.57622397 -0.92920798 -0.03144900
1.59049201 -0.94436502 -0.03179300
1.57035506 -0.93909401 -0.03144900
1.56739700 -0.94402200 -0.03144900
1.57297206 -0.95412701 -0.03162100
1.57849896 -0.96427602 -0.03179300
1.55842996 -0.95875299 -0.03144900
1.55541003 -0.96364403 -0.03144900
1.56085801 -0.97381800 -0.03162100
1.54932499 -0.97339797 -0.03144900
1.55470896 -0.98360598 -0.03162100
1.55161095 -0.98848498 -0.03162100
1.54008198 -0.98795599 -0.03144900
1.53697097 -0.99278998 -0.03144900
1.56737101 -1.01941895 -0.03213700
1.55579603 -1.01885998 -0.03196500
1.56093502 -1.02924705 -0.03213700
1.56602395 -1.03967595 -0.03230900
1.55443704 -1.03903401 -0.03213700
1.55116498 -1.04391205 -0.03213700
1.55615604 -1.05438900 -0.03230900
1.54457605 -1.05363798 -0.03213700
1.54125798 -1.05848503 -0.03213700
1.52970099 -1.05763602 -0.03196500
1.53457701 -1.06814802 -0.03213700
1.52302504 -1.06722605 -0.03196500
1.51966500 -1.07200599 -0.03196500
1.50813794 -1.07098603 -0.03179300
1.49663198 -1.06990302 -0.03162100
1.50137901 -1.08044004 -0.03179300
1.48178303 -1.07342005 -0.03144900
1.47032404 -1.07217896 -0.03127700
1.45888901 -1.07087600 -0.03110600
1.45551705 -1.07545400 -0.03110600
1.46015406 -1.08598900 -0.03127700
1.44072700 -1.07858598 -0.03093400
1.42934597 -1.07709002 -0.03076200
1.42595601 -1.08157504 -0.03076200
1.41460299 -1.07998204 -0.03059000
2.09014106 -0.41082701 0.41404399
2.07921410 -0.41546801 0.41213599
2.07789803 -0.42199799 0.41213599
2.07656193 -0.42852399 0.41213599
2.06559801 -0.43303099 0.41022801
2.06430411 -0.43915799 0.41022801
2.06291509 -0.44564101 0.41022801
2.06150389 -0.45212001 0.41022801
2.05049205 -0.45646101 0.40832001
2.03947306 -0.46073699 0.40641201
2.03793406 -0.46749800 0.40641201
2.03645492 -0.47389799 0.40641201
2.03495598 -0.48029301 0.40641201
2.02397490 -0.48404601 0.40450400
2.02244401 -0.49040201 0.40450400
2.02089405 -0.49675301 0.40450400
2.00979805 -0.50072598 0.40259600
2.00821495 -0.50703800 0.40259600
2.00661302 -0.51334399 0.40259600
1.99548697 -0.51718301 0.40068799
1.98435795 -0.52095699 0.39877999
1.98271203 -0.52718800 0.39877999
1.97156703 -0.53086197 0.39687201
1.96041906 -0.53447199 0.39496401
1.95872998 -0.54062802 0.39496401
1.95702195 -0.54677898 0.39496401
1.95529497 -0.55292398 0.39496401
1.95354795 -0.55906397 0.39496401
1.95178199 -0.56519902 0.39496401
1.93115604 -0.56580698 0.39114800
1.93878102 -0.57466102 0.39305601
1.92756295 -0.57792997 0.39114800
1.92573798 -0.58398300 0.39114800
1.92389405 -0.59003001 0.39114800
1.92203104 -0.59607100 0.39114800
1.91078198 -0.59916902 0.38924000
1.90889001 -0.60516900 0.38924000
1.90698004 -0.61116302 0.38924000
1.89571202 -0.61412603 0.38733199
1.89377296 -0.62007803 0.38733199
1.89181602 -0.62602502 0.38733199
1.88053000 -0.62885201 0.38542399
1.87854505 -0.63475603 0.38542399
1.87654197 -0.64065498 0.38542399
1.87451994 -0.64654702 0.38542399
1.86320996 -0.64920300 0.38351601
1.87042105 -0.65831202 0.38542399
1.84984505 -0.65760899 0.38160801
1.85700905 -0.66673398 0.38351601
1.84567702 -0.66921902 0.38160801
1.84356499 -0.67501402 0.38160801
1.83222795 -0.67739803 0.37970001
1.83009100 -0.68315101 0.37970001
1.82793605 -0.68889701 0.37970001
1.83493698 -0.69812697 0.38160801
1.82357097 -0.70036900 0.37970001
1.82136202 -0.70609403 0.37970001
1.80999303 -0.70823598 0.37779200
1.80775905 -0.71391797 0.37779200
1.79638898 -0.71596003 0.37588400
1.80323803 -0.72526300 0.37779200
1.80095100 -0.73092401 0.37779200
1.79864502 -0.73657799 0.37779200
1.78725004 -0.73847699 0.37588400
1.78492105 -0.74408799 0.37588400
1.77352595 -0.74588603 0.37397599
1.77117395 -0.75145400 0.37397599
1.76880503 -0.75701499 0.37397599
1.75740600 -0.75867701 0.37206700
1.75501299 -0.76419401 0.37206700
1.76159203 -0.77365100 0.37397599
1.75017703 -0.77520603 0.37206700
1.74773300 -0.78070098 0.37206700
1.75422204 -0.79021901 0.37397599
1.74279404 -0.79166698 0.37206700
1.73137295 -0.79304999 0.37015900
1.72887301 -0.79848498 0.37015900
1.72635603 -0.80391300 0.37015900
1.72382200 -0.80933201 0.37015900
1.72127104 -0.81474400 0.37015900
1.70984399 -0.81592000 0.36825100
1.71611798 -0.82554299 0.37015900
1.70468295 -0.82664698 0.36825100
1.70207798 -0.83199799 0.36825100
1.69064999 -0.83300298 0.36634299
1.68802500 -0.83831000 0.36634299
1.68538296 -0.84360898 0.36634299
1.68272400 -0.84890002 0.36634299
1.68004894 -0.85418200 0.36634299
1.67735803 -0.85945600 0.36634299
1.67464900 -0.86472100 0.36634299
1.67192400 -0.86997801 0.36634299
1.66918302 -0.87522602 0.36634299
1.65774596 -0.87588000 0.36443499
1.65498602 -0.88108301 0.36443499
1.65221000 -0.88627797 0.36443499
1.64941704 -0.89146501 0.36443499
1.64660895 -0.89664203 0.36443499
1.64378405 -0.90181100 0.36443499
1.63235104 -0.90222198 0.36252701
1.62950897 -0.90734500 0.36252701
1.62664998 -0.91246003 0.36252701
1.62377501 -0.91756600 0.36252701
1.62088501 -0.92266297 0.36252701
1.60946202 -0.92286700 0.36061901
1.61505604 -0.93282902 0.36252701
1.61211705 -0.93789798 0.36252701
1.60916305 -0.94295800 0.36252701
1.59773898 -0.94301897 0.36061901
1.60320604 -0.95305002 0.36252701
1.59178197 -0.95303899 0.36061901
1.59718597 -0.96310401 0.36252701
1.58576298 -0.96302199 0.36061901
1.58272898 -0.96799898 0.36061901
1.57967997 -0.97296602 0.36061901
1.58495796 -0.98309898 0.36252701
1.56520998 -0.97767198 0.35871100
1.57044005 -0.98781103 0.36061901
1.56732905 -0.99273998 0.36061901
1.55592704 -0.99238002 0.35871100
1.56106102 -1.00256801 0.36061901
1.54966104 -1.00213695 0.35871100
1.54650497 -1.00699997 0.35871100
1.55154300 -1.01723599 0.36061901
1.54014695 -1.01669705 0.35871100
1.54512095 -1.02696395 0.36061901
1.53372896 -1.02635396 0.35871100
1.53049695 -1.03116798 0.35871100
1.52725005 -1.03597105 0.35871100
1.52398705 -1.04076302 0.35871100
1.51262105 -1.03998494 0.35680300
1.51741803 -1.05031800 0.35871100
1.50605702 -1.04946804 0.35680300
1.51078904 -1.05983198 0.35871100
1.49943399 -1.05891001 0.35680300
1.49609900 -1.06361604 0.35680300
1.48476803 -1.06259799 0.35489500
1.49735200 -1.07873297 0.35871100
1.48600900 -1.07766795 0.35680300
1.48261595 -1.08233202 0.35680300
1.47920799 -1.08698404 0.35680300
1.47578597 -1.09162605 0.35680300
1.47234905 -1.09625697 0.35680300
1.46889806 -1.10087705 0.35680300
1.44192302 -1.08775103 0.35107899
1.43068004 -1.08633900 0.34917101
2.07640409 -0.39496899 0.33487999
2.07515311 -0.40149000 0.33487999
2.07388210 -0.40800700 0.33487999
2.07259011 -0.41452000 0.33487999
2.08095598 -0.42299700 0.33644500
2.06994390 -0.42753500 0.33487999
2.05892396 -0.43200701 0.33331600
2.06729388 -0.44017100 0.33487999
2.05624700 -0.44457600 0.33331600
2.03554606 -0.44679901 0.33018601
2.03413200 -0.45319200 0.33018601
2.02306509 -0.45740199 0.32862100
2.03116298 -0.46631801 0.33018601
2.02968788 -0.47269699 0.33018601
2.02819300 -0.47907099 0.33018601
2.00755191 -0.48048800 0.32705599
2.00603199 -0.48679301 0.32705599
2.00449300 -0.49309301 0.32705599
2.00293398 -0.49938801 0.32705599
1.99178004 -0.50325799 0.32549101
1.99018896 -0.50951302 0.32549101
1.97901797 -0.51328301 0.32392600
1.97739601 -0.51949799 0.32392600
1.96620905 -0.52316803 0.32236201
1.96455598 -0.52934200 0.32236201
1.96288300 -0.53551102 0.32236201
1.95167100 -0.53904599 0.32079700
1.95948005 -0.54783398 0.32236201
1.94824505 -0.55129802 0.32079700
1.94650400 -0.55741602 0.32079700
1.93525600 -0.56077898 0.31923199
1.93348503 -0.56685603 0.31923199
1.94116402 -0.57573599 0.32079700
1.92042506 -0.57615501 0.31766701
1.91860604 -0.58218598 0.31766701
1.91676700 -0.58820999 0.31766701
1.90547705 -0.59130198 0.31610200
1.91303396 -0.60024202 0.31766701
1.90172398 -0.60326201 0.31610200
1.89041400 -0.60621798 0.31453699
1.89789605 -0.61519903 0.31610200
1.89595401 -0.62115902 0.31610200
1.88461697 -0.62400699 0.31453699
1.88264704 -0.62992501 0.31453699
1.87130201 -0.63267303 0.31297201
1.86930597 -0.63854897 0.31297201
1.86729002 -0.64441800 0.31297201
1.86525702 -0.65028101 0.31297201
1.86320496 -0.65613800 0.31297201
1.85182798 -0.65867800 0.31140801
1.84045506 -0.66115302 0.30984300
1.84765303 -0.67030001 0.31140801
1.84553802 -0.67610198 0.31140801
1.83414197 -0.67847002 0.30984300
1.82274902 -0.68077302 0.30827799
1.82984304 -0.68997997 0.30984300
1.81843495 -0.69221199 0.30827799
1.81625199 -0.69792098 0.30827799
1.81404996 -0.70362401 0.30827799
1.82102799 -0.71292001 0.30984300
1.81877899 -0.71863699 0.30984300
1.80733800 -0.72068900 0.30827799
1.80506504 -0.72636402 0.30827799
1.81192601 -0.73574698 0.30984300
1.79132605 -0.73394603 0.30671301
1.78901196 -0.73957002 0.30671301
1.77756405 -0.74138498 0.30514801
1.77522600 -0.74696600 0.30514801
1.77286994 -0.75253898 0.30514801
1.77049804 -0.75810498 0.30514801
1.75904000 -0.75974703 0.30358300
1.76569903 -0.76921397 0.30514801
1.74518895 -0.76681101 0.30201799
1.74277198 -0.77228999 0.30201799
1.74033701 -0.77776098 0.30201799
1.73788500 -0.78322500 0.30201799
1.74440706 -0.79276699 0.30358300
1.73292899 -0.79412901 0.30201799
1.73042595 -0.79956901 0.30201799
1.72790599 -0.80500102 0.30201799
1.71642804 -0.80622703 0.30045301
1.71388698 -0.81161499 0.30045301
1.70241594 -0.81274003 0.29888901
1.70875394 -0.82236803 0.30045301
1.70616198 -0.82773203 0.30045301
1.70355296 -0.83308798 0.30045301
1.69206798 -0.83406901 0.29888901
1.68944001 -0.83938003 0.29888901
1.68679404 -0.84468400 0.29888901
1.68413198 -0.84997898 0.29888901
1.67264998 -0.85078800 0.29732400
1.66996896 -0.85603797 0.29732400
1.67604697 -0.86581302 0.29888901
1.66455805 -0.86651403 0.29732400
1.66182697 -0.87173897 0.29732400
1.65908003 -0.87695497 0.29732400
1.65631700 -0.88216299 0.29732400
1.65353799 -0.88736200 0.29732400
1.64205396 -0.88785499 0.29575899
1.63925600 -0.89300901 0.29575899
1.63644302 -0.89815497 0.29575899
1.63361299 -0.90329099 0.29575899
1.63939500 -0.91322500 0.29732400
1.63651800 -0.91837102 0.29732400
1.61642897 -0.91378701 0.29419401
1.61355102 -0.91886002 0.29419401
1.61065602 -0.92392498 0.29419401
1.60774505 -0.92898101 0.29419401
1.61335504 -0.93899500 0.29575899
1.61039698 -0.94405901 0.29575899
1.59891903 -0.94409198 0.29419401
1.59594500 -0.94910997 0.29419401
1.59295499 -0.95411903 0.29419401
1.58994997 -0.95911902 0.29419401
1.58692896 -0.96410900 0.29419401
1.58389199 -0.96908998 0.29419401
1.57243097 -0.96888000 0.29262900
1.56938004 -0.97381502 0.29262900
1.57468903 -0.98397499 0.29419401
1.57158899 -0.98891699 0.29419401
1.55178905 -0.98327601 0.29106399
1.55701900 -0.99345899 0.29262900
1.55388999 -0.99834597 0.29262900
1.55074596 -1.00322199 0.29262900
1.54758704 -1.00808895 0.29262900
1.53615296 -1.00752902 0.29106399
1.54122198 -1.01779306 0.29262900
1.52979195 -1.01716101 0.29106399
1.52658904 -1.02196205 0.29106399
1.53156102 -1.03227305 0.29262900
1.52831101 -1.03708005 0.29262900
1.51689005 -1.03630400 0.29106399
1.51362705 -1.04106498 0.29106399
1.51034904 -1.04581499 0.29106399
1.50705600 -1.05055499 0.29106399
1.50374806 -1.05528402 0.29106399
1.50042498 -1.06000304 0.29106399
1.49708796 -1.06471097 0.29106399
1.49373496 -1.06940901 0.29106399
1.49036801 -1.07409704 0.29106399
1.47899199 -1.07297397 0.28949901
1.48359001 -1.08343995 0.29106399
1.48017895 -1.08809495 0.29106399
1.46881402 -1.08686495 0.28949901
1.46539199 -1.09147406 0.28949901
1.44615102 -1.08422303 0.28637001
1.43485403 -1.08281100 0.28480500
1.43144500 -1.08731401 0.28480500
2.08671498 -0.39730701 0.25955099
2.06596589 -0.40008700 0.25712499
2.09391689 -0.41232800 0.26076400
2.09261107 -0.41890499 0.26076400
2.08155799 -0.42349800 0.25955099
2.07049608 -0.42802501 0.25833800
2.06914091 -0.43452799 0.25833800
2.05813503 -0.43859601 0.25712499
2.05674696 -0.44506001 0.25712499
2.05533791 -0.45151901 0.25712499
2.04422212 -0.45581400 0.25591201
2.04277897 -0.46223399 0.25591201
2.03156090 -0.46678299 0.25470001
2.03975201 -0.47541600 0.25591201
2.01892900 -0.47725400 0.25348699
2.02715707 -0.48555499 0.25470001
2.01597500 -0.48957801 0.25348699
2.01442695 -0.49590901 0.25348699
2.01286006 -0.50223500 0.25348699
2.00164795 -0.50612301 0.25227401
2.00004911 -0.51240897 0.25227401
1.99842894 -0.51868999 0.25227401
1.98719001 -0.52244198 0.25106099
1.99513102 -0.53123599 0.25227401
1.97428405 -0.53233302 0.24984799
1.95344996 -0.53330398 0.24742199
1.96133304 -0.54208302 0.24863499
1.95962000 -0.54824197 0.24863499
1.93878698 -0.54898697 0.24620999
1.94659495 -0.55780900 0.24742199
1.93529904 -0.56115800 0.24620999
1.92400205 -0.56444103 0.24499699
1.93173504 -0.57330602 0.24620999
1.90140295 -0.57081002 0.24257100
1.90909898 -0.57966501 0.24378400
1.90726805 -0.58565903 0.24378400
1.89593899 -0.58870500 0.24257100
1.86566901 -0.58573800 0.23893200
1.91112494 -0.60661203 0.24499699
1.89975798 -0.60957998 0.24378400
1.88839197 -0.61248302 0.24257100
1.88645804 -0.61841202 0.24257100
1.88450599 -0.62433600 0.24257100
1.88253605 -0.63025302 0.24257100
1.88054597 -0.63616401 0.24257100
1.87853801 -0.64206898 0.24257100
1.86713004 -0.64472699 0.24135800
1.86509502 -0.65059000 0.24135800
1.86304200 -0.65644598 0.24135800
1.86097002 -0.66229600 0.24135800
1.85888100 -0.66813898 0.24135800
1.84744203 -0.67058903 0.24014500
1.85464597 -0.67980498 0.24135800
1.82457399 -0.67529202 0.23772000
1.83174098 -0.68449599 0.23893200
1.81100702 -0.68323898 0.23650700
1.81812799 -0.69245797 0.23772000
1.80667901 -0.69460499 0.23650700
1.81374204 -0.70386797 0.23772000
1.80227900 -0.70594299 0.23650700
1.80005205 -0.71160102 0.23650700
1.78858805 -0.71357399 0.23529400
1.79554605 -0.72289699 0.23650700
1.78407001 -0.72479802 0.23529400
1.77259898 -0.72663498 0.23408100
1.77947998 -0.73599398 0.23529400
1.78631997 -0.74540299 0.23650700
1.77482104 -0.74716002 0.23529400
1.75419199 -0.74497199 0.23286800
1.76096702 -0.75438797 0.23408100
1.76769996 -0.76385403 0.23529400
1.76529205 -0.76940298 0.23529400
1.77195299 -0.77894002 0.23650700
1.76042295 -0.78048003 0.23529400
1.76702404 -0.79005802 0.23650700
1.76453304 -0.79560500 0.23650700
1.75298905 -0.79703599 0.23529400
1.75047600 -0.80254000 0.23529400
1.73893595 -0.80387002 0.23408100
1.74539900 -0.81352198 0.23529400
1.73385096 -0.81478000 0.23408100
1.73128295 -0.82022297 0.23408100
1.72869802 -0.82565802 0.23408100
1.72609496 -0.83108503 0.23408100
1.72347605 -0.83650303 0.23408100
1.72083902 -0.84191298 0.23408100
1.69147801 -0.83414501 0.23044300
1.67996097 -0.83503598 0.22923000
1.68620396 -0.84475601 0.23044300
1.68354201 -0.85004902 0.23044300
1.68086302 -0.85533398 0.23044300
1.66050303 -0.85155100 0.22801700
1.68427396 -0.87043601 0.23165500
1.67272699 -0.87113798 0.23044300
1.64361405 -0.86255097 0.22680400
1.67599499 -0.88627100 0.23165500
1.64692199 -0.87752801 0.22801700
1.65290296 -0.88739300 0.22923000
1.65010703 -0.89258200 0.22923000
1.64729404 -0.89776099 0.22923000
1.63576496 -0.89815402 0.22801700
1.65030706 -0.91289800 0.23044300
1.62141895 -0.90358198 0.22680400
1.61857200 -0.90867198 0.22680400
1.64163005 -0.92841101 0.23044300
1.63007998 -0.92865098 0.22923000
1.62715495 -0.93376702 0.22923000
1.62421298 -0.93887401 0.22923000
1.62125599 -0.94397199 0.22923000
1.61828196 -0.94906098 0.22923000
1.60674596 -0.94909197 0.22801700
1.60375702 -0.95413500 0.22801700
1.60926604 -0.96427000 0.22923000
1.59773004 -0.96419299 0.22801700
1.59469295 -0.96920699 0.22801700
1.59164000 -0.97421199 0.22801700
1.58857203 -0.97920799 0.22801700
1.58548796 -0.98419398 0.22801700
1.58238804 -0.98917001 0.22801700
1.57927299 -0.99413598 0.22801700
1.57614195 -0.99909300 0.22801700
1.56462801 -0.99869901 0.22680400
1.54478204 -0.99287498 0.22437800
1.54998899 -1.00311697 0.22559100
1.55514598 -1.01339996 0.22680400
1.52705705 -1.00194502 0.22316501
1.54046595 -1.01768005 0.22559100
1.52899599 -1.01701701 0.22437800
1.51754606 -1.01629198 0.22316501
1.52257597 -1.02660406 0.22437800
1.51934302 -1.03138196 0.22437800
1.50790095 -1.03054905 0.22316501
1.50465596 -1.03528202 0.22316501
1.51771498 -1.05130804 0.22559100
1.50626302 -1.05039299 0.22437800
1.50295603 -1.05511999 0.22437800
1.49152803 -1.05410802 0.22316501
1.49629700 -1.06454206 0.22437800
1.48487496 -1.06345797 0.22316501
1.48957801 -1.07392299 0.22437800
1.49423099 -1.08442700 0.22559100
1.49081695 -1.08911598 0.22559100
1.48738801 -1.09379399 0.22559100
1.47596598 -1.09255600 0.22437800
1.46456695 -1.09125698 0.22316501
1.46113098 -1.09585202 0.22316501
1.44975901 -1.09445703 0.22195300
1.42260396 -1.08098900 0.21831401
2.09301209 -0.40570301 0.18521500
2.02330589 -0.39879099 0.17915601
2.09042192 -0.41884601 0.18521500
2.09885812 -0.42739901 0.18607999
2.08774900 -0.43197200 0.18521500
2.09613109 -0.44057801 0.18607999
2.06558394 -0.44056100 0.18348400
2.07392693 -0.44915700 0.18434900
2.06277609 -0.45353100 0.18348400
2.05161691 -0.45783901 0.18261801
2.05016899 -0.46428201 0.18261801
2.04861808 -0.47107801 0.18261801
2.03742599 -0.47524899 0.18175299
2.02622795 -0.47935301 0.18088700
2.02479696 -0.48536301 0.18088700
2.02326202 -0.49172199 0.18088700
2.02170706 -0.49807599 0.18088700
2.01046705 -0.50201100 0.18002200
2.00887990 -0.50832498 0.18002200
2.00727296 -0.51463300 0.18002200
1.99600399 -0.51843202 0.17915601
1.99436498 -0.52469999 0.17915601
1.98308003 -0.52839798 0.17829099
1.97011101 -0.53822201 0.17742500
2.00681806 -0.55503100 0.18088700
1.97628403 -0.55327600 0.17829099
1.98412097 -0.56219798 0.17915601
1.97276902 -0.56568199 0.17829099
1.98055005 -0.57465303 0.17915601
1.95961595 -0.57525998 0.17742500
1.96735001 -0.58424997 0.17829099
1.96550405 -0.59042799 0.17829099
1.96363997 -0.59659898 0.17829099
1.95223296 -0.59983897 0.17742500
1.94082499 -0.60301399 0.17656000
1.94842505 -0.61209399 0.17742500
1.90851200 -0.60614902 0.17396300
1.92557001 -0.61823303 0.17569400
1.91414201 -0.62120402 0.17482901
1.91218102 -0.62721401 0.17482901
1.90074503 -0.63008398 0.17396300
1.89875603 -0.63605201 0.17396300
1.89674795 -0.64201403 0.17396300
1.88529599 -0.64474601 0.17309800
1.88326097 -0.65066499 0.17309800
1.88120699 -0.65657902 0.17309800
1.87913501 -0.66248500 0.17309800
1.87704504 -0.66838598 0.17309800
1.86556101 -0.67090797 0.17223200
1.88217199 -0.68356699 0.17396300
1.85195601 -0.67918599 0.17136700
1.84981298 -0.68500102 0.17136700
1.83832002 -0.68731999 0.17050099
1.84547198 -0.69660997 0.17136700
1.86189401 -0.70949900 0.17309800
1.82246196 -0.70103800 0.16963600
1.82953799 -0.71036601 0.17050099
1.82729697 -0.71610999 0.17050099
1.83430302 -0.72551101 0.17136700
1.82276201 -0.72757697 0.17050099
1.81122601 -0.72957700 0.16963600
1.81815398 -0.73901498 0.17050099
1.80660605 -0.74094301 0.16963600
1.81347501 -0.75042403 0.17050099
1.81110895 -0.75611800 0.17050099
1.79954302 -0.75793701 0.16963600
1.79715300 -0.76358700 0.16963600
1.78558803 -0.76530403 0.16877000
1.76488602 -0.76300299 0.16703901
1.77161300 -0.77252603 0.16790500
1.76917696 -0.77808797 0.16790500
1.76672399 -0.78364199 0.16790500
1.75515902 -0.78512102 0.16703901
1.75268400 -0.79063100 0.16703901
1.75019097 -0.79613298 0.16703901
1.74768198 -0.80162698 0.16703901
1.73611200 -0.80293202 0.16617399
1.73358095 -0.80838197 0.16617399
1.73103297 -0.81382400 0.16617399
1.72846794 -0.81925899 0.16617399
1.72588599 -0.82468498 0.16617399
1.72328603 -0.83010298 0.16617399
1.72066998 -0.83551198 0.16617399
1.71803701 -0.84091401 0.16617399
1.70645201 -0.84189898 0.16530800
1.68595803 -0.83838397 0.16357701
1.67440903 -0.83921301 0.16271199
1.71622598 -0.86692798 0.16703901
1.67798102 -0.85423702 0.16357701
1.69301701 -0.86859900 0.16530800
1.69027996 -0.87391400 0.16530800
1.68752694 -0.87922001 0.16530800
1.69357705 -0.88914800 0.16617399
1.69077504 -0.89446402 0.16617399
1.67916501 -0.89508498 0.16530800
1.67634499 -0.90035599 0.16530800
1.66474605 -0.90087599 0.16444300
1.67065501 -0.91087103 0.16530800
1.66778505 -0.91611499 0.16530800
1.66489899 -0.92135000 0.16530800
1.65329504 -0.92172402 0.16444300
1.65039098 -0.92691398 0.16444300
1.63012898 -0.92228299 0.16271199
1.63587904 -0.93233198 0.16357701
1.63294196 -0.93746698 0.16357701
1.62136400 -0.93760502 0.16271199
1.61841094 -0.94269401 0.16271199
1.62403405 -0.95281500 0.16357701
1.62103200 -0.95791203 0.16357701
1.60945404 -0.95790499 0.16271199
1.60643697 -0.96295601 0.16271199
1.59487498 -0.96284997 0.16184600
1.60035503 -0.97303098 0.16271199
1.59729004 -0.97805399 0.16271199
1.59421003 -0.98306698 0.16271199
1.59111297 -0.98807001 0.16271199
1.59644794 -0.99834698 0.16357701
1.58487403 -0.99804801 0.16271199
1.57331705 -0.99768698 0.16184600
1.57857203 -1.00798702 0.16271199
1.55025804 -0.99677700 0.16011500
1.54711902 -1.00164199 0.16011500
1.56900203 -1.02281904 0.16271199
1.55745196 -1.02227700 0.16184600
1.56254399 -1.03265703 0.16271199
1.54270399 -1.02652299 0.16098100
1.54774797 -1.03691006 0.16184600
1.53622401 -1.03619599 0.16098100
1.53296101 -1.04101706 0.16098100
1.53790700 -1.05145001 0.16184600
1.53459597 -1.05627704 0.16184600
1.52308202 -1.05541801 0.16098100
1.52792895 -1.06589794 0.16184600
1.51642001 -1.06496704 0.16098100
1.51306701 -1.06972599 0.16098100
1.50158203 -1.06869698 0.16011500
1.50631595 -1.07921195 0.16098100
1.50291800 -1.08393896 0.16098100
1.49144304 -1.08280206 0.16011500
1.49607801 -1.09335995 0.16098100
1.48460996 -1.09215105 0.16011500
1.48917794 -1.10273898 0.16098100
1.47771895 -1.10145795 0.16011500
1.47425103 -1.10609496 0.16011500
1.45486903 -1.09871304 0.15838499
1.43554795 -1.09122002 0.15665400
2.11761093 -0.41085500 0.11190100
2.06732106 -0.40784100 0.10931100
2.08561301 -0.41826099 0.11034700
2.07450294 -0.42281699 0.10982900
2.08294392 -0.43135700 0.11034700
2.07180500 -0.43584299 0.10982900
2.06073689 -0.43990299 0.10931100
2.04958510 -0.44425899 0.10879300
2.02867198 -0.44640401 0.10775700
2.02726007 -0.45277500 0.10775700
2.08426499 -0.47238600 0.11086500
2.06322289 -0.47481599 0.10982900
2.07144594 -0.48356500 0.11034700
2.05048108 -0.48546901 0.10931100
2.04903102 -0.49155101 0.10931100
2.05717993 -0.50034600 0.10982900
2.04590201 -0.50441498 0.10931100
2.05399609 -0.51326102 0.10982900
2.05237293 -0.51971102 0.10982900
2.04105711 -0.52367502 0.10931100
2.03940201 -0.53008401 0.10931100
2.00875401 -0.52886099 0.10775700
1.99743402 -0.53259599 0.10723900
1.99575102 -0.53886902 0.10723900
1.98441505 -0.54250199 0.10672100
1.98270094 -0.54873401 0.10672100
1.97135103 -0.55226600 0.10620200
1.95999801 -0.55573201 0.10568400
1.96784198 -0.56464100 0.10620200
1.95646799 -0.56803602 0.10568400
1.95467305 -0.57418001 0.10568400
1.93371403 -0.57462800 0.10464800
1.94146299 -0.58357501 0.10516600
1.93006599 -0.58676702 0.10464800
1.92821300 -0.59282702 0.10464800
1.92634106 -0.59888202 0.10464800
1.91492295 -0.60193598 0.10413000
1.91302204 -0.60794902 0.10413000
1.91110301 -0.61395597 0.10413000
1.94715798 -0.63229400 0.10620200
1.94516206 -0.63840801 0.10620200
1.94314694 -0.64451599 0.10620200
1.93164396 -0.64744401 0.10568400
1.92960000 -0.65350902 0.10568400
1.94643497 -0.66603398 0.10672100
1.92545605 -0.66562003 0.10568400
1.93278301 -0.67495799 0.10620200
1.92123604 -0.67770499 0.10568400
1.90969002 -0.68038601 0.10516600
1.90754294 -0.68638200 0.10516600
1.90537703 -0.69237101 0.10516600
1.91256797 -0.70179403 0.10568400
1.83543801 -0.68004203 0.10154000
1.86135304 -0.69630200 0.10309400
1.84047103 -0.69508898 0.10205800
1.84761000 -0.70442498 0.10257600
1.83606803 -0.70663899 0.10205800
1.84314799 -0.71601999 0.10257600
1.83159196 -0.71816200 0.10205800
1.82932603 -0.72391200 0.10205800
1.81776905 -0.72595203 0.10154000
1.81547904 -0.73165900 0.10154000
1.81317198 -0.73735899 0.10154000
1.80160701 -0.73926002 0.10102200
1.79004896 -0.74109602 0.10050400
1.79692698 -0.75056601 0.10102200
1.78535700 -0.75232899 0.10050400
1.78298497 -0.75793397 0.10050400
1.77141702 -0.75959599 0.09998600
1.75985599 -0.76119298 0.09946800
1.77576196 -0.77470499 0.10050400
1.80074203 -0.79234600 0.10205800
1.79824400 -0.79799902 0.10205800
1.80484402 -0.80772400 0.10257600
1.80229700 -0.81339002 0.10257600
1.80882299 -0.82318401 0.10309400
1.79715097 -0.82469797 0.10257600
1.79455101 -0.83034003 0.10257600
1.77383304 -0.82752901 0.10154000
1.77122498 -0.83309799 0.10154000
1.76859903 -0.83865798 0.10154000
1.76595497 -0.84421003 0.10154000
1.76329505 -0.84975398 0.10154000
1.76061594 -0.85528898 0.10154000
1.76689005 -0.86520803 0.10205800
1.71043205 -0.84423399 0.09895000
1.72565401 -0.85850000 0.09998600
1.69616699 -0.85048801 0.09843200
1.70239902 -0.86031699 0.09895000
1.69968796 -0.86566103 0.09895000
1.70584500 -0.87555599 0.09946800
1.69421601 -0.87632298 0.09895000
1.68259799 -0.87702501 0.09843200
1.67983496 -0.88230699 0.09843200
1.67705500 -0.88757998 0.09843200
1.67425799 -0.89284402 0.09843200
1.66264796 -0.89337301 0.09791400
1.65983295 -0.89859200 0.09791400
1.65700197 -0.90380198 0.09791400
1.66290605 -0.91381299 0.09843200
1.65129006 -0.91419500 0.09791400
1.64840996 -0.91937798 0.09791400
1.63680696 -0.91966099 0.09739500
1.63390994 -0.92479801 0.09739500
1.63967204 -0.93487298 0.09791400
1.65404701 -0.94996703 0.09895000
1.65105402 -0.95515901 0.09895000
1.65667403 -0.96536899 0.09946800
1.65363300 -0.97056901 0.09946800
1.65057600 -0.97575903 0.09946800
1.63892102 -0.97583002 0.09895000
1.62728298 -0.97583902 0.09843200
1.62420905 -0.98094600 0.09843200
1.62965202 -0.99123299 0.09895000
1.61801398 -0.99113202 0.09843200
1.62339199 -1.00145304 0.09895000
1.61175501 -1.00127900 0.09843200
1.61706698 -1.01163399 0.09895000
1.59698200 -1.00606203 0.09791400
1.60224605 -1.01642394 0.09843200
1.57379699 -1.00532496 0.09687700
1.57903004 -1.01566601 0.09739500
1.56744897 -1.01519299 0.09687700
1.56425202 -1.02011204 0.09687700
1.56104004 -1.02502203 0.09687700
1.54948199 -1.02441299 0.09635900
1.55456901 -1.03480995 0.09687700
1.54301405 -1.03412795 0.09635900
1.53975797 -1.03897095 0.09635900
1.54474699 -1.04941499 0.09687700
1.52495599 -1.04298699 0.09584100
1.52989805 -1.05343604 0.09635900
1.52658105 -1.05823696 0.09635900
1.51505899 -1.05731297 0.09584100
1.51990104 -1.06780803 0.09635900
1.50838602 -1.06681097 0.09584100
1.50502706 -1.07154500 0.09584100
1.50977004 -1.08208501 0.09635900
1.50636303 -1.08682299 0.09635900
1.49486101 -1.08568203 0.09584100
1.49950504 -1.09626603 0.09635900
1.48801005 -1.09505296 0.09584100
1.48456299 -1.09972203 0.09584100
1.48109996 -1.10438001 0.09584100
1.46164894 -1.09703898 0.09480500
1.45819604 -1.10162497 0.09480500
1.43882895 -1.09411097 0.09376900
2.12007308 -0.41171700 0.03712000
2.10895991 -0.41643801 0.03694900
2.10764194 -0.42306101 0.03694900
2.10630202 -0.42968100 0.03694900
2.09515095 -0.43426600 0.03677700
2.09377694 -0.44084600 0.03677700
2.09245992 -0.44705701 0.03677700
2.09104490 -0.45362800 0.03677700
2.07984495 -0.45804501 0.03660500
2.07839608 -0.46457601 0.03660500
2.06717491 -0.46889201 0.03643300
2.06560898 -0.47574401 0.03643300
2.06410408 -0.48223099 0.03643300
2.05285001 -0.48640800 0.03626100
2.03195310 -0.48782900 0.03591800
2.04012489 -0.49657500 0.03608900
2.02884793 -0.50058597 0.03591800
2.02726507 -0.50695801 0.03591800
2.01596999 -0.51086801 0.03574600
2.02403998 -0.51968497 0.03591800
2.02239704 -0.52604097 0.03591800
2.01106596 -0.52984500 0.03574600
1.99006999 -0.53100502 0.03540200
1.98839200 -0.53725398 0.03540200
1.98669505 -0.54349798 0.03540200
1.98497701 -0.54973698 0.03540200
1.97361302 -0.55327100 0.03523000
1.97186506 -0.55946898 0.03523000
1.97009802 -0.56566101 0.03523000
1.96831095 -0.57184702 0.03523000
1.94731998 -0.57238901 0.03488600
1.94551206 -0.57850403 0.03488600
1.94368505 -0.58461303 0.03488600
1.94183898 -0.59071600 0.03488600
1.93997300 -0.59681398 0.03488600
1.92854202 -0.59993500 0.03471500
1.92664695 -0.60599101 0.03471500
1.93426204 -0.61507100 0.03488600
1.93232000 -0.62114400 0.03488600
1.92085004 -0.62412202 0.03471500
1.92838001 -0.63327301 0.03488600
1.91689098 -0.63617897 0.03471500
1.91488302 -0.64219803 0.03471500
1.90338600 -0.64500099 0.03454300
1.90135098 -0.65097803 0.03454300
1.90874505 -0.66021597 0.03471500
1.89722300 -0.66291100 0.03454300
1.88570201 -0.66554099 0.03437100
1.88360202 -0.67146200 0.03437100
1.88148403 -0.67737597 0.03437100
1.87934601 -0.68328297 0.03437100
1.87718999 -0.68918401 0.03437100
1.86564100 -0.69160300 0.03419900
1.86345899 -0.69746000 0.03419900
1.85190594 -0.69977701 0.03402700
1.84969795 -0.70559102 0.03402700
1.83814204 -0.70780599 0.03385500
1.83590901 -0.71357697 0.03385500
1.83365798 -0.71934098 0.03385500
1.83138895 -0.72509801 0.03385500
1.82910204 -0.73084801 0.03385500
1.81752396 -0.73285198 0.03368300
1.80595100 -0.73479003 0.03351200
1.80363405 -0.74045998 0.03351200
1.80129898 -0.74612200 0.03351200
1.79894602 -0.75177801 0.03351200
1.79657495 -0.75742602 0.03351200
1.79418695 -0.76306599 0.03351200
1.79178095 -0.76869899 0.03351200
1.78018105 -0.77035302 0.03334000
1.78691602 -0.77994198 0.03351200
1.78445697 -0.78555101 0.03351200
1.77284205 -0.78709698 0.03334000
1.77035999 -0.79266202 0.03334000
1.76786101 -0.79821998 0.03334000
1.76534498 -0.80377001 0.03334000
1.76281095 -0.80931199 0.03334000
1.75118601 -0.81064600 0.03316800
1.74863100 -0.81614298 0.03316800
1.74605799 -0.82163298 0.03316800
1.74346805 -0.82711399 0.03316800
1.74086106 -0.83258700 0.03316800
1.72923100 -0.83371001 0.03299600
1.72660303 -0.83913797 0.03299600
1.73293698 -0.84895700 0.03316800
1.72129703 -0.84996998 0.03299600
1.70966697 -0.85091901 0.03282400
1.69804800 -0.85180199 0.03265200
1.69536400 -0.85713297 0.03265200
1.69266200 -0.86245501 0.03265200
1.69883895 -0.87233502 0.03282400
1.69608998 -0.87766802 0.03282400
1.68445897 -0.87836897 0.03265200
1.67284000 -0.87900603 0.03248000
1.67007005 -0.88425702 0.03248000
1.66728401 -0.88949901 0.03248000
1.66448104 -0.89473301 0.03248000
1.66166198 -0.89995700 0.03248000
1.65882695 -0.90517300 0.03248000
1.65597498 -0.91038001 0.03248000
1.65310705 -0.91557801 0.03248000
1.64149106 -0.91589499 0.03230900
1.63860500 -0.92104697 0.03230900
1.65310502 -0.93604398 0.03265200
1.65015602 -0.94123298 0.03265200
1.63852203 -0.94143099 0.03248000
1.63555598 -0.94657397 0.03248000
1.63257396 -0.95170701 0.03248000
1.63819802 -0.96189398 0.03265200
1.61795604 -0.95685601 0.03230900
1.62353206 -0.96705103 0.03248000
1.61191201 -0.96700400 0.03230900
1.61742401 -0.97723299 0.03248000
1.60580397 -0.97711200 0.03230900
1.61125195 -0.98737597 0.03248000
1.59963298 -0.98718202 0.03230900
1.59652400 -0.99220300 0.03230900
1.59339905 -0.99721402 0.03230900
1.58179998 -0.99688399 0.03213700
1.58710206 -1.00720596 0.03230900
1.57550502 -1.00680304 0.03213700
1.57233405 -1.01174700 0.03213700
1.56914794 -1.01668203 0.03213700
1.56594598 -1.02160704 0.03213700
1.55437195 -1.02103198 0.03196500
1.55115700 -1.02591002 0.03196500
1.55624795 -1.03631997 0.03213700
1.54468000 -1.03563595 0.03196500
1.54970598 -1.04607701 0.03213700
1.53814304 -1.04532099 0.03196500
1.53485096 -1.05014801 0.03196500
1.53154397 -1.05496395 0.03196500
1.52822304 -1.05977094 0.03196500
1.52488601 -1.06456697 0.03196500
1.51335299 -1.06360197 0.03179300
1.51816702 -1.07412696 0.03196500
1.51478505 -1.07889104 0.03196500
1.51138794 -1.08364403 0.03196500
1.50797606 -1.08838701 0.03196500
1.51263797 -1.09899604 0.03213700
1.50917804 -1.10374296 0.03213700
1.50570297 -1.10847902 0.03213700
1.49417996 -1.10724998 0.03196500
1.49069405 -1.11193895 0.03196500
1.47919798 -1.11061299 0.03179300
1.46772504 -1.10922599 0.03162100
1.44831705 -1.10172498 0.03127700
