2.28246188 -0.62612402 -0.63311499
2.22463489 -0.61778200 -0.61760998
2.25988293 -0.63522398 -0.62794697
2.24858499 -0.63967800 -0.62536299
2.24656391 -0.64673901 -0.62536299
2.23524594 -0.65109199 -0.62277901
2.23319006 -0.65811098 -0.62277901
2.24036908 -0.66788298 -0.62536299
2.24750900 -0.67770702 -0.62794697
2.23612809 -0.68194598 -0.62536299
2.24320602 -0.69181502 -0.62794697
2.24102211 -0.69885898 -0.62794697
2.23881507 -0.70589602 -0.62794697
2.22738194 -0.70999199 -0.62536299
2.22514105 -0.71698600 -0.62536299
2.23206306 -0.72696400 -0.62794697
2.22976804 -0.73397303 -0.62794697
2.21828508 -0.73792499 -0.62536299
2.20679903 -0.74181199 -0.62277901
2.16786909 -0.73631400 -0.61244202
2.17481303 -0.74587703 -0.61502600
2.16319990 -0.74992102 -0.61244202
2.15171599 -0.75352001 -0.60985798
2.14933801 -0.76027602 -0.60985798
2.13784099 -0.76377499 -0.60727400
2.13543200 -0.77048701 -0.60727400
2.13313603 -0.77682000 -0.60727400
2.12161803 -0.78018302 -0.60469002
2.11915708 -0.78684402 -0.60469002
2.11667395 -0.79349798 -0.60469002
2.11417103 -0.80014402 -0.60469002
2.11164689 -0.80678201 -0.60469002
2.09994698 -0.81030202 -0.60210598
2.08839011 -0.81338900 -0.59952098
2.09495807 -0.82311499 -0.60210598
2.11032200 -0.83681399 -0.60727400
2.11665201 -0.84702897 -0.60985798
2.11398005 -0.85367399 -0.60985798
2.11128807 -0.86031097 -0.60985798
2.10857511 -0.86694002 -0.60985798
2.08799505 -0.86615700 -0.60469002
2.10308599 -0.88017100 -0.60985798
2.09141111 -0.88301700 -0.60727400
2.08862710 -0.88958198 -0.60727400
2.08582211 -0.89613998 -0.60727400
2.07413197 -0.89884698 -0.60469002
2.07129788 -0.90535802 -0.60469002
2.02424598 -0.89237702 -0.59176898
2.03908706 -0.90658098 -0.59693700
2.02741408 -0.90903002 -0.59435302
2.01574612 -0.91141498 -0.59176898
2.02166200 -0.92175102 -0.59435302
2.00120211 -0.92002702 -0.58918500
2.00706697 -0.93037200 -0.59176898
2.00413394 -0.93667299 -0.59176898
2.00118089 -0.94296497 -0.59176898
1.99820900 -0.94924700 -0.59176898
1.98650396 -0.95134699 -0.58918500
1.98350596 -0.95758301 -0.58918500
1.98048794 -0.96381003 -0.58918500
1.97745001 -0.97002703 -0.58918500
1.97439301 -0.97623402 -0.58918500
1.96266997 -0.97812402 -0.58660102
1.96822000 -0.98862100 -0.58918500
1.98234200 -1.00352502 -0.59435302
1.98778498 -1.01413798 -0.59693700
1.97599804 -1.01596105 -0.59435302
1.98137403 -1.02660799 -0.59693700
1.96957505 -1.02835596 -0.59435302
1.96633506 -1.03453898 -0.59435302
1.96307504 -1.04071105 -0.59435302
1.95979595 -1.04687297 -0.59435302
1.94799101 -1.04844701 -0.59176898
1.94468796 -1.05456102 -0.59176898
1.94984305 -1.06529701 -0.59435302
1.93802297 -1.06675899 -0.59176898
1.87552404 -1.04004800 -0.57367998
1.89754796 -1.06006896 -0.58143198
1.89420903 -1.06602502 -0.58143198
1.89084995 -1.07197106 -0.58143198
1.87908399 -1.07311499 -0.57884800
1.88407803 -1.08383000 -0.58143198
1.88066304 -1.08974397 -0.58143198
1.87723100 -1.09564698 -0.58143198
1.86545098 -1.09664297 -0.57884800
1.86199701 -1.10249805 -0.57884800
1.85852396 -1.10834205 -0.57884800
1.85503304 -1.11417603 -0.57884800
1.84325802 -1.11499798 -0.57626402
1.84799600 -1.12580895 -0.57884800
1.83621597 -1.12655699 -0.57626402
1.84088600 -1.13739800 -0.57884800
1.82089901 -1.13296902 -0.57367998
1.82551706 -1.14381301 -0.57626402
1.81374395 -1.14438701 -0.57367998
1.81829405 -1.15525997 -0.57626402
1.80651796 -1.15576100 -0.57367998
1.80287802 -1.16143000 -0.57367998
1.79111600 -1.16183102 -0.57109600
1.80363297 -1.17801797 -0.57626402
1.78378105 -1.17306304 -0.57109600
1.77203202 -1.17332697 -0.56851202
1.76833701 -1.17888796 -0.56851202
1.77264595 -1.18982196 -0.57109600
1.76889896 -1.19538498 -0.57109600
1.75714803 -1.19550204 -0.56851202
1.75359297 -1.20071006 -0.56851202
1.75776601 -1.21169603 -0.57109600
1.76188695 -1.22272003 -0.57367998
1.78971398 -1.25038004 -0.58401698
1.76997304 -1.24488103 -0.57884800
1.78182197 -1.26160002 -0.58401698
1.76998305 -1.26158500 -0.58143198
1.75794196 -1.26181400 -0.57884800
1.76179898 -1.27298796 -0.58143198
1.75779104 -1.27851701 -0.58143198
1.74597204 -1.27832603 -0.57884800
1.74972403 -1.28953600 -0.58143198
1.73790503 -1.28927100 -0.57884800
1.74158704 -1.30050397 -0.58143198
1.73749197 -1.30596900 -0.58143198
1.70256495 -1.28810704 -0.57109600
1.69082499 -1.28759694 -0.56851202
1.67910397 -1.28702605 -0.56592798
1.68270099 -1.29819500 -0.56851202
1.67861497 -1.30347502 -0.56851202
1.66690004 -1.30279398 -0.56592798
1.65520597 -1.30205095 -0.56334299
1.64353299 -1.30124795 -0.56075901
2.31469703 -0.65892202 -0.55578899
2.26580095 -0.65270501 -0.54453802
2.30115700 -0.67072600 -0.55353898
2.28034711 -0.67243999 -0.54903799
2.26888609 -0.67681497 -0.54678798
2.27607703 -0.68675500 -0.54903799
2.26458907 -0.69105798 -0.54678798
2.26240611 -0.69816899 -0.54678798
2.26020193 -0.70527297 -0.54678798
2.25797510 -0.71236998 -0.54678798
2.25572610 -0.71946001 -0.54678798
2.25345397 -0.72654301 -0.54678798
2.24189711 -0.73060000 -0.54453802
2.23958993 -0.73764002 -0.54453802
2.23726201 -0.74467200 -0.54453802
2.22567701 -0.74858999 -0.54228801
2.21408796 -0.75244403 -0.54003799
2.22106194 -0.76217198 -0.54228801
2.21852207 -0.76953298 -0.54228801
2.21609402 -0.77649897 -0.54228801
2.20445800 -0.78020698 -0.54003799
2.21117091 -0.79040802 -0.54228801
2.21784210 -0.80065900 -0.54453802
2.21545601 -0.80723602 -0.54453802
2.21290898 -0.81419200 -0.54453802
2.20120692 -0.81774700 -0.54228801
2.19862700 -0.82465798 -0.54228801
2.19602609 -0.83156198 -0.54228801
2.19340301 -0.83845598 -0.54228801
2.19060993 -0.84572500 -0.54228801
2.18794203 -0.85260302 -0.54228801
2.18540311 -0.85909098 -0.54228801
2.10118198 -0.83361399 -0.52203602
2.12568903 -0.85107601 -0.52878702
2.13203907 -0.86140001 -0.53103697
2.12030005 -0.86441499 -0.52878702
2.12658501 -0.87477899 -0.53103697
2.11482692 -0.87772000 -0.52878702
2.12104607 -0.88812298 -0.53103697
2.10029411 -0.88719898 -0.52653700
2.09749699 -0.89379299 -0.52653700
2.09467793 -0.90037799 -0.52653700
2.09184003 -0.90695399 -0.52653700
2.08897996 -0.91352099 -0.52653700
2.07718492 -0.91614801 -0.52428699
2.06539392 -0.91870898 -0.52203602
2.07138801 -0.92918098 -0.52428699
2.05958104 -0.93166798 -0.52203602
2.07437301 -0.94622099 -0.52653700
2.08024311 -0.95680499 -0.52878702
2.06838703 -0.95923603 -0.52653700
2.07418990 -0.96985602 -0.52878702
2.07113290 -0.97636801 -0.52878702
2.07685494 -0.98705202 -0.53103697
2.06495690 -0.98936200 -0.52878702
2.06183910 -0.99584401 -0.52878702
2.05870008 -1.00231600 -0.52878702
2.04679394 -1.00448596 -0.52653700
2.03489494 -1.00659204 -0.52428699
2.03172207 -1.01297903 -0.52428699
1.97629297 -0.99310797 -0.51078600
1.99054801 -1.00811601 -0.51528603
1.99605000 -1.01879394 -0.51753598
1.99283898 -1.02506006 -0.51753598
1.98095906 -1.02683103 -0.51528603
1.97772300 -1.03304994 -0.51528603
1.97446799 -1.03925800 -0.51528603
1.97119296 -1.04545605 -0.51528603
1.96789896 -1.05164301 -0.51528603
1.96458602 -1.05781996 -0.51528603
1.96125305 -1.06398702 -0.51528603
1.95790005 -1.07014298 -0.51528603
1.94599402 -1.07158899 -0.51303601
1.94261801 -1.07769704 -0.51303601
1.93071699 -1.07904100 -0.51078600
1.94429803 -1.09466195 -0.51528603
1.91542399 -1.08634400 -0.50853503
1.93738198 -1.10685599 -0.51528603
1.95078504 -1.12265801 -0.51978600
1.93881905 -1.12389398 -0.51753598
1.93527806 -1.12997901 -0.51753598
1.93171895 -1.13605404 -0.51753598
1.91975701 -1.13715100 -0.51528603
1.91617501 -1.14317596 -0.51528603
1.92092597 -1.15420902 -0.51753598
1.92562699 -1.16528296 -0.51978600
1.91363597 -1.16625595 -0.51753598
1.90996301 -1.17226195 -0.51753598
1.90627098 -1.17825603 -0.51753598
1.84465599 -1.14819705 -0.50178498
1.86580706 -1.16951096 -0.50853503
1.87036300 -1.18056798 -0.51078600
1.85842204 -1.18121099 -0.50853503
1.85470200 -1.18704402 -0.50853503
1.85096300 -1.19286501 -0.50853503
1.84720695 -1.19867396 -0.50853503
1.83527505 -1.19914103 -0.50628501
1.83963895 -1.21025598 -0.50853503
1.82770503 -1.21064901 -0.50628501
1.81578600 -1.21097898 -0.50403500
1.82006204 -1.22210896 -0.50628501
1.81621397 -1.22782099 -0.50628501
1.80429196 -1.22803795 -0.50403500
1.81671798 -1.24439895 -0.50853503
1.80477798 -1.24456799 -0.50628501
1.80886304 -1.25578904 -0.50853503
1.80490899 -1.26146495 -0.50853503
1.80890596 -1.27273595 -0.51078600
1.80489898 -1.27841198 -0.51078600
1.80087399 -1.28407598 -0.51078600
1.79660499 -1.29004097 -0.51078600
1.79254401 -1.29567897 -0.51078600
1.78846502 -1.30130398 -0.51078600
1.77650702 -1.30115902 -0.50853503
1.78025305 -1.31251597 -0.51078600
1.76829600 -1.31229496 -0.50853503
1.76416504 -1.31784403 -0.50853503
1.75222898 -1.31752396 -0.50628501
1.74808097 -1.32302201 -0.50628501
1.70516205 -1.29898500 -0.49503401
1.72426903 -1.32212198 -0.50178498
1.72010696 -1.32753301 -0.50178498
1.71592796 -1.33292997 -0.50178498
1.71173203 -1.33831406 -0.50178498
1.69986200 -1.33765996 -0.49953499
1.67273700 -1.32484496 -0.49278399
1.68380499 -1.34223998 -0.49728501
2.36273909 -0.69718403 -0.48114499
2.33232307 -0.69618201 -0.47539401
2.35831094 -0.71201599 -0.48114499
2.34667611 -0.71655500 -0.47922799
2.34441400 -0.72392398 -0.47922799
2.35149598 -0.73421103 -0.48114499
2.34917808 -0.74159497 -0.48114499
2.32579088 -0.75031400 -0.47731099
2.32342196 -0.75761700 -0.47731099
2.29306698 -0.75569600 -0.47156101
2.29999304 -0.76599801 -0.47347701
2.28827310 -0.77008897 -0.47156101
2.26725793 -0.77095503 -0.46772701
2.28352594 -0.78405303 -0.47156101
2.24382496 -0.77874899 -0.46389300
2.27841496 -0.79878300 -0.47156101
2.24814010 -0.79610801 -0.46581000
2.25486898 -0.80647200 -0.46772701
2.25232410 -0.81355202 -0.46772701
2.27756310 -0.83031601 -0.47347701
2.26573300 -0.83407700 -0.47156101
2.25390196 -0.83777100 -0.46964401
2.25125909 -0.84484798 -0.46964401
2.24859405 -0.85191602 -0.46964401
2.25507307 -0.86248201 -0.47156101
2.22473502 -0.85934597 -0.46581000
2.23116899 -0.86989599 -0.46772701
2.21944404 -0.87291998 -0.46581000
2.20756793 -0.87626702 -0.46389300
2.20480490 -0.88319802 -0.46389300
2.20201898 -0.89012098 -0.46389300
2.19921207 -0.89703399 -0.46389300
2.20545912 -0.90767401 -0.46581000
2.16634011 -0.89954299 -0.45814201
2.18160796 -0.91392899 -0.46197599
2.16064501 -0.91313702 -0.45814201
2.17582202 -0.92761803 -0.46197599
2.16388106 -0.93057197 -0.46005899
2.15194297 -0.93345898 -0.45814201
2.14000797 -0.93628103 -0.45622501
2.12807703 -0.93903702 -0.45430800
2.15201712 -0.95769000 -0.46005899
2.11318111 -0.94837099 -0.45239100
2.12807393 -0.96309900 -0.45622501
2.10718012 -0.96162999 -0.45239100
2.12198091 -0.97645098 -0.45622501
2.10999990 -0.97898197 -0.45430800
2.11580300 -0.98976398 -0.45622501
2.10380697 -0.99221998 -0.45430800
2.10067892 -0.99882400 -0.45430800
2.09753108 -1.00541902 -0.45430800
2.09436202 -1.01200294 -0.45430800
2.08234906 -1.01427996 -0.45239100
2.08796191 -1.02514303 -0.45430800
2.08473110 -1.03169703 -0.45430800
2.06391501 -1.02947998 -0.45047399
2.06943893 -1.04036701 -0.45239100
2.06615996 -1.04686296 -0.45239100
2.07160211 -1.05781198 -0.45430800
2.04748988 -1.06177104 -0.45047399
2.02674699 -1.05910695 -0.44664100
2.04946208 -1.07918799 -0.45239100
2.02872205 -1.07642102 -0.44855800
2.03398609 -1.08741605 -0.45047399
2.02191901 -1.08914602 -0.44855800
2.00986099 -1.09081101 -0.44664100
2.02364707 -1.10653806 -0.45047399
1.99437106 -1.09868300 -0.44472399
1.99949098 -1.10970497 -0.44664100
1.98742902 -1.11119199 -0.44472399
1.96682501 -1.10779703 -0.44089001
1.92919099 -1.09459698 -0.43322200
1.98538899 -1.13474298 -0.44664100
1.98181403 -1.14097500 -0.44664100
1.98670995 -1.15211904 -0.44855800
1.98308098 -1.15835500 -0.44855800
1.97943199 -1.16457903 -0.44855800
1.96731997 -1.16578805 -0.44664100
1.96364796 -1.17196298 -0.44664100
1.95995700 -1.17812598 -0.44664100
1.95624602 -1.18427801 -0.44664100
1.94413602 -1.18530905 -0.44472399
1.94040203 -1.19141102 -0.44472399
1.92830205 -1.19233894 -0.44280699
1.92454696 -1.19839096 -0.44280699
1.91245699 -1.19921696 -0.44089001
1.91697896 -1.21045995 -0.44280699
1.90488505 -1.21121001 -0.44089001
1.90933597 -1.22248006 -0.44280699
1.90548599 -1.22847295 -0.44280699
1.87692106 -1.21842098 -0.43705601
1.88951397 -1.23505104 -0.44089001
1.88562500 -1.24098098 -0.44089001
1.86535394 -1.23605597 -0.43705601
1.87779105 -1.25280404 -0.44089001
1.86569798 -1.25322497 -0.43897301
1.86175203 -1.25908005 -0.43897301
1.86590004 -1.27044594 -0.44089001
1.83783400 -1.25933397 -0.43513900
1.81771100 -1.25395501 -0.43130499
1.81376302 -1.25965905 -0.43130499
1.84196997 -1.28784597 -0.43897301
1.83791494 -1.29362702 -0.43897301
1.83384204 -1.29939401 -0.43897301
1.83774102 -1.31084800 -0.44089001
1.83338404 -1.31693494 -0.44089001
1.83719099 -1.32843900 -0.44280699
1.82507396 -1.32842898 -0.44089001
1.83672500 -1.34575701 -0.44472399
1.83248794 -1.35152102 -0.44472399
1.81247306 -1.34556997 -0.44089001
1.81609797 -1.35713303 -0.44280699
1.79613900 -1.35103202 -0.43897301
1.78406096 -1.35074401 -0.43705601
1.77200198 -1.35039306 -0.43513900
1.76775098 -1.35595298 -0.43513900
1.75571406 -1.35550201 -0.43322200
1.75144696 -1.36101103 -0.43322200
1.75489295 -1.37255299 -0.43513900
1.74286103 -1.37198901 -0.43322200
1.73854196 -1.37745798 -0.43322200
1.74188006 -1.38903201 -0.43513900
2.40127611 -0.72544497 -0.39900300
2.35176110 -0.71855700 -0.39114901
2.39667010 -0.74051797 -0.39900300
2.38490605 -0.74509901 -0.39743200
2.37313604 -0.74961299 -0.39586100
2.37076902 -0.75706500 -0.39586100
2.35898089 -0.76147503 -0.39429000
2.35657692 -0.76888299 -0.39429000
2.35415006 -0.77628201 -0.39429000
2.35169911 -0.78367400 -0.39429000
2.34922600 -0.79105800 -0.39429000
2.35607910 -0.80161601 -0.39586100
2.33501005 -0.80218500 -0.39271900
2.33233690 -0.80992401 -0.39271900
2.32978106 -0.81724697 -0.39271900
2.32720208 -0.82456201 -0.39271900
2.32459998 -0.83187002 -0.39271900
2.30339909 -0.83245498 -0.38957801
2.31019711 -0.84267002 -0.39114901
2.32336998 -0.86405301 -0.39429000
2.32988906 -0.87481999 -0.39586100
2.31789494 -0.87863398 -0.39429000
2.30590010 -0.88238299 -0.39271900
2.30296111 -0.89002401 -0.39271900
2.27255201 -0.88648802 -0.38800699
2.30667090 -0.90769202 -0.39429000
2.29462910 -0.91128898 -0.39271900
2.27342105 -0.91114497 -0.38957801
2.26139212 -0.91457999 -0.38800699
2.27679491 -0.92914301 -0.39114901
2.20994091 -0.90996999 -0.38015199
2.24355197 -0.93206298 -0.38643599
2.24061298 -0.93910700 -0.38643599
2.22855496 -0.94229501 -0.38486499
2.20741606 -0.94154298 -0.38172299
2.21351910 -0.95237601 -0.38329399
2.21957493 -0.96325701 -0.38486499
2.20749092 -0.96626502 -0.38329399
2.19541001 -0.96920699 -0.38172299
2.18333197 -0.97208202 -0.38015199
2.17125797 -0.97489101 -0.37858099
2.17718101 -0.98578101 -0.38015199
2.16509008 -0.98851401 -0.37858099
2.17094493 -0.99944103 -0.38015199
2.17675209 -1.01041496 -0.38172299
2.18251204 -1.02143395 -0.38329399
2.19715500 -1.03671503 -0.38643599
2.17605090 -1.03512704 -0.38329399
2.15497804 -1.03341806 -0.38015199
2.16950393 -1.04877901 -0.38329399
2.16619802 -1.05559003 -0.38329399
2.15400696 -1.05803597 -0.38172299
2.15952301 -1.06918001 -0.38329399
2.14731693 -1.07154906 -0.38172299
2.17040801 -1.09160197 -0.38643599
2.14935088 -1.08948505 -0.38329399
2.14591694 -1.09623206 -0.38329399
2.08099890 -1.07132494 -0.37229800
2.09515500 -1.08695304 -0.37544000
2.07422590 -1.08437896 -0.37229800
2.07954693 -1.09549296 -0.37386900
2.07609510 -1.10202098 -0.37386900
2.06391406 -1.10388005 -0.37229800
2.06043601 -1.11035800 -0.37229800
2.06561708 -1.12153804 -0.37386900
2.05341911 -1.12328303 -0.37229800
2.04988003 -1.12972796 -0.37229800
2.03768706 -1.13136899 -0.37072700
2.04274106 -1.14258599 -0.37229800
2.03053808 -1.14414895 -0.37072700
2.03552198 -1.15539801 -0.37229800
2.03188205 -1.16178703 -0.37229800
2.03678012 -1.17309296 -0.37386900
2.03308511 -1.17948604 -0.37386900
2.04642296 -1.19583297 -0.37701100
2.00009990 -1.17720902 -0.36915600
2.03886890 -1.20866704 -0.37701100
2.00962305 -1.19987798 -0.37229800
2.03123403 -1.22145402 -0.37701100
2.00204492 -1.21248102 -0.37229800
2.00665689 -1.22390699 -0.37386900
2.01121712 -1.23537397 -0.37544000
1.98213005 -1.22610104 -0.37072700
1.99503303 -1.24276495 -0.37386900
1.99111903 -1.24902701 -0.37386900
1.92038906 -1.21308100 -0.36130199
1.94990003 -1.24030995 -0.36758500
1.94599402 -1.24643004 -0.36758500
1.93376899 -1.24718499 -0.36601400
1.93812394 -1.25863302 -0.36758500
1.93415999 -1.26471496 -0.36758500
1.92192900 -1.26535404 -0.36601400
1.92617595 -1.27684295 -0.36758500
1.92215502 -1.28288805 -0.36758500
1.90991795 -1.28341198 -0.36601400
1.89769697 -1.28387201 -0.36444399
1.90181696 -1.29538703 -0.36601400
1.90611100 -1.30660796 -0.36758500
1.88574004 -1.30137098 -0.36444399
1.88975298 -1.31292295 -0.36601400
1.90180397 -1.33017397 -0.36915600
1.89761603 -1.33614194 -0.36915600
1.90952301 -1.35351896 -0.37229800
1.88114405 -1.34230304 -0.36758500
1.87668300 -1.34853399 -0.36758500
1.88043904 -1.36021101 -0.36915600
1.90010703 -1.38355100 -0.37386900
1.88778603 -1.38367498 -0.37229800
1.87548304 -1.38373601 -0.37072700
1.88698304 -1.40139699 -0.37386900
1.84302199 -1.37775302 -0.36601400
1.86235797 -1.40135002 -0.37072700
1.83432901 -1.38930595 -0.36601400
1.82210100 -1.38907504 -0.36444399
1.79422295 -1.37675595 -0.35973099
1.81333697 -1.40049601 -0.36444399
1.79333401 -1.39406300 -0.36130199
1.80450201 -1.41186094 -0.36444399
1.79229903 -1.41141295 -0.36287299
1.78011596 -1.41090298 -0.36130199
1.76023400 -1.40417099 -0.35815999
2.36590099 -0.74778199 -0.30550501
2.40135694 -0.76729399 -0.31039301
2.37060094 -0.76568300 -0.30672699
2.37761903 -0.77620697 -0.30794901
2.36574292 -0.78056300 -0.30672699
2.36327910 -0.78799099 -0.30672699
2.35138702 -0.79224300 -0.30550501
2.34888601 -0.79962599 -0.30550501
2.33711696 -0.80336499 -0.30428299
2.33443999 -0.81111097 -0.30428299
2.33188009 -0.81844097 -0.30428299
2.31994295 -0.82244599 -0.30306101
2.31734800 -0.82973099 -0.30306101
2.31472993 -0.83700699 -0.30306101
2.30291295 -0.84046799 -0.30183899
2.30957389 -0.85113102 -0.30306101
2.29758596 -0.85492098 -0.30183899
2.29488897 -0.86213499 -0.30183899
2.29216909 -0.86934000 -0.30183899
2.28942704 -0.87653702 -0.30183899
2.28650808 -0.88412398 -0.30183899
2.28371906 -0.89130300 -0.30183899
2.27182889 -0.89443898 -0.30061701
2.26900792 -0.90157199 -0.30061701
2.26616502 -0.90869600 -0.30061701
2.25409794 -0.91208798 -0.29939499
2.25122190 -0.91916502 -0.29939499
2.23914599 -0.92245197 -0.29817301
2.23623705 -0.92948198 -0.29817301
2.23330593 -0.93650299 -0.29817301
2.22121191 -0.93964702 -0.29695100
2.22737789 -0.95051700 -0.29817301
2.23349690 -0.96143401 -0.29939499
2.25777698 -0.98030400 -0.30306101
2.23650289 -0.97942901 -0.30061701
2.23341489 -0.98645103 -0.30061701
2.23030496 -0.99346203 -0.30061701
2.23622704 -1.00453103 -0.30183899
2.22401905 -1.00745595 -0.30061701
2.22987103 -1.01856196 -0.30183899
2.19961596 -1.01310599 -0.29817301
2.21442604 -1.02837205 -0.30061701
2.20219493 -1.03111506 -0.29939499
2.16304398 -1.02108097 -0.29450700
2.15982509 -1.02787101 -0.29450700
2.15658593 -1.03465199 -0.29450700
2.15332508 -1.04142106 -0.29450700
2.14112091 -1.04383194 -0.29328501
2.13783097 -1.05055296 -0.29328501
2.13452005 -1.05726397 -0.29328501
2.13118792 -1.06396496 -0.29328501
2.12783504 -1.07065499 -0.29328501
2.11560893 -1.07284498 -0.29206300
2.11222792 -1.07948601 -0.29206300
2.10000300 -1.08157301 -0.29084101
2.08778501 -1.08359206 -0.28961900
2.08437109 -1.09014595 -0.28961900
2.09849596 -1.10594404 -0.29206300
2.10377693 -1.11718595 -0.29328501
2.11775899 -1.13315403 -0.29572901
2.11418891 -1.13980198 -0.29572901
2.11059809 -1.14643800 -0.29572901
2.09827900 -1.14829803 -0.29450700
2.09466100 -1.15488505 -0.29450700
2.09102297 -1.16146004 -0.29450700
2.07870197 -1.16317594 -0.29328501
2.07503796 -1.16970098 -0.29328501
2.07135296 -1.17621398 -0.29328501
2.05903196 -1.17778802 -0.29206300
2.03812289 -1.17434001 -0.28961900
2.02584004 -1.17575598 -0.28839701
2.01356697 -1.17710495 -0.28717500
2.01841211 -1.18846095 -0.28839701
2.00613189 -1.18973398 -0.28717500
2.01090503 -1.20112002 -0.28839701
1.99861705 -1.20231497 -0.28717500
1.99483001 -1.20858800 -0.28717500
1.98255098 -1.20967901 -0.28595299
1.98719704 -1.22109795 -0.28717500
1.98335099 -1.22733498 -0.28717500
1.97106194 -1.22830999 -0.28595299
1.96719301 -1.23449600 -0.28595299
1.95491505 -1.23536897 -0.28473100
1.94265103 -1.23617601 -0.28350899
1.94711399 -1.24762702 -0.28473100
1.95152497 -1.25911903 -0.28595299
1.96420598 -1.27605796 -0.28839701
1.96849298 -1.28765500 -0.28961900
1.95614898 -1.28837395 -0.28839701
1.96036398 -1.29999804 -0.28961900
1.95626998 -1.30614996 -0.28961900
1.96039402 -1.31782699 -0.29084101
1.96446395 -1.32954204 -0.29206300
1.92746902 -1.31335199 -0.28717500
1.93174899 -1.32467794 -0.28839701
1.93574595 -1.33637905 -0.28961900
1.93153799 -1.34245396 -0.28961900
1.89478195 -1.32575595 -0.28473100
1.88249397 -1.32598603 -0.28350899
1.87831903 -1.33189404 -0.28350899
1.87412500 -1.33778799 -0.28350899
1.86967897 -1.34399498 -0.28350899
1.86544704 -1.34986305 -0.28350899
1.86119699 -1.35571599 -0.28350899
1.84892499 -1.35568798 -0.28228599
1.85264301 -1.36738396 -0.28350899
1.84037101 -1.36727798 -0.28228599
1.83606601 -1.37305295 -0.28228599
1.83174300 -1.37881505 -0.28228599
1.82740295 -1.38456202 -0.28228599
1.83093596 -1.39631498 -0.28350899
1.81866705 -1.39601696 -0.28228599
1.81427300 -1.40172398 -0.28228599
1.80985999 -1.40741599 -0.28228599
1.79761398 -1.40697801 -0.28106400
1.79318500 -1.41261804 -0.28106400
1.78873801 -1.41824496 -0.28106400
1.77651596 -1.41766703 -0.27984199
1.77205396 -1.42324102 -0.27984199
2.44790101 -0.78263801 -0.22728001
2.43595195 -0.78726101 -0.22639900
2.42399812 -0.79181701 -0.22551800
2.43095803 -0.80255097 -0.22639900
2.41897511 -0.80703098 -0.22551800
2.41642809 -0.81462699 -0.22551800
2.41385698 -0.82221401 -0.22551800
2.40864301 -0.83736402 -0.22551800
2.40600109 -0.84492701 -0.22551800
2.39394593 -0.84915203 -0.22463700
2.40064406 -0.86002803 -0.22551800
2.39793110 -0.86756498 -0.22551800
2.38598895 -0.87125999 -0.22463700
2.38323998 -0.87875098 -0.22463700
2.38980293 -0.88970900 -0.22551800
2.36834788 -0.89020300 -0.22375600
2.36553907 -0.89763898 -0.22375600
2.33480191 -0.89437699 -0.22111300
2.34111309 -0.90570801 -0.22199400
2.33825588 -0.91305900 -0.22199400
2.32626891 -0.91634202 -0.22111300
2.33263493 -0.92732501 -0.22199400
2.32046604 -0.93093997 -0.22111300
2.30829597 -0.93448699 -0.22023199
2.30534911 -0.94173402 -0.22023199
2.29316902 -0.94517601 -0.21935099
2.29018903 -0.95237601 -0.21935099
2.28718591 -0.95956600 -0.21935099
2.28415990 -0.96674699 -0.21935099
2.27195001 -0.97000599 -0.21847001
2.25974298 -0.97319901 -0.21758901
2.25667500 -0.98029298 -0.21758901
2.25358391 -0.98737800 -0.21758901
2.25958204 -0.99847901 -0.21847001
2.25643396 -1.00557303 -0.21847001
2.25326395 -1.01265705 -0.21847001
2.24099803 -1.01561904 -0.21758901
2.22873712 -1.01851404 -0.21670800
2.22552609 -1.02551103 -0.21670800
2.22229290 -1.03249705 -0.21670800
2.20099807 -1.03102303 -0.21494700
2.19774795 -1.03793204 -0.21494700
2.20346999 -1.04911399 -0.21582700
2.19118309 -1.05172002 -0.21494700
2.18786812 -1.05859900 -0.21494700
2.18453097 -1.06546700 -0.21494700
2.17223406 -1.06792998 -0.21406600
2.17779398 -1.07917202 -0.21494700
2.17439294 -1.08600795 -0.21494700
2.16207290 -1.08835495 -0.21406600
2.16752601 -1.09964895 -0.21494700
2.15519190 -1.10191798 -0.21406600
2.14286399 -1.10412097 -0.21318500
2.14822602 -1.11543798 -0.21406600
2.13588500 -1.11756301 -0.21318500
2.14117503 -1.12891304 -0.21406600
2.12882090 -1.13096094 -0.21318500
2.11647511 -1.13294196 -0.21230400
2.11290598 -1.13958597 -0.21230400
2.10056305 -1.14146197 -0.21142299
2.09696698 -1.14805603 -0.21142299
2.10207200 -1.15944898 -0.21230400
2.08971190 -1.16120803 -0.21142299
2.08605289 -1.16776800 -0.21142299
2.07369804 -1.16942298 -0.21054199
2.07867503 -1.18085206 -0.21142299
2.07495499 -1.18737602 -0.21142299
2.07121396 -1.19388902 -0.21142299
2.06745291 -1.20038998 -0.21142299
2.06367207 -1.20687902 -0.21142299
2.07703590 -1.22346795 -0.21318500
2.06461501 -1.22490394 -0.21230400
2.06075692 -1.23138404 -0.21230400
2.05687809 -1.23785198 -0.21230400
2.05297899 -1.24430799 -0.21230400
2.04906011 -1.25075102 -0.21230400
2.05360699 -1.26239896 -0.21318500
2.04962993 -1.26884496 -0.21318500
2.05408692 -1.28054702 -0.21406600
2.03318095 -1.27640104 -0.21230400
2.03758097 -1.28810501 -0.21318500
2.02512097 -1.28915095 -0.21230400
2.00428891 -1.28475595 -0.21054199
1.99187398 -1.28564405 -0.20966101
1.97947299 -1.28646696 -0.20878001
1.97542095 -1.29268003 -0.20878001
1.97135103 -1.29887903 -0.20878001
1.96726000 -1.30506599 -0.20878001
1.96315098 -1.31123996 -0.20878001
1.95902205 -1.31740105 -0.20878001
1.95487297 -1.32354903 -0.20878001
1.95070601 -1.32968402 -0.20878001
1.94675195 -1.33546603 -0.20878001
1.94254696 -1.34157503 -0.20878001
1.93832195 -1.34767103 -0.20878001
1.93407905 -1.35375404 -0.20878001
1.92167401 -1.35408497 -0.20789900
1.92910004 -1.37804699 -0.20966101
1.94093597 -1.39573205 -0.21142299
1.92847300 -1.39598095 -0.21054199
1.91602695 -1.39616704 -0.20966101
1.91163099 -1.40217900 -0.20966101
1.91523004 -1.41409504 -0.21054199
1.90278399 -1.41416299 -0.20966101
1.91428399 -1.43206704 -0.21142299
1.89386106 -1.42609000 -0.20966101
1.88937104 -1.43203294 -0.20966101
1.88486302 -1.43796098 -0.20966101
1.88033605 -1.44387603 -0.20966101
1.89155400 -1.46195900 -0.21142299
1.85550201 -1.44342899 -0.20789900
1.85095894 -1.44925106 -0.20789900
1.84639704 -1.45505905 -0.20789900
1.83401203 -1.45466304 -0.20701800
1.81386304 -1.44798803 -0.20525600
1.80930495 -1.45367897 -0.20525600
2.48177004 -0.82846200 -0.13736200
2.46023011 -0.82987100 -0.13631400
2.45761108 -0.83759600 -0.13631400
2.44552493 -0.84206200 -0.13578901
2.45229912 -0.85302103 -0.13631400
2.43076396 -0.85409999 -0.13526499
2.43747997 -0.86507303 -0.13578901
2.43475103 -0.87272602 -0.13578901
2.40382695 -0.87017298 -0.13421699
2.41999412 -0.88415599 -0.13526499
2.41720510 -0.89175397 -0.13526499
2.39567494 -0.89237201 -0.13421699
2.39285994 -0.89989299 -0.13421699
2.39002109 -0.90740597 -0.13421699
2.38715792 -0.91491002 -0.13421699
2.37479806 -0.91921699 -0.13369200
2.37189889 -0.92667300 -0.13369200
2.35984802 -0.93004501 -0.13316800
2.36619401 -0.94114500 -0.13369200
2.40956306 -0.96717298 -0.13631400
2.41576910 -0.97848701 -0.13683800
2.40343904 -0.98229301 -0.13631400
2.40034103 -0.98983902 -0.13631400
2.38799906 -0.99353898 -0.13578901
2.38486600 -1.00103605 -0.13578901
2.38171005 -1.00852394 -0.13578901
2.37853003 -1.01600099 -0.13578901
2.37532592 -1.02346802 -0.13578901
2.38125801 -1.03490603 -0.13631400
2.31397200 -1.01431799 -0.13264400
2.29250693 -1.01350701 -0.13159500
2.29843211 -1.02477002 -0.13211900
2.28609300 -1.02789104 -0.13159500
2.28285289 -1.03506804 -0.13159500
2.27958989 -1.04223394 -0.13159500
2.27630401 -1.04939103 -0.13159500
2.26394105 -1.05232799 -0.13107100
2.26966596 -1.06367195 -0.13159500
2.23922610 -1.05799901 -0.13002200
2.24490690 -1.06932294 -0.13054700
2.24153590 -1.07637000 -0.13054700
2.22915506 -1.07905602 -0.13002200
2.23472905 -1.09043300 -0.13054700
2.24025297 -1.10185599 -0.13107100
2.26362205 -1.12219501 -0.13264400
2.26008511 -1.12930095 -0.13264400
2.25652599 -1.13639498 -0.13264400
2.25294495 -1.14347899 -0.13264400
2.24934196 -1.15055096 -0.13264400
2.22796297 -1.14846098 -0.13159500
2.22434402 -1.15545404 -0.13159500
2.22070289 -1.16243696 -0.13159500
2.22587299 -1.17406595 -0.13211900
2.22217393 -1.18105304 -0.13211900
2.17443609 -1.16445696 -0.12949800
2.17076707 -1.17128205 -0.12949800
2.16707611 -1.17809606 -0.12949800
2.15460610 -1.18010104 -0.12897401
2.15088797 -1.18686402 -0.12897401
2.14714909 -1.19361603 -0.12897401
2.14338803 -1.20035505 -0.12897401
2.13090897 -1.20217597 -0.12844899
2.12712193 -1.20886505 -0.12844899
2.12331390 -1.21554101 -0.12844899
2.11083293 -1.21721697 -0.12792499
2.09836411 -1.21882701 -0.12740099
2.10314393 -1.23045599 -0.12792499
2.09066391 -1.23198700 -0.12740099
2.10395908 -1.24874306 -0.12844899
2.11716795 -1.26559401 -0.12949800
2.09607100 -1.26193702 -0.12844899
2.09209609 -1.26851594 -0.12844899
2.09662390 -1.28028703 -0.12897401
2.08408499 -1.28163600 -0.12844899
2.08004808 -1.28817701 -0.12844899
2.07599092 -1.29470599 -0.12844899
2.06345701 -1.29591000 -0.12792499
2.05937505 -1.30238605 -0.12792499
2.04684997 -1.30348504 -0.12740099
2.04274511 -1.30990899 -0.12740099
2.04700899 -1.32173705 -0.12792499
2.02610207 -1.31727505 -0.12687699
2.01359797 -1.31816399 -0.12635200
2.02612305 -1.33547497 -0.12740099
2.00527596 -1.33079004 -0.12635200
2.00108600 -1.33708298 -0.12635200
1.99687505 -1.34336305 -0.12635200
1.98437703 -1.34402895 -0.12582800
1.98839498 -1.35588300 -0.12635200
1.97613001 -1.35612595 -0.12582800
1.97186005 -1.36232805 -0.12582800
1.96756995 -1.36851597 -0.12582800
1.97144103 -1.38041794 -0.12635200
1.95893300 -1.38085103 -0.12582800
1.95458496 -1.38699901 -0.12582800
1.96622396 -1.40508497 -0.12687699
1.94558704 -1.39959204 -0.12582800
1.93309200 -1.39984000 -0.12530400
1.92061496 -1.40002298 -0.12477900
1.92425895 -1.41195798 -0.12530400
1.91981399 -1.41799605 -0.12530400
1.91534901 -1.42402101 -0.12530400
1.91086602 -1.43003094 -0.12530400
1.90636396 -1.43602705 -0.12530400
1.89388597 -1.43597496 -0.12477900
1.88936496 -1.44191802 -0.12477900
1.89274597 -1.45393002 -0.12530400
1.88816905 -1.45986903 -0.12530400
1.88357306 -1.46579397 -0.12530400
1.87895894 -1.47170401 -0.12530400
1.86648405 -1.47141695 -0.12477900
1.86967504 -1.48347998 -0.12530400
1.84939802 -1.47688401 -0.12425500
1.84474897 -1.48268700 -0.12425500
2.51455688 -0.86632198 -0.04571300
2.51182294 -0.87421799 -0.04571300
2.49947810 -0.87922400 -0.04554100
2.48728204 -0.88372499 -0.04536900
2.48464894 -0.89110100 -0.04536900
2.50063896 -0.90571201 -0.04571300
2.48839092 -0.91012901 -0.04554100
2.50427794 -0.92487001 -0.04588500
2.51072907 -0.93622601 -0.04605700
2.49841809 -0.94058698 -0.04588500
2.50479698 -0.95198298 -0.04605700
2.49245811 -0.95626599 -0.04588500
2.49876595 -0.96770197 -0.04605700
2.48640108 -0.97190797 -0.04588500
2.47403407 -0.97604501 -0.04571300
2.48024511 -0.98751098 -0.04588500
2.38435411 -0.95802099 -0.04416700
2.39986396 -0.97302002 -0.04451000
2.40604997 -0.98434103 -0.04468200
2.40294600 -0.99189502 -0.04468200
2.39058805 -0.99559498 -0.04451000
2.38744807 -1.00310004 -0.04451000
2.37507892 -1.00669396 -0.04433800
2.38109803 -1.01808095 -0.04451000
2.36870694 -1.02159703 -0.04433800
2.35631800 -1.02504504 -0.04416700
2.35308599 -1.03244197 -0.04416700
2.35897398 -1.04387605 -0.04433800
2.34655190 -1.04720700 -0.04416700
2.35236812 -1.05867696 -0.04433800
2.34903097 -1.06606197 -0.04433800
2.37294507 -1.08591795 -0.04485400
2.36952209 -1.09336805 -0.04485400
2.36607599 -1.10080600 -0.04485400
2.36260605 -1.10823405 -0.04485400
2.35911202 -1.11565101 -0.04485400
2.35559607 -1.12305701 -0.04485400
2.34304404 -1.12611997 -0.04468200
2.33949494 -1.13347602 -0.04468200
2.33592200 -1.14082003 -0.04468200
2.28747392 -1.12607300 -0.04382300
2.27496910 -1.12880898 -0.04365100
2.28035402 -1.14042306 -0.04382300
2.26783204 -1.14308095 -0.04365100
2.26422906 -1.15020001 -0.04365100
2.25170493 -1.15275097 -0.04347900
2.24807191 -1.15981996 -0.04347900
2.24441695 -1.16687596 -0.04347900
2.23188400 -1.16928196 -0.04330700
2.22819901 -1.17628801 -0.04330700
2.22449303 -1.18328202 -0.04330700
2.22076392 -1.19026399 -0.04330700
2.20821595 -1.19248402 -0.04313500
2.21324205 -1.20419395 -0.04330700
2.20944810 -1.21114099 -0.04330700
2.22313690 -1.22774398 -0.04365100
2.24548101 -1.24930501 -0.04416700
2.24154496 -1.25635397 -0.04416700
2.23758698 -1.26338899 -0.04416700
2.22491598 -1.26547003 -0.04399500
2.22092891 -1.27245295 -0.04399500
2.19960093 -1.26942801 -0.04365100
2.19560194 -1.27633202 -0.04365100
2.18295407 -1.27817202 -0.04347900
2.17892694 -1.28502297 -0.04347900
2.18347597 -1.29696906 -0.04365100
2.11074805 -1.26275694 -0.04227600
2.12389898 -1.27970195 -0.04262000
2.11986899 -1.28636801 -0.04262000
2.12434793 -1.29823506 -0.04279200
2.11174393 -1.29966199 -0.04262000
2.11614895 -1.31155705 -0.04279200
2.10353589 -1.31290400 -0.04262000
2.09093595 -1.31418598 -0.04244800
2.09524608 -1.32609499 -0.04262000
2.09106898 -1.33267105 -0.04262000
2.07004309 -1.32843399 -0.04227600
2.07425690 -1.34035695 -0.04244800
2.06165504 -1.34141397 -0.04227600
2.06579399 -1.35336304 -0.04244800
2.06987906 -1.36535203 -0.04262000
2.06557894 -1.37184799 -0.04262000
2.10281706 -1.40611899 -0.04347900
2.09009504 -1.40713501 -0.04330700
2.08591104 -1.41332996 -0.04330700
2.08972001 -1.42551005 -0.04347900
2.08523107 -1.43206799 -0.04347900
2.08894610 -1.44429803 -0.04365100
2.06798601 -1.43943000 -0.04330700
2.07164192 -1.45165706 -0.04347900
2.06707096 -1.45815802 -0.04347900
2.05432796 -1.45885599 -0.04330700
1.98466396 -1.41878498 -0.04193200
1.99642801 -1.43669403 -0.04227600
1.99165297 -1.44330597 -0.04227600
1.97903097 -1.44366300 -0.04210400
1.97448599 -1.44987404 -0.04210400
1.96992099 -1.45606899 -0.04210400
1.97335899 -1.46821904 -0.04227600
1.95273101 -1.46242404 -0.04193200
1.94812703 -1.46855199 -0.04193200
1.94350302 -1.47466505 -0.04193200
1.93886101 -1.48076296 -0.04193200
1.94212699 -1.49294102 -0.04210400
1.92161095 -1.48679805 -0.04176100
1.92481899 -1.49897099 -0.04193200
1.91223097 -1.49884200 -0.04176100
1.91536295 -1.51103497 -0.04193200
1.91060698 -1.51704502 -0.04193200
1.90583098 -1.52304006 -0.04193200
1.89324605 -1.52275300 -0.04176100
1.87291002 -1.51611102 -0.04141700
2.64643502 -1.02860999 0.24666400
2.62482095 -1.02918506 0.24493299
2.62157512 -1.03742599 0.24493299
2.60905099 -1.04196203 0.24406800
2.60576510 -1.05015302 0.24406800
2.59322405 -1.05458105 0.24320200
2.59911489 -1.06650496 0.24406800
2.59575200 -1.07466495 0.24406800
2.59236312 -1.08281398 0.24406800
2.59812903 -1.09482205 0.24493299
2.57633901 -1.09518397 0.24320200
2.58204198 -1.10719800 0.24406800
2.56026411 -1.10739505 0.24233700
2.56590295 -1.11941600 0.24320200
2.55325508 -1.12345898 0.24233700
2.54060698 -1.12743402 0.24147099
2.53705311 -1.13540995 0.24147099
2.52439308 -1.13927698 0.24060600
2.52080107 -1.14720201 0.24060600
2.52623892 -1.15927005 0.24147099
2.51354289 -1.16301703 0.24060600
2.50987697 -1.17090797 0.24060600
2.50618601 -1.17878699 0.24060600
2.49346900 -1.18238699 0.23974100
2.48974204 -1.19021404 0.23974100
2.47701597 -1.19370496 0.23887500
2.47325301 -1.20148098 0.23887500
2.46946692 -1.20924497 0.23887500
2.46565604 -1.21699703 0.23887500
2.46181989 -1.22473705 0.23887500
2.45795989 -1.23246503 0.23887500
2.45407605 -1.24018097 0.23887500
2.45016789 -1.24788404 0.23887500
2.43737197 -1.25102603 0.23801000
2.43342996 -1.25867701 0.23801000
2.41179490 -1.25710702 0.23627900
2.41665411 -1.26931000 0.23714399
2.40384889 -1.27223504 0.23627900
2.40863109 -1.28446901 0.23714399
2.39580798 -1.28731406 0.23627900
2.39175200 -1.29483402 0.23627900
2.38767195 -1.30234206 0.23627900
2.38356900 -1.30983603 0.23627900
2.36201000 -1.30766797 0.23454800
2.35789108 -1.31508195 0.23454800
2.36243296 -1.32736301 0.23541300
2.36692095 -1.33968496 0.23627900
2.34539199 -1.33724499 0.23454800
2.33254004 -1.33964503 0.23368201
2.31969595 -1.34197795 0.23281699
2.31546903 -1.34925902 0.23281699
2.31981111 -1.36156905 0.23368201
2.30694604 -1.36378002 0.23281699
2.31120992 -1.37611794 0.23368201
2.29833102 -1.37824798 0.23281699
2.30251789 -1.39061296 0.23368201
2.28962588 -1.39266205 0.23281699
2.28523993 -1.39984798 0.23281699
2.28083110 -1.40702105 0.23281699
2.26793694 -1.40892196 0.23195100
2.26349902 -1.41603994 0.23195100
2.26746893 -1.42845404 0.23281699
2.25455689 -1.43023396 0.23195100
2.25844908 -1.44267297 0.23281699
2.24552703 -1.44437099 0.23195100
2.24097800 -1.45141900 0.23195100
2.23640704 -1.45845199 0.23195100
2.23181391 -1.46546996 0.23195100
2.21888900 -1.46697998 0.23108600
2.21426892 -1.47394395 0.23108600
2.21790409 -1.48643899 0.23195100
2.19670606 -1.48225498 0.23022000
2.20027900 -1.49474704 0.23108600
2.19583511 -1.50126898 0.23108600
2.19931412 -1.51380801 0.23195100
2.17816997 -1.50936198 0.23022000
2.18158793 -1.52189696 0.23108600
2.17679596 -1.52874303 0.23108600
2.18011808 -1.54132605 0.23195100
2.16714811 -1.54238999 0.23108600
2.16229200 -1.54919100 0.23108600
2.15714312 -1.55635297 0.23108600
2.14418197 -1.55726802 0.23022000
2.13927889 -1.56399596 0.23022000
2.13435507 -1.57070899 0.23022000
2.12140489 -1.57147598 0.22935501
2.13243103 -1.59004402 0.23108600
2.11945701 -1.59075499 0.23022000
2.11444902 -1.59740496 0.23022000
2.10149002 -1.59800994 0.22935501
2.09645891 -1.60460401 0.22935501
2.09140801 -1.61118197 0.22935501
2.08633590 -1.61774504 0.22935501
2.08124304 -1.62429094 0.22935501
2.08396506 -1.63697600 0.23022000
2.07099700 -1.63733602 0.22935501
2.06584191 -1.64383399 0.22935501
2.06844401 -1.65654397 0.23022000
2.06323004 -1.66303396 0.23022000
2.05025792 -1.66323102 0.22935501
2.01415491 -1.64446104 0.22589301
2.01667595 -1.65710604 0.22675800
2.63372707 -0.93938202 0.14505699
2.60257602 -0.93749797 0.14350300
2.62793994 -0.95545298 0.14505699
2.61555099 -0.96026301 0.14453900
2.62188506 -0.97194600 0.14505699
2.60011196 -0.97317702 0.14402100
2.60638404 -0.98487002 0.14453900
2.60327697 -0.99305397 0.14453900
2.59082508 -0.99763900 0.14402100
2.58750200 -1.00622499 0.14402100
2.58450603 -1.01389802 0.14402100
2.57202196 -1.01833606 0.14350300
2.56880999 -1.02641106 0.14350300
2.55631089 -1.03074098 0.14298500
2.55306101 -1.03876698 0.14298500
2.54978395 -1.04678297 0.14298500
2.52803111 -1.04714501 0.14194900
2.53394294 -1.05893195 0.14246701
2.52140093 -1.06300795 0.14194900
2.51804900 -1.07092404 0.14194900
2.51467299 -1.07882905 0.14194900
2.50210595 -1.08275795 0.14143100
2.49869204 -1.09061301 0.14143100
2.48611307 -1.09443402 0.14091299
2.48266196 -1.10223901 0.14091299
2.47918701 -1.11003304 0.14091299
2.46658611 -1.11370599 0.14039500
2.47216392 -1.12558806 0.14091299
2.46861601 -1.13334894 0.14091299
2.45598006 -1.13690400 0.14039500
2.45239711 -1.14461398 0.14039500
2.43975306 -1.14805996 0.13987599
2.43613410 -1.15571904 0.13987599
2.42348194 -1.15905797 0.13935800
2.41982794 -1.16666603 0.13935800
2.41615105 -1.17426205 0.13935800
2.41245008 -1.18184698 0.13935800
2.39977098 -1.18499899 0.13884000
2.39603591 -1.19253194 0.13884000
2.38335204 -1.19557500 0.13832200
2.39740896 -1.21206903 0.13935800
2.37579298 -1.21052694 0.13832200
2.37197804 -1.21798503 0.13832200
2.36813998 -1.22543001 0.13832200
2.36427808 -1.23286402 0.13832200
2.36039400 -1.24028599 0.13832200
2.34766006 -1.24302197 0.13780400
2.35255408 -1.25509202 0.13832200
2.33980298 -1.25774801 0.13780400
2.33583999 -1.26509202 0.13780400
2.33185506 -1.27242398 0.13780400
2.31909394 -1.27493298 0.13728601
2.32381392 -1.28705096 0.13780400
2.31103802 -1.28947902 0.13728601
2.30697489 -1.29673302 0.13728601
2.30289006 -1.30397403 0.13728601
2.29010797 -1.30625498 0.13676800
2.29465199 -1.31841803 0.13728601
2.28185511 -1.32061803 0.13676800
2.26906705 -1.32274997 0.13625000
2.27351189 -1.33492899 0.13676800
2.26930690 -1.34206498 0.13676800
2.26507998 -1.34918702 0.13676800
2.25226593 -1.35115898 0.13625000
2.23946309 -1.35306394 0.13573200
2.24373198 -1.36528397 0.13625000
2.23943210 -1.37232602 0.13625000
2.22661090 -1.37410998 0.13573200
2.22228408 -1.38109803 0.13573200
2.21793389 -1.38807297 0.13573200
2.20511293 -1.38970900 0.13521400
2.20916796 -1.40198100 0.13573200
2.19633794 -1.40353703 0.13521400
2.19191790 -1.41042995 0.13521400
2.18747592 -1.41730905 0.13521400
2.18301296 -1.42417395 0.13521400
2.17852807 -1.43102503 0.13521400
2.17402101 -1.43786204 0.13521400
2.16118097 -1.43914998 0.13469601
2.16494393 -1.45149398 0.13521400
2.15209603 -1.45270002 0.13469601
2.15578198 -1.46506798 0.13521400
2.15142488 -1.47145700 0.13521400
2.14679193 -1.47820902 0.13521400
2.14213705 -1.48494601 0.13521400
2.13746190 -1.49166799 0.13521400
2.12459302 -1.49263501 0.13469601
2.12804699 -1.50506902 0.13521400
2.12330794 -1.51174700 0.13521400
2.11016703 -1.51296103 0.13469601
2.08920789 -1.50789404 0.13366000
2.10062003 -1.52618897 0.13469601
2.09581399 -1.53278100 0.13469601
2.09098911 -1.53935802 0.13469601
2.07811904 -1.53997302 0.13417800
2.07327104 -1.54649401 0.13417800
2.06840205 -1.55299997 0.13417800
2.06351304 -1.55949104 0.13417800
2.05860305 -1.56596601 0.13417800
2.05367398 -1.57242501 0.13417800
2.04872298 -1.57886899 0.13417800
2.04375291 -1.58529699 0.13417800
2.03876305 -1.59170997 0.13417800
2.03375196 -1.59810698 0.13417800
2.02088904 -1.59829402 0.13366000
2.02367091 -1.61085403 0.13417800
2.01080704 -1.61096001 0.13366000
2.00573611 -1.61726904 0.13366000
1.97738194 -1.60468400 0.13210601
1.95686102 -1.59825301 0.13106900
2.60482407 -0.91117603 0.04743200
2.60194898 -0.91935498 0.04743200
2.59904790 -0.92752397 0.04743200
2.58671498 -0.93229502 0.04726000
2.59333301 -0.94338399 0.04743200
2.58097100 -0.94807899 0.04726000
2.57798004 -0.95618200 0.04726000
2.57496405 -0.96427602 0.04726000
2.57192206 -0.97236103 0.04726000
2.55017209 -0.97330600 0.04691600
2.54710102 -0.98131299 0.04691600
2.54383302 -0.98975402 0.04691600
2.53157806 -0.99364400 0.04674400
2.52844405 -1.00159204 0.04674400
2.52528501 -1.00953102 0.04674400
2.51282811 -1.01371801 0.04657200
2.50037098 -1.01783800 0.04640100
2.49716091 -1.02568805 0.04640100
2.49392605 -1.03352797 0.04640100
2.45376801 -1.02593005 0.04571300
2.48738289 -1.04917705 0.04640100
2.48407507 -1.05698597 0.04640100
2.48992991 -1.06872904 0.04657200
2.49573493 -1.08051801 0.04674400
2.47400308 -1.08035100 0.04640100
2.47974706 -1.09214795 0.04657200
2.46716595 -1.09587395 0.04640100
2.45458603 -1.09953201 0.04622900
2.44200706 -1.10312200 0.04605700
2.39303493 -1.09006500 0.04519800
2.41685605 -1.11009705 0.04571300
2.41335702 -1.11768401 0.04571300
2.40077400 -1.12102997 0.04554100
2.40628695 -1.13282597 0.04571300
2.40271592 -1.14038002 0.04571300
2.39010191 -1.14360702 0.04554100
2.38649797 -1.15111005 0.04554100
2.38286996 -1.15860200 0.04554100
2.37023997 -1.16168201 0.04536900
2.36657906 -1.16912198 0.04536900
2.36289406 -1.17655098 0.04536900
2.35025001 -1.17948401 0.04519800
2.34653306 -1.18686199 0.04519800
2.33388495 -1.18968701 0.04502600
2.33902907 -1.20158195 0.04519800
2.35300112 -1.21811700 0.04554100
2.32256889 -1.21162999 0.04502600
2.32760096 -1.22357297 0.04519800
2.31490993 -1.22619903 0.04502600
2.31986690 -1.23817301 0.04519800
2.31596589 -1.24545503 0.04519800
2.30325103 -1.24796200 0.04502600
2.29931903 -1.25519204 0.04502600
2.25155902 -1.23831701 0.04416700
2.28264093 -1.26476800 0.04485400
2.27865601 -1.27193296 0.04485400
2.27464890 -1.27908504 0.04485400
2.27062011 -1.28622496 0.04485400
2.26656795 -1.29335201 0.04485400
2.25382495 -1.29548299 0.04468200
2.24974394 -1.30255699 0.04468200
2.24564099 -1.30961895 0.04468200
2.25013590 -1.32173097 0.04485400
2.24597311 -1.32879400 0.04485400
2.23319793 -1.33072495 0.04468200
2.22900701 -1.33773398 0.04468200
2.21623611 -1.33955801 0.04451000
2.20347595 -1.34131503 0.04433800
2.20777607 -1.35345697 0.04451000
2.21202111 -1.36563802 0.04468200
2.20771909 -1.37258101 0.04468200
2.19492197 -1.37420404 0.04451000
2.19059396 -1.38109303 0.04451000
2.19468498 -1.39332700 0.04468200
2.19029689 -1.40021503 0.04468200
2.17747998 -1.40167701 0.04451000
2.18145609 -1.41394901 0.04468200
2.17700291 -1.42079496 0.04468200
2.13910604 -1.40566397 0.04399500
2.12633991 -1.40685999 0.04382300
2.14687395 -1.43016303 0.04433800
2.13406610 -1.43133199 0.04416700
2.12955904 -1.43802905 0.04416700
2.12503099 -1.44471204 0.04416700
2.12073493 -1.45101094 0.04416700
2.11616611 -1.45766604 0.04416700
2.11157608 -1.46430695 0.04416700
2.09876704 -1.46520996 0.04399500
2.09415388 -1.47179604 0.04399500
2.08951998 -1.47836804 0.04399500
2.08486509 -1.48492503 0.04399500
2.07180500 -1.48600304 0.04382300
2.07523298 -1.49835706 0.04399500
2.05433893 -1.49311304 0.04365100
2.05770802 -1.50546300 0.04382300
2.06101894 -1.51784897 0.04399500
2.06427193 -1.53027105 0.04416700
2.05945492 -1.53674805 0.04416700
2.05461693 -1.54321098 0.04416700
2.04975796 -1.54965794 0.04416700
2.04487991 -1.55609000 0.04416700
2.01616812 -1.54426706 0.04365100
2.01922488 -1.55669796 0.04382300
2.01432490 -1.56303406 0.04382300
2.00940490 -1.56935406 0.04382300
1.98874295 -1.56330097 0.04347900
1.99950397 -1.58194900 0.04382300
1.98670304 -1.58199406 0.04365100
1.98952496 -1.59448099 0.04382300
1.96115899 -1.58189094 0.04330700
1.94841695 -1.58174300 0.04313500
