1.91024005 -0.21595600 -0.51424497
1.87116897 -0.21749499 -0.50390798
1.86088395 -0.22222599 -0.50132400
1.86017704 -0.22807100 -0.50132400
1.84986603 -0.23270801 -0.49873999
1.84912598 -0.23851900 -0.49873999
1.82921398 -0.24179500 -0.49357200
1.81887197 -0.24624400 -0.49098700
1.81808901 -0.25195700 -0.49098700
1.80772400 -0.25631201 -0.48840299
1.78778899 -0.25921699 -0.48323500
1.78691995 -0.26514399 -0.48323500
1.78607798 -0.27075699 -0.48323500
1.77567196 -0.27488899 -0.48065099
1.77479994 -0.28046599 -0.48065099
1.76437294 -0.28450200 -0.47806701
1.76352096 -0.28973600 -0.47806701
1.76255000 -0.29558200 -0.47806701
1.76161301 -0.30111799 -0.47806701
1.75114095 -0.30499300 -0.47548300
1.74066198 -0.30880600 -0.47289801
1.75869703 -0.31770700 -0.47806701
1.75768995 -0.32323101 -0.47806701
1.75666595 -0.32875100 -0.47806701
1.74613404 -0.33246100 -0.47548300
1.74508095 -0.33794501 -0.47548300
1.72505498 -0.33969301 -0.47031400
1.72397900 -0.34511101 -0.47031400
1.72288597 -0.35052499 -0.47031400
1.71231604 -0.35398000 -0.46772999
1.70174098 -0.35737300 -0.46514601
1.70061004 -0.36271700 -0.46514601
1.69946206 -0.36805800 -0.46514601
1.69829798 -0.37339500 -0.46514601
1.69711602 -0.37872899 -0.46514601
1.68649602 -0.38192499 -0.46256199
1.68528795 -0.38722101 -0.46256199
1.71228802 -0.39909199 -0.47031400
1.72042704 -0.40669200 -0.47289801
1.66799295 -0.45599800 -0.46256199
1.64793205 -0.45608300 -0.45739400
1.64649105 -0.46125799 -0.45739400
1.62644601 -0.46115801 -0.45222500
1.61570299 -0.46360099 -0.44964099
1.58640695 -0.46059400 -0.44188899
1.58495200 -0.46557501 -0.44188899
1.58348203 -0.47055200 -0.44188899
1.57274401 -0.47274399 -0.43930501
1.57125103 -0.47768199 -0.43930501
1.56050897 -0.47977701 -0.43672001
1.55899405 -0.48467699 -0.43672001
1.55746400 -0.48957300 -0.43672001
1.54671204 -0.49153700 -0.43413600
1.55427003 -0.49961999 -0.43672001
1.54350495 -0.50151497 -0.43413600
1.54192197 -0.50636202 -0.43413600
1.53115499 -0.50816000 -0.43155199
1.52955103 -0.51296800 -0.43155199
1.52793205 -0.51777101 -0.43155199
1.52629805 -0.52256900 -0.43155199
1.52464902 -0.52736098 -0.43155199
1.55034304 -0.54170799 -0.43930501
1.56685305 -0.55300599 -0.44447300
1.60150599 -0.57090098 -0.45480901
1.51017106 -0.62028998 -0.43672001
1.49928999 -0.62133300 -0.43413600
1.47059298 -0.61486101 -0.42638400
1.45975304 -0.61572301 -0.42379999
1.44003296 -0.61274099 -0.41863099
1.43810105 -0.61726201 -0.41863099
1.42728996 -0.61793900 -0.41604701
1.41648805 -0.61855400 -0.41346300
1.42337894 -0.62689501 -0.41604701
1.42140198 -0.63136297 -0.41604701
1.41048503 -0.63212299 -0.41346300
1.39968896 -0.63257200 -0.41087899
1.40648603 -0.64097202 -0.41346300
1.39568698 -0.64135402 -0.41087899
1.39366603 -0.64573598 -0.41087899
1.39163005 -0.65011102 -0.41087899
1.38084102 -0.65036303 -0.40829501
1.38751805 -0.65884203 -0.41087899
1.38544095 -0.66319799 -0.41087899
1.37465000 -0.66334802 -0.40829501
1.37256002 -0.66766399 -0.40829501
1.37045503 -0.67197299 -0.40829501
1.38565803 -0.68483502 -0.41346300
1.41808796 -0.70641398 -0.42379999
1.40722799 -0.70653099 -0.42121601
1.38414705 -0.79046398 -0.42638400
1.34816206 -0.77554101 -0.41604701
1.32886803 -0.77031797 -0.41087899
1.30975604 -0.76474702 -0.40571100
1.30734706 -0.76885700 -0.40571100
1.29661405 -0.76803797 -0.40312701
1.29419398 -0.77210701 -0.40312701
1.29176199 -0.77616900 -0.40312701
1.28931797 -0.78022403 -0.40312701
1.28685999 -0.78426999 -0.40312701
1.27615702 -0.78325599 -0.40054199
1.27368999 -0.78726101 -0.40054199
1.26300895 -0.78615397 -0.39795801
1.26053298 -0.79011798 -0.39795801
1.24973798 -0.78913599 -0.39537400
1.24725199 -0.79305798 -0.39537400
1.24461603 -0.79719001 -0.39537400
1.24224496 -0.80087900 -0.39537400
1.23972297 -0.80477798 -0.39537400
1.23718798 -0.80866802 -0.39537400
1.24271095 -0.81786197 -0.39795801
1.23208296 -0.81642598 -0.39537400
1.23754799 -0.82565397 -0.39795801
1.23494804 -0.82953799 -0.39795801
1.23233604 -0.83341300 -0.39795801
1.22971106 -0.83728099 -0.39795801
1.21910703 -0.83567798 -0.39537400
1.21647596 -0.83950400 -0.39537400
1.20589900 -0.83780903 -0.39278999
1.19534397 -0.83605701 -0.39020601
1.19271195 -0.83980799 -0.39020601
1.19794905 -0.84913701 -0.39278999
1.20298898 -0.85871798 -0.39537400
1.21597600 -0.87376702 -0.40054199
1.86138201 -0.18710300 -0.43202999
1.81232703 -0.18792500 -0.42077899
1.81172800 -0.19361800 -0.42077899
1.81111002 -0.19930901 -0.42077899
1.81047499 -0.20499700 -0.42077899
1.80982196 -0.21068400 -0.42077899
1.80915201 -0.21636900 -0.42077899
1.80846298 -0.22205099 -0.42077899
1.83675802 -0.23138499 -0.42752999
1.84568501 -0.23840199 -0.42978001
1.85458601 -0.24547800 -0.43202999
1.84415102 -0.24999399 -0.42978001
1.82405400 -0.25310799 -0.42528000
1.84254396 -0.26157701 -0.42978001
1.83206999 -0.26596400 -0.42752999
1.82154000 -0.27060601 -0.42528000
1.80141497 -0.27340299 -0.42077899
1.80054700 -0.27906099 -0.42077899
1.79003799 -0.28319401 -0.41852900
1.79875803 -0.29036900 -0.42077899
1.78827405 -0.29412299 -0.41852900
1.73924398 -0.29198599 -0.40727800
1.72871399 -0.29580501 -0.40502799
1.70857799 -0.29788700 -0.40052801
1.71722806 -0.30495700 -0.40277800
1.70667303 -0.30861700 -0.40052801
1.70569503 -0.31397700 -0.40052801
1.69512296 -0.31753999 -0.39827800
1.70368898 -0.32468799 -0.40052801
1.68352902 -0.32633001 -0.39602801
1.68249595 -0.33161801 -0.39602801
1.68144596 -0.33690199 -0.39602801
1.68037903 -0.34218201 -0.39602801
1.66975403 -0.34548599 -0.39377701
1.67819595 -0.35273400 -0.39602801
1.67707896 -0.35800400 -0.39602801
1.65690196 -0.35914299 -0.39152700
1.65576506 -0.36434701 -0.39152700
1.70215905 -0.38016599 -0.40277800
1.71045804 -0.38766500 -0.40502799
1.71872795 -0.39522001 -0.40727800
1.70798898 -0.39840400 -0.40502799
1.66880202 -0.39479601 -0.39602801
1.68650198 -0.40458199 -0.40052801
1.68522298 -0.40987799 -0.40052801
1.66493499 -0.41079599 -0.39602801
1.65418398 -0.41366100 -0.39377701
1.67176604 -0.42364299 -0.39827800
1.64211500 -0.42162299 -0.39152700
1.64078200 -0.42677999 -0.39152700
1.63943303 -0.43193299 -0.39152700
1.61924005 -0.43205699 -0.38702700
1.60846806 -0.43460000 -0.38477701
1.60709500 -0.43965101 -0.38477701
1.58692503 -0.43949699 -0.38027599
1.57615495 -0.44185001 -0.37802601
1.57475901 -0.44679999 -0.37802601
1.56398201 -0.44905600 -0.37577599
1.57192099 -0.45668501 -0.37802601
1.58917403 -0.46711701 -0.38252699
1.57835996 -0.46933001 -0.38027599
1.58620799 -0.47709301 -0.38252699
1.58470094 -0.48207301 -0.38252699
1.57386601 -0.48418400 -0.38027599
1.57233703 -0.48912701 -0.38027599
1.56149805 -0.49114001 -0.37802601
1.56923294 -0.49899599 -0.38027599
1.56756997 -0.50419700 -0.38027599
1.56597805 -0.50911897 -0.38027599
1.56437099 -0.51403600 -0.38027599
1.55350101 -0.51587802 -0.37802601
1.54263604 -0.51765603 -0.37577599
1.51331902 -0.51311302 -0.36902601
1.50248206 -0.51470798 -0.36677599
1.50085700 -0.51942497 -0.36677599
1.49002099 -0.52092201 -0.36452499
1.51593900 -0.53533399 -0.37127599
1.51425004 -0.54009402 -0.37127599
1.48504496 -0.53494197 -0.36452499
1.48335695 -0.53960502 -0.36452499
1.47250903 -0.54090202 -0.36227500
1.47080195 -0.54552603 -0.36227500
1.46908104 -0.55014402 -0.36227500
1.45823097 -0.55131102 -0.36002499
1.45649195 -0.55588901 -0.36002499
1.45464098 -0.56071597 -0.36002499
1.44379199 -0.56174999 -0.35777500
1.45108902 -0.56984401 -0.36002499
1.44023299 -0.57081002 -0.35777500
1.43843305 -0.57533199 -0.35777500
1.42758298 -0.57620102 -0.35552499
1.43479002 -0.58435899 -0.35777500
1.46899605 -0.60367799 -0.36677599
1.48509300 -0.61575300 -0.37127599
1.48315203 -0.62041599 -0.37127599
1.48119497 -0.62507200 -0.37127599
1.46129405 -0.62208903 -0.36677599
1.46828604 -0.63052201 -0.36902601
1.44841599 -0.62738597 -0.36452499
1.46429503 -0.63973498 -0.36902601
1.45336199 -0.64040297 -0.36677599
1.43353498 -0.63705200 -0.36227500
1.44919598 -0.64977503 -0.36677599
1.42939103 -0.64629602 -0.36227500
1.43621898 -0.65482497 -0.36452499
1.43415499 -0.65933400 -0.36452499
1.43207598 -0.66383600 -0.36452499
1.42115700 -0.66420698 -0.36227500
1.39262104 -0.65620798 -0.35552499
1.39935303 -0.66476101 -0.35777500
1.39725804 -0.66915399 -0.35777500
1.36882496 -0.66083199 -0.35102400
1.35798097 -0.66086501 -0.34877399
1.35589802 -0.66512799 -0.34877399
1.35380197 -0.66938502 -0.34877399
1.34297204 -0.66928899 -0.34652400
1.34086299 -0.67350399 -0.34652400
1.33873999 -0.67771298 -0.34652400
1.33660495 -0.68191600 -0.34652400
1.32567096 -0.68188798 -0.34427401
1.32352304 -0.68604898 -0.34427401
1.32999694 -0.69471502 -0.34652400
1.31918597 -0.69435102 -0.34427401
1.31699800 -0.69849199 -0.34427401
1.32339096 -0.70721900 -0.34652400
1.31258297 -0.70675302 -0.34427401
1.31035602 -0.71087301 -0.34427401
1.30811703 -0.71498698 -0.34427401
1.30586398 -0.71909302 -0.34427401
1.31211901 -0.72791803 -0.34652400
1.30982602 -0.73203701 -0.34652400
1.29902899 -0.73136801 -0.34427401
1.29672503 -0.73544502 -0.34427401
1.29440796 -0.73951501 -0.34427401
1.31741297 -0.75815803 -0.35102400
1.32332098 -0.76741099 -0.35327500
1.32931697 -0.77647901 -0.35552499
1.31847298 -0.77570999 -0.35327500
1.30764699 -0.77488101 -0.35102400
1.30520594 -0.77898598 -0.35102400
1.30275202 -0.78308201 -0.35102400
1.30028605 -0.78717101 -0.35102400
1.30612600 -0.79632401 -0.35327500
1.29531395 -0.79532498 -0.35102400
1.29280901 -0.79939097 -0.35102400
1.29029202 -0.80344802 -0.35102400
1.28776097 -0.80749798 -0.35102400
1.26860094 -0.80135697 -0.34652400
1.27429903 -0.81056702 -0.34877399
1.26339996 -0.80953199 -0.34652400
1.27736902 -0.82383901 -0.35102400
1.26660299 -0.82254100 -0.34877399
1.26401198 -0.82651597 -0.34877399
1.26140904 -0.83048302 -0.34877399
1.24255204 -0.82367498 -0.34427401
1.20754099 -0.80593902 -0.33527300
1.22117698 -0.82059699 -0.33977401
1.21859300 -0.82442999 -0.33977401
1.20794404 -0.82276899 -0.33752400
1.20535398 -0.82655901 -0.33752400
1.19473302 -0.82480699 -0.33527300
1.18413496 -0.82299501 -0.33302301
1.17356002 -0.82112497 -0.33077300
1.17097402 -0.82480800 -0.33077300
1.17632604 -0.83411801 -0.33302301
1.20527101 -0.86066401 -0.34202400
1.82825303 -0.16091600 -0.35846299
1.83751297 -0.16755000 -0.36037999
1.84674895 -0.17424400 -0.36229599
1.83642399 -0.17909200 -0.36037999
1.82608700 -0.18387701 -0.35846299
1.80597603 -0.18758500 -0.35462901
1.80537796 -0.19325800 -0.35462901
1.80476201 -0.19892900 -0.35462901
1.79437602 -0.20349200 -0.35271201
1.77423096 -0.20685500 -0.34887800
1.77357197 -0.21242800 -0.34887800
1.78263700 -0.21919601 -0.35079500
1.77220201 -0.22356699 -0.34887800
1.79095805 -0.23165099 -0.35271201
1.78049195 -0.23598699 -0.35079500
1.77001703 -0.24025901 -0.34887800
1.76925302 -0.24581900 -0.34887800
1.75875497 -0.24999499 -0.34696099
1.74824905 -0.25410700 -0.34504399
1.74739695 -0.25990301 -0.34504399
1.74657094 -0.26539099 -0.34504399
1.73603106 -0.26937199 -0.34312701
1.74486899 -0.27636001 -0.34504399
1.72461498 -0.27870899 -0.34121001
1.74314904 -0.28701401 -0.34504399
1.73250902 -0.29116601 -0.34312701
1.72191203 -0.29495001 -0.34121001
1.72097600 -0.30035800 -0.34121001
1.71036100 -0.30404601 -0.33929399
1.71905506 -0.31116599 -0.34121001
1.74702501 -0.32190001 -0.34696099
1.72671294 -0.32376900 -0.34312701
1.73532796 -0.33103099 -0.34504399
1.70537496 -0.33087400 -0.33929399
1.68506896 -0.33243001 -0.33546001
1.69363904 -0.33965200 -0.33737701
1.68294704 -0.34301099 -0.33546001
1.60497606 -0.33237499 -0.32012400
1.64234102 -0.34549701 -0.32779199
1.64124799 -0.35065499 -0.32779199
1.62095499 -0.35164800 -0.32395801
1.63901198 -0.36096001 -0.32779199
1.63786995 -0.36610699 -0.32779199
1.63671196 -0.37125099 -0.32779199
1.63553703 -0.37639099 -0.32779199
1.63434696 -0.38152701 -0.32779199
1.62358999 -0.38439900 -0.32587501
1.62237406 -0.38949800 -0.32587501
1.63067806 -0.39691401 -0.32779199
1.61982501 -0.39996600 -0.32587501
1.61855996 -0.40505299 -0.32587501
1.61728001 -0.41013601 -0.32587501
1.59697199 -0.41033000 -0.32204100
1.60517299 -0.41781700 -0.32395801
1.61334300 -0.42535999 -0.32587501
1.59303403 -0.42536199 -0.32204100
1.61063802 -0.43548799 -0.32587501
1.60926199 -0.44054601 -0.32587501
1.60786998 -0.44560000 -0.32587501
1.61591196 -0.45330000 -0.32779199
1.58615601 -0.45033199 -0.32204100
1.56586695 -0.44989300 -0.31820700
1.57387102 -0.45754999 -0.32012400
1.56300998 -0.45972201 -0.31820700
1.57096505 -0.46742901 -0.32012400
1.56948805 -0.47236201 -0.32012400
1.59616399 -0.48586500 -0.32587501
1.55710900 -0.47932699 -0.31820700
1.54622495 -0.48129901 -0.31629100
1.57279098 -0.49499401 -0.32204100
1.54316998 -0.49100500 -0.31629100
1.55087602 -0.49912599 -0.31820700
1.52130103 -0.49488801 -0.31245700
1.49176800 -0.49046800 -0.30670601
1.49953401 -0.49824700 -0.30862299
1.48865700 -0.49983200 -0.30670601
1.47778499 -0.50135303 -0.30478901
1.47620296 -0.50599301 -0.30478901
1.48388004 -0.51384002 -0.30670601
1.47299397 -0.51525801 -0.30478901
1.48062205 -0.52315301 -0.30670601
1.47897100 -0.52780199 -0.30670601
1.46807301 -0.52911800 -0.30478901
1.46640301 -0.53372699 -0.30478901
1.45550704 -0.53494602 -0.30287200
1.46302104 -0.54293001 -0.30478901
1.46130800 -0.54752398 -0.30478901
1.45958102 -0.55211198 -0.30478901
1.45783901 -0.55669498 -0.30478901
1.46514201 -0.56505799 -0.30670601
1.45421398 -0.56609702 -0.30478901
1.44329298 -0.56707400 -0.30287200
1.43238103 -0.56798798 -0.30095500
1.43059003 -0.57248503 -0.30095500
1.43788505 -0.58065099 -0.30287200
1.46332002 -0.59627599 -0.30862299
1.46143997 -0.60087103 -0.30862299
1.45954502 -0.60545897 -0.30862299
1.43952799 -0.60246301 -0.30478901
1.44667006 -0.61080003 -0.30670601
1.45377398 -0.61918801 -0.30862299
1.43378603 -0.61600298 -0.30478901
1.44985497 -0.62831002 -0.30862299
1.42988801 -0.62500000 -0.30478901
1.42791700 -0.62948900 -0.30478901
1.41696405 -0.62998402 -0.30287200
1.41486704 -0.63467997 -0.30287200
1.42180896 -0.64316702 -0.30478901
1.41978097 -0.64762998 -0.30478901
1.40882301 -0.64798599 -0.30287200
1.40678000 -0.65240902 -0.30287200
1.39583302 -0.65266800 -0.30095500
1.39377606 -0.65705001 -0.30095500
1.32079005 -0.62772202 -0.28562000
1.36306703 -0.65307200 -0.29520500
1.33449495 -0.64454597 -0.28945401
1.32363999 -0.64443898 -0.28753701
1.33922994 -0.65724200 -0.29137099
1.33715796 -0.66144598 -0.29137099
1.33507395 -0.66564298 -0.29137099
1.33297598 -0.66983402 -0.29137099
1.33086503 -0.67401898 -0.29137099
1.31999898 -0.67373401 -0.28945401
1.33521199 -0.68708998 -0.29328799
1.32433403 -0.68676299 -0.29137099
1.32217002 -0.69092000 -0.29137099
1.31130898 -0.69049698 -0.28945401
1.30913305 -0.69461399 -0.28945401
1.31559896 -0.70335001 -0.29137099
1.30474305 -0.70282501 -0.28945401
1.30252802 -0.70692098 -0.28945401
1.30030096 -0.71100903 -0.28945401
1.28946400 -0.71035498 -0.28753701
1.29580796 -0.71916503 -0.28945401
1.28497601 -0.71844298 -0.28753701
1.28271198 -0.72247601 -0.28753701
1.28043604 -0.72650200 -0.28753701
1.27814698 -0.73052102 -0.28753701
1.26734102 -0.72963601 -0.28562000
1.26491404 -0.73383498 -0.28562000
1.25412905 -0.73285401 -0.28370300
1.26873600 -0.74674702 -0.28753701
1.25794196 -0.74572402 -0.28562000
1.24716604 -0.74464101 -0.28370300
1.24482000 -0.74855500 -0.28370300
1.25085795 -0.75754601 -0.28562000
1.24009299 -0.75636202 -0.28370300
1.23771000 -0.76025403 -0.28370300
1.22696900 -0.75897503 -0.28178599
1.23290896 -0.76801598 -0.28370300
1.23048997 -0.77188498 -0.28370300
1.21962702 -0.77071798 -0.28178599
1.21720004 -0.77454603 -0.28178599
1.21462405 -0.77857798 -0.28178599
1.21230900 -0.78217900 -0.28178599
1.20984602 -0.78598303 -0.28178599
1.21558404 -0.79515302 -0.28370300
1.20488298 -0.79356903 -0.28178599
1.20238400 -0.79735100 -0.28178599
1.19987404 -0.80112398 -0.28178599
1.18920600 -0.79941398 -0.27986899
1.17856002 -0.79764497 -0.27795199
1.18415904 -0.80686998 -0.27986899
1.18161905 -0.81058699 -0.27986899
1.17906594 -0.81429499 -0.27986899
1.16844404 -0.81239200 -0.27795199
1.14980495 -0.80480301 -0.27411801
1.15529394 -0.81406403 -0.27603501
1.17674601 -0.83472502 -0.28178599
1.24584699 -0.88996702 -0.29903799
1.80125403 -0.14745700 -0.28747100
1.81062198 -0.15395200 -0.28904101
1.81013000 -0.15963900 -0.28904101
1.79978502 -0.16442700 -0.28747100
1.76976299 -0.16729200 -0.28275800
1.79871595 -0.17573200 -0.28747100
1.81780696 -0.18336400 -0.29061201
1.78775299 -0.18600801 -0.28590000
1.81661904 -0.19478200 -0.29061201
1.78654897 -0.19723700 -0.28590000
1.77610803 -0.20173401 -0.28432900
1.80489302 -0.21074900 -0.28904101
1.81402802 -0.21759400 -0.29061201
1.80353296 -0.22208500 -0.28904101
1.81262505 -0.22898801 -0.29061201
1.81189597 -0.23468100 -0.29061201
1.78178000 -0.23647401 -0.28590000
1.80060005 -0.24473099 -0.28904101
1.78025901 -0.24766500 -0.28590000
1.76969504 -0.25186500 -0.28432900
1.74934900 -0.25457901 -0.28118700
1.71919096 -0.25601500 -0.27647400
1.70861495 -0.25992900 -0.27490401
1.69803095 -0.26378000 -0.27333301
1.68744004 -0.26756600 -0.27176201
1.69633996 -0.27444300 -0.27333301
1.68577397 -0.27786899 -0.27176201
1.67510402 -0.28181899 -0.27019101
1.68394494 -0.28874901 -0.27176201
1.66357195 -0.29063901 -0.26862001
1.65292799 -0.29413399 -0.26704901
1.66171300 -0.30108601 -0.26862001
1.66075897 -0.30630499 -0.26862001
1.65008199 -0.30969900 -0.26704901
1.66850197 -0.31858599 -0.27019101
1.65779805 -0.32194301 -0.26862001
1.62771297 -0.32141000 -0.26390699
1.68479097 -0.33818400 -0.27333301
1.70307302 -0.34742299 -0.27647400
1.66329205 -0.34475401 -0.27019101
1.68152905 -0.35404700 -0.27333301
1.68040800 -0.35932800 -0.27333301
1.66962004 -0.36251000 -0.27176201
1.68776202 -0.37200499 -0.27490401
1.68658495 -0.37730500 -0.27490401
1.64686799 -0.37385699 -0.26862001
1.68418097 -0.38789499 -0.27490401
1.64448595 -0.38419700 -0.26862001
1.66249096 -0.39391500 -0.27176201
1.65164304 -0.39682901 -0.27019101
1.66957796 -0.40669101 -0.27333301
1.63945794 -0.40511799 -0.26862001
1.65733695 -0.41506499 -0.27176201
1.57944596 -0.40083501 -0.25919500
1.58774400 -0.40825400 -0.26076600
1.57689595 -0.41075099 -0.25919500
1.55649996 -0.41066399 -0.25605300
1.56474304 -0.41810101 -0.25762400
1.55388904 -0.42043501 -0.25605300
1.54303598 -0.42270601 -0.25448200
1.53218305 -0.42491201 -0.25291100
1.54985702 -0.43506199 -0.25605300
1.52948296 -0.43453100 -0.25291100
1.52811098 -0.43933299 -0.25291100
1.51724005 -0.44137299 -0.25134000
1.51584601 -0.44613799 -0.25134000
1.52390206 -0.45371601 -0.25291100
1.51301301 -0.45565301 -0.25134000
1.52102101 -0.46328199 -0.25291100
1.51012003 -0.46515101 -0.25134000
1.49922204 -0.46695599 -0.24977000
1.50716805 -0.47463000 -0.25134000
1.49625897 -0.47636601 -0.24977000
1.54167295 -0.49646199 -0.25762400
1.54949701 -0.50435901 -0.25919500
1.52914202 -0.50305200 -0.25605300
1.54629695 -0.51408499 -0.25919500
1.52595103 -0.51265001 -0.25605300
1.53368497 -0.52061599 -0.25762400
1.53204203 -0.52543199 -0.25762400
1.52105200 -0.52700901 -0.25605300
1.50074601 -0.52525997 -0.25291100
1.52702200 -0.53984702 -0.25762400
1.50671697 -0.53799999 -0.25448200
1.52359998 -0.54943103 -0.25762400
1.51258600 -0.55083501 -0.25605300
1.51084805 -0.55558503 -0.25605300
1.48132098 -0.55001497 -0.25134000
1.47958505 -0.55466598 -0.25134000
1.48707199 -0.56280798 -0.25291100
1.49452198 -0.57100099 -0.25448200
1.45576501 -0.56173301 -0.24819900
1.43558896 -0.55913502 -0.24505700
1.41544294 -0.55641598 -0.24191500
1.44122696 -0.57178599 -0.24662800
1.42108703 -0.56897002 -0.24348600
1.41929197 -0.57343102 -0.24348600
1.39919400 -0.57043099 -0.24034400
1.42479503 -0.58609498 -0.24505700
1.39558196 -0.57921100 -0.24034400
1.39375603 -0.58359200 -0.24034400
1.40101302 -0.59181100 -0.24191500
1.39006102 -0.59233803 -0.24034400
1.38819301 -0.59670198 -0.24034400
1.37725103 -0.59713203 -0.23877300
1.38441706 -0.60541201 -0.24034400
1.37347198 -0.60577297 -0.23877300
1.38058603 -0.61409903 -0.24034400
1.36953199 -0.61462998 -0.23877300
1.36759400 -0.61892998 -0.23877300
1.36564302 -0.62322301 -0.23877300
1.35470700 -0.62338197 -0.23720300
1.35274100 -0.62763500 -0.23720300
1.34181798 -0.62769699 -0.23563200
1.35770404 -0.64033502 -0.23877300
1.40919900 -0.67004102 -0.24819900
1.40708697 -0.67446500 -0.24819900
1.40496099 -0.67888200 -0.24819900
1.40282202 -0.68329298 -0.24819900
1.40066803 -0.68769699 -0.24819900
1.41620302 -0.70085400 -0.25134000
1.37864399 -0.68766701 -0.24505700
1.39412498 -0.70086700 -0.24819900
1.39191604 -0.70524299 -0.24819900
1.39848900 -0.71410400 -0.24977000
1.38733304 -0.71421701 -0.24819900
1.38508201 -0.71857202 -0.24819900
1.38281798 -0.72292000 -0.24819900
1.38054001 -0.72725999 -0.24819900
1.36952496 -0.72696298 -0.24662800
1.37594295 -0.73592001 -0.24819900
1.36493003 -0.73555398 -0.24662800
1.35393405 -0.73512602 -0.24505700
1.35161805 -0.73937601 -0.24505700
1.35793698 -0.74838501 -0.24662800
1.29514003 -0.71908998 -0.23563200
1.28425503 -0.71833402 -0.23406100
1.26478398 -0.71266901 -0.23091900
1.26253903 -0.71663898 -0.23091900
1.27742803 -0.73040599 -0.23406100
1.26656902 -0.72948700 -0.23249000
1.26414299 -0.73368299 -0.23249000
1.27035797 -0.74263501 -0.23406100
1.25950801 -0.74161100 -0.23249000
1.26566696 -0.75060201 -0.23406100
1.23786700 -0.73938203 -0.22934800
1.23553801 -0.74326700 -0.22934800
1.25009000 -0.75738001 -0.23249000
1.23927402 -0.75615901 -0.23091900
1.22847795 -0.75487798 -0.22934800
1.23449802 -0.76393098 -0.23091900
1.23209202 -0.76780498 -0.23091900
1.22130895 -0.76642299 -0.22934800
1.22710800 -0.77574599 -0.23091900
1.21633399 -0.77429402 -0.22934800
1.21376002 -0.77832299 -0.22934800
1.21144497 -0.78192103 -0.22934800
1.21726298 -0.79110402 -0.23091900
1.20650804 -0.78951699 -0.22934800
1.18752897 -0.78243601 -0.22620600
1.19329405 -0.79162300 -0.22777700
1.18258905 -0.78988200 -0.22620600
1.20468700 -0.81012702 -0.23091900
1.18578100 -0.80283397 -0.22777700
1.19957304 -0.81768000 -0.23091900
1.18071306 -0.81026798 -0.22777700
1.17003596 -0.80835998 -0.22620600
1.17559803 -0.81767100 -0.22777700
1.18920398 -0.83268899 -0.23091900
1.78260195 -0.11808800 -0.21996300
1.77232099 -0.12300000 -0.21874100
1.76202703 -0.12784900 -0.21751900
1.74182296 -0.13188601 -0.21507500
1.73150599 -0.13657700 -0.21385300
1.73106802 -0.14201599 -0.21385300
1.73061395 -0.14745300 -0.21385300
1.72025502 -0.15201600 -0.21263100
1.77907205 -0.16284800 -0.21996300
1.79831302 -0.17030700 -0.22240800
1.77801299 -0.17402200 -0.21996300
1.77745795 -0.17960700 -0.21996300
1.76701295 -0.18416201 -0.21874100
1.76642597 -0.18971200 -0.21874100
1.76582098 -0.19526000 -0.21874100
1.75533795 -0.19968501 -0.21751900
1.73498595 -0.20289300 -0.21507500
1.75404894 -0.21071000 -0.21751900
1.73367703 -0.21379000 -0.21507500
1.72315001 -0.21799000 -0.21385300
1.73230004 -0.22467899 -0.21507500
1.70207000 -0.22619800 -0.21140900
1.66201305 -0.22619000 -0.20652100
1.67112398 -0.23277999 -0.20774300
1.65073299 -0.23522800 -0.20529900
1.63034296 -0.23755100 -0.20285501
1.62954700 -0.24295600 -0.20285501
1.62877500 -0.24807400 -0.20285501
1.62798798 -0.25319001 -0.20285501
1.61738205 -0.25674701 -0.20163301
1.61656797 -0.26182699 -0.20163301
1.62557602 -0.26823801 -0.20285501
1.61489105 -0.27197900 -0.20163301
1.61402798 -0.27705100 -0.20163301
1.61315000 -0.28211999 -0.20163301
1.60248399 -0.28544599 -0.20041101
1.59181404 -0.28870800 -0.19918901
1.58113897 -0.29190499 -0.19796699
1.59972298 -0.30053601 -0.20041101
1.63776505 -0.31301299 -0.20529900
1.63677394 -0.31815699 -0.20529900
1.65524006 -0.32714599 -0.20774300
1.67366505 -0.33625400 -0.21018700
1.65315104 -0.33754000 -0.20774300
1.64236498 -0.34071499 -0.20652100
1.62186301 -0.34178001 -0.20407701
1.64989698 -0.35310501 -0.20774300
1.62938201 -0.35407099 -0.20529900
1.64764595 -0.36346400 -0.20774300
1.60775495 -0.35996500 -0.20285501
1.60661602 -0.36501399 -0.20285501
1.57644701 -0.36337200 -0.19918901
1.61395502 -0.37736100 -0.20407701
1.59344697 -0.37785000 -0.20163301
1.60190201 -0.38517401 -0.20285501
1.54282796 -0.37610099 -0.19552299
1.52230299 -0.37645000 -0.19307899
1.52111304 -0.38123000 -0.19307899
1.51990700 -0.38600701 -0.19307899
1.49946296 -0.38583401 -0.19063500
1.48863995 -0.38803899 -0.18941300
1.49700999 -0.39524701 -0.19063500
1.48617196 -0.39738500 -0.18941300
1.49449694 -0.40464601 -0.19063500
1.49321795 -0.40933901 -0.19063500
1.48236096 -0.41137400 -0.18941300
1.49061704 -0.41871300 -0.19063500
1.47974706 -0.42067999 -0.18941300
1.47841799 -0.42532599 -0.18941300
1.47707498 -0.42996901 -0.18941300
1.46619594 -0.43180299 -0.18819100
1.46483195 -0.43640700 -0.18819100
1.46345401 -0.44100699 -0.18819100
1.46206105 -0.44560200 -0.18819100
1.46065402 -0.45019299 -0.18819100
1.44975698 -0.45182699 -0.18696900
1.44833004 -0.45637900 -0.18696900
1.46580303 -0.46695200 -0.18941300
1.46424699 -0.47181001 -0.18941300
1.46275699 -0.47640800 -0.18941300
1.45182598 -0.47789800 -0.18819100
1.45973504 -0.48558900 -0.18941300
1.42997897 -0.48068500 -0.18574700
1.43785906 -0.48836699 -0.18696900
1.42692995 -0.48966101 -0.18574700
1.42538500 -0.49414101 -0.18574700
1.41445804 -0.49533600 -0.18452500
1.41289496 -0.49977699 -0.18452500
1.41131794 -0.50421399 -0.18452500
1.40972698 -0.50864500 -0.18452500
1.39879704 -0.50967300 -0.18330300
1.39718902 -0.51406503 -0.18330300
1.39556706 -0.51845199 -0.18330300
1.38463902 -0.51934803 -0.18208100
1.40156400 -0.53072500 -0.18452500
1.40916002 -0.53867000 -0.18574700
1.39810705 -0.53976500 -0.18452500
1.40565205 -0.54775798 -0.18574700
1.40392494 -0.55217201 -0.18574700
1.39295805 -0.55291802 -0.18452500
1.39121401 -0.55729097 -0.18452500
1.39865804 -0.56537902 -0.18574700
1.39687502 -0.56976998 -0.18574700
1.39507794 -0.57415497 -0.18574700
1.39326799 -0.57853502 -0.18574700
1.38228905 -0.57907498 -0.18452500
1.38960505 -0.58727801 -0.18574700
1.40601301 -0.59942502 -0.18819100
1.39500499 -0.59991902 -0.18696900
1.37490296 -0.59639901 -0.18452500
1.38211596 -0.60469401 -0.18574700
1.38020897 -0.60903299 -0.18574700
1.36922097 -0.60933000 -0.18452500
1.37624800 -0.61793298 -0.18574700
1.36525798 -0.61816001 -0.18452500
1.37233806 -0.62656802 -0.18574700
1.32528496 -0.61012298 -0.17963700
1.31435895 -0.61010498 -0.17841500
1.32142496 -0.61843801 -0.17963700
1.31050003 -0.61835098 -0.17841500
1.31751299 -0.62672901 -0.17963700
1.29763901 -0.62228203 -0.17719300
1.29567802 -0.62635499 -0.17719300
1.29370403 -0.63042301 -0.17719300
1.29171705 -0.63448399 -0.17719300
1.28082299 -0.63413501 -0.17597100
1.26994300 -0.63372397 -0.17474900
1.26794600 -0.63771099 -0.17474900
1.26593697 -0.64169103 -0.17474900
1.25507605 -0.64115000 -0.17352700
1.25294304 -0.64530802 -0.17352700
1.25971901 -0.65381300 -0.17474900
1.24886405 -0.65316802 -0.17352700
1.25558603 -0.66171497 -0.17474900
1.25350106 -0.66565698 -0.17474900
1.25140297 -0.66959101 -0.17474900
1.24055696 -0.66880900 -0.17352700
1.24717200 -0.67744100 -0.17474900
1.24503696 -0.68135500 -0.17474900
1.24289000 -0.68526399 -0.17474900
1.26676095 -0.70362300 -0.17841500
1.29052806 -0.72213900 -0.18208100
1.31419098 -0.74081099 -0.18574700
1.27733397 -0.72533202 -0.18085900
1.27505004 -0.72934097 -0.18085900
1.26415205 -0.72838801 -0.17963700
1.25314701 -0.72759300 -0.17841500
1.25942194 -0.73653698 -0.17963700
1.25710201 -0.74049002 -0.17963700
1.23769796 -0.73430699 -0.17719300
1.23538494 -0.73819202 -0.17719300
1.23306000 -0.74206901 -0.17719300
1.23921001 -0.75108403 -0.17841500
1.22837305 -0.74980199 -0.17719300
1.22601104 -0.75365698 -0.17719300
1.24051499 -0.76795399 -0.17963700
1.22967398 -0.76659602 -0.17841500
1.21885395 -0.76517898 -0.17719300
1.23308599 -0.77982599 -0.17963700
1.21388698 -0.77303302 -0.17719300
1.20296299 -0.77169597 -0.17597100
1.20900595 -0.78064501 -0.17719300
1.17326295 -0.76279998 -0.17230500
1.15425301 -0.75560999 -0.16986100
1.16016102 -0.76469499 -0.17108300
1.14948297 -0.76284701 -0.16986100
1.14708102 -0.76645499 -0.16986100
1.12819695 -0.75897503 -0.16741700
1.13402498 -0.76808101 -0.16863900
1.13160598 -0.77164000 -0.16863900
1.12099397 -0.76957399 -0.16741700
1.12673604 -0.77873498 -0.16863900
1.14872396 -0.79927701 -0.17230500
1.77051902 -0.09526800 -0.15680499
1.75032103 -0.09969700 -0.15504301
1.74005604 -0.10459700 -0.15416200
1.73971796 -0.11006400 -0.15416200
1.72942495 -0.11486800 -0.15328200
1.70918095 -0.11891800 -0.15152000
1.71873403 -0.12501000 -0.15240100
1.71833301 -0.13040900 -0.15240100
1.70798397 -0.13502100 -0.15152000
1.69762397 -0.13957000 -0.15063900
1.69717705 -0.14490300 -0.15063900
1.69671404 -0.15023400 -0.15063900
1.70615304 -0.15647300 -0.15152000
1.68581998 -0.15995100 -0.14975800
1.67539501 -0.16427401 -0.14887699
1.67487097 -0.16953699 -0.14887699
1.67433000 -0.17479700 -0.14887699
1.67377305 -0.18005700 -0.14887699
1.67319906 -0.18531400 -0.14887699
1.65281403 -0.18831401 -0.14711501
1.66210794 -0.19466500 -0.14799599
1.65159798 -0.19869600 -0.14711501
1.63119400 -0.20144100 -0.14535300
1.72937500 -0.21908399 -0.15416200
1.72867799 -0.22451600 -0.15416200
1.71809006 -0.22863200 -0.15328200
1.71736300 -0.23402800 -0.15328200
1.71661901 -0.23942199 -0.15328200
1.71585906 -0.24481399 -0.15328200
1.69532394 -0.24762300 -0.15152000
1.70439005 -0.25441900 -0.15240100
1.70358205 -0.25977200 -0.15240100
1.69291496 -0.26359001 -0.15152000
1.68224096 -0.26734400 -0.15063900
1.68139303 -0.27262700 -0.15063900
1.68052804 -0.27790800 -0.15063900
1.66982400 -0.28152999 -0.14975800
1.67874897 -0.28846201 -0.15063900
1.59933901 -0.27999201 -0.14359100
1.56903195 -0.27976999 -0.14094900
1.55834496 -0.28291801 -0.14006799
1.56724298 -0.28962299 -0.14094900
1.56632602 -0.29454499 -0.14094900
1.56539297 -0.29946399 -0.14094900
1.56444395 -0.30438101 -0.14094900
1.54393697 -0.30542800 -0.13918699
1.55273497 -0.31224000 -0.14006799
1.55174696 -0.31711701 -0.14006799
1.54099000 -0.31996500 -0.13918699
1.53997695 -0.32480499 -0.13918699
1.53894901 -0.32964101 -0.13918699
1.52817202 -0.33235699 -0.13830601
1.53684700 -0.33930400 -0.13918699
1.51633406 -0.33977401 -0.13742501
1.51525903 -0.34453601 -0.13742501
1.50446296 -0.34705600 -0.13654400
1.51306403 -0.35405001 -0.13742501
1.54102004 -0.36570200 -0.14006799
1.57860196 -0.37986299 -0.14359100
1.58701098 -0.38745800 -0.14447200
1.58578598 -0.39244199 -0.14447200
1.57488298 -0.39499900 -0.14359100
1.57363498 -0.39994499 -0.14359100
1.56272399 -0.40240201 -0.14271000
1.57109106 -0.40982401 -0.14359100
1.56016505 -0.41221300 -0.14271000
1.56848502 -0.41968700 -0.14359100
1.55754399 -0.42200801 -0.14271000
1.57542300 -0.43216899 -0.14447200
1.55486202 -0.43178600 -0.14271000
1.55349696 -0.43666801 -0.14271000
1.56169903 -0.44427201 -0.14359100
1.54115105 -0.44366500 -0.14182900
1.53974903 -0.44850400 -0.14182900
1.53833306 -0.45333999 -0.14182900
1.47007895 -0.43825001 -0.13566300
1.45915794 -0.43999001 -0.13478200
1.42918503 -0.43585500 -0.13213900
1.42780900 -0.44034299 -0.13213900
1.43592799 -0.44779199 -0.13302000
1.42501402 -0.44930500 -0.13213900
1.41402602 -0.45100099 -0.13125800
1.43156302 -0.46155500 -0.13302000
1.41116405 -0.45987701 -0.13125800
1.40971303 -0.46430799 -0.13125800
1.41769803 -0.47187999 -0.13213900
1.39732599 -0.46998101 -0.13037699
1.40527403 -0.47757301 -0.13125800
1.39434600 -0.47875100 -0.13037699
1.39283502 -0.48312899 -0.13037699
1.39130998 -0.48750201 -0.13037699
1.38977098 -0.49187100 -0.13037699
1.37883902 -0.49288201 -0.12949599
1.37728405 -0.49721101 -0.12949599
1.37571502 -0.50153500 -0.12949599
1.38348103 -0.50929600 -0.13037699
1.38187397 -0.51363999 -0.13037699
1.38958001 -0.52147800 -0.13125800
1.43450904 -0.54348701 -0.13566300
1.44200301 -0.55180103 -0.13654400
1.43096995 -0.55273902 -0.13566300
1.44778800 -0.56446898 -0.13742501
1.41819894 -0.55807197 -0.13478200
1.44421196 -0.57355398 -0.13742501
1.42391098 -0.57067698 -0.13566300
1.44058001 -0.58261698 -0.13742501
1.43874300 -0.58714002 -0.13742501
1.41846895 -0.58407199 -0.13566300
1.43502498 -0.59616798 -0.13742501
1.40558505 -0.58912200 -0.13478200
1.42207599 -0.60129398 -0.13654400
1.40185595 -0.59794199 -0.13478200
1.39997005 -0.60234302 -0.13478200
1.39807105 -0.60673797 -0.13478200
1.37790799 -0.60313898 -0.13302000
1.38511801 -0.61148798 -0.13390100
1.37409103 -0.61178499 -0.13302000
1.38114095 -0.62041998 -0.13390100
1.35196400 -0.61242503 -0.13125800
1.28660905 -0.58769798 -0.12509200
1.28475595 -0.59173697 -0.12509200
1.29192603 -0.59996599 -0.12597300
1.29905605 -0.60824603 -0.12685400
1.28813004 -0.60807198 -0.12597300
1.28621399 -0.61211503 -0.12597300
1.28428400 -0.61615300 -0.12597300
1.26440799 -0.61151099 -0.12421100
1.28038800 -0.62421000 -0.12597300
1.26054001 -0.61944300 -0.12421100
1.25858796 -0.62339997 -0.12421100
1.24771094 -0.62290198 -0.12333000
1.25464594 -0.63129598 -0.12421100
1.24377298 -0.63072902 -0.12333000
1.25054300 -0.63938498 -0.12421100
1.24852896 -0.64331001 -0.12421100
1.24650097 -0.64722902 -0.12421100
1.24446201 -0.65114200 -0.12421100
1.22478700 -0.64575702 -0.12244900
1.23154902 -0.65427500 -0.12333000
1.22948802 -0.65814102 -0.12333000
1.22741401 -0.66200000 -0.12333000
1.21657598 -0.66109699 -0.12244900
1.26691699 -0.69361699 -0.12773500
1.29962099 -0.71683800 -0.13125800
1.30606997 -0.72575498 -0.13213900
1.29509199 -0.72498900 -0.13125800
1.29280698 -0.72905397 -0.13125800
1.29051101 -0.73311198 -0.13125800
1.27091002 -0.72726798 -0.12949599
1.29437900 -0.74640697 -0.13213900
1.27479994 -0.74046302 -0.13037699
1.28106594 -0.74949402 -0.13125800
1.27012300 -0.74845803 -0.13037699
1.26776505 -0.75244498 -0.13037699
1.26539505 -0.75642401 -0.13037699
1.26301301 -0.76039499 -0.13037699
1.26061702 -0.76436001 -0.13037699
1.24970806 -0.76312500 -0.12949599
1.25579000 -0.77226502 -0.13037699
1.25335801 -0.77620602 -0.13037699
1.25091302 -0.78013998 -0.13037699
1.24831903 -0.78428400 -0.13037699
1.23743105 -0.78287601 -0.12949599
1.23482800 -0.78697503 -0.12949599
1.22396600 -0.78547102 -0.12861601
1.19652796 -0.77288401 -0.12597300
1.15234303 -0.74948502 -0.12156800
1.14998305 -0.75310099 -0.12156800
1.13929498 -0.75122702 -0.12068700
1.13692904 -0.75480199 -0.12068700
1.12627101 -0.75283498 -0.11980600
1.13216400 -0.76193100 -0.12068700
1.12151897 -0.75989598 -0.11980600
1.12735498 -0.76902902 -0.12068700
1.14135599 -0.78384501 -0.12244900
1.13888705 -0.78742701 -0.12244900
1.72614300 -0.07144100 -0.09070100
1.74586296 -0.07775300 -0.09175000
1.71568501 -0.08181000 -0.09017700
1.71542001 -0.08720000 -0.09017700
1.69519401 -0.09151200 -0.08912800
1.69489801 -0.09683700 -0.08912800
1.70455301 -0.10276200 -0.08965200
1.69425595 -0.10748400 -0.08912800
1.70387399 -0.11347000 -0.08965200
1.69354701 -0.11812700 -0.08912800
1.72304702 -0.12562600 -0.09070100
1.71268594 -0.13028100 -0.09017700
1.69235897 -0.13408300 -0.08912800
1.71183395 -0.14103900 -0.09017700
1.71138299 -0.14641599 -0.09017700
1.71091402 -0.15179200 -0.09017700
1.71042895 -0.15716600 -0.09017700
1.69998503 -0.16159400 -0.08965200
1.72928405 -0.16986300 -0.09122500
1.64926004 -0.16723500 -0.08703100
1.71825099 -0.17968599 -0.09070100
1.66803396 -0.17973401 -0.08808000
1.68731201 -0.18717501 -0.08912800
1.62718403 -0.18568200 -0.08598200
1.64643002 -0.19312000 -0.08703100
1.63590002 -0.19709700 -0.08650700
1.63527298 -0.20223500 -0.08650700
1.63462901 -0.20737100 -0.08650700
1.63397002 -0.21250600 -0.08650700
1.62339604 -0.21631899 -0.08598200
1.62270796 -0.22141799 -0.08598200
1.61211395 -0.22513300 -0.08545800
1.60151303 -0.22878499 -0.08493400
1.59086394 -0.23264900 -0.08441000
1.59012604 -0.23764600 -0.08441000
1.57949901 -0.24113300 -0.08388500
1.57873404 -0.24609400 -0.08388500
1.56809103 -0.24948300 -0.08336100
1.56729901 -0.25440899 -0.08336100
1.55664003 -0.25770000 -0.08283700
1.59521103 -0.26923701 -0.08493400
1.61404097 -0.27763301 -0.08598200
1.64266896 -0.28787401 -0.08755500
1.61226404 -0.28776899 -0.08598200
1.61135197 -0.29283199 -0.08598200
1.60060501 -0.29607701 -0.08545800
1.59966695 -0.30110401 -0.08545800
1.60852098 -0.30800599 -0.08598200
1.60754502 -0.31305799 -0.08598200
1.61635005 -0.32004601 -0.08650700
1.59575701 -0.32118100 -0.08545800
1.59474003 -0.32619300 -0.08545800
1.58393002 -0.32916901 -0.08493400
1.59265900 -0.33620700 -0.08545800
1.57206595 -0.33702201 -0.08441000
1.57099903 -0.34195900 -0.08441000
1.57966805 -0.34904701 -0.08493400
1.53958702 -0.34526700 -0.08283700
1.51901996 -0.34567100 -0.08178800
1.51792705 -0.35044101 -0.08178800
1.48764896 -0.34837699 -0.08021500
1.50597894 -0.35766399 -0.08126400
1.48543000 -0.35771701 -0.08021500
1.48423600 -0.36264101 -0.08021500
1.48308897 -0.36730200 -0.08021500
1.47224200 -0.36952901 -0.07969100
1.48075199 -0.37661299 -0.08021500
1.46989202 -0.37877199 -0.07969100
1.44937003 -0.37834299 -0.07864300
1.45782804 -0.38544700 -0.07916700
1.45660996 -0.39002499 -0.07916700
1.44573903 -0.39198601 -0.07864300
1.43487096 -0.39388201 -0.07811800
1.43362606 -0.39838800 -0.07811800
1.44198096 -0.40559399 -0.07864300
1.42148995 -0.40465400 -0.07759400
1.42021203 -0.40911800 -0.07759400
1.40933204 -0.41078299 -0.07707000
1.44634902 -0.42650700 -0.07916700
1.49284899 -0.44532099 -0.08178800
1.48188198 -0.44712499 -0.08126400
1.48047101 -0.45177799 -0.08126400
1.48858595 -0.45937100 -0.08178800
1.48713601 -0.46404499 -0.08178800
1.48566997 -0.46871501 -0.08178800
1.47459400 -0.47060299 -0.08126400
1.46360505 -0.47216699 -0.08074000
1.46211398 -0.47676301 -0.08074000
1.46060896 -0.48135400 -0.08074000
1.44961500 -0.48278499 -0.08021500
1.45755601 -0.49052200 -0.08074000
1.44655299 -0.49188301 -0.08021500
1.44500101 -0.49642599 -0.08021500
1.45286798 -0.50423700 -0.08074000
1.44185305 -0.50549501 -0.08021500
1.42143095 -0.50335503 -0.07916700
1.41984296 -0.50781798 -0.07916700
1.43702495 -0.51906103 -0.08021500
1.39786100 -0.50988501 -0.07811800
1.35876906 -0.50046802 -0.07602100
1.34783006 -0.50125301 -0.07549700
1.34624803 -0.50548500 -0.07549700
1.34465396 -0.50971198 -0.07549700
1.32430398 -0.50702697 -0.07444800
1.33201897 -0.51478499 -0.07497300
1.33969903 -0.52259600 -0.07549700
1.32875896 -0.52314401 -0.07497300
1.32710898 -0.52731597 -0.07497300
1.32544506 -0.53148299 -0.07497300
1.32376897 -0.53564399 -0.07497300
1.31283498 -0.53602499 -0.07444800
1.32037699 -0.54395097 -0.07497300
1.31866205 -0.54809600 -0.07497300
1.30772400 -0.54837400 -0.07444800
1.31519198 -0.55637097 -0.07497300
1.31343806 -0.56050003 -0.07497300
1.31167102 -0.56462300 -0.07497300
1.30989003 -0.56874102 -0.07497300
1.30809700 -0.57285303 -0.07497300
1.29715598 -0.57292598 -0.07444800
1.29534996 -0.57699800 -0.07444800
1.30253804 -0.58538401 -0.07497300
1.33707500 -0.60596198 -0.07707000
1.34424806 -0.61431003 -0.07759400
1.33324206 -0.61435097 -0.07707000
1.33130503 -0.61853600 -0.07707000
1.33839905 -0.62695199 -0.07759400
1.31836200 -0.62262398 -0.07654500
1.31640005 -0.62676299 -0.07654500
1.33243001 -0.63953799 -0.07759400
1.31243598 -0.63502198 -0.07654500
1.32838595 -0.64789701 -0.07759400
1.32634401 -0.65206701 -0.07759400
1.31534100 -0.65179700 -0.07707000
1.32222104 -0.66038799 -0.07759400
1.31121898 -0.66004801 -0.07707000
1.30913901 -0.66416401 -0.07707000
1.29803896 -0.66395402 -0.07654500
1.29594696 -0.66802901 -0.07654500
1.27611804 -0.66289002 -0.07549700
1.29172397 -0.67615801 -0.07654500
1.28076005 -0.67555398 -0.07602100
1.27863204 -0.67957401 -0.07602100
1.25007999 -0.66944498 -0.07444800
1.22160602 -0.65914297 -0.07287500
1.21075499 -0.65820801 -0.07235100
1.20868099 -0.66200799 -0.07235100
1.21533895 -0.67062700 -0.07287500
1.21322596 -0.67444098 -0.07287500
1.21110201 -0.67824900 -0.07287500
1.20896494 -0.68205100 -0.07287500
1.20681596 -0.68584597 -0.07287500
1.21332204 -0.69459498 -0.07340000
1.19371200 -0.68863398 -0.07235100
1.20017695 -0.69739801 -0.07287500
1.18936098 -0.69612098 -0.07235100
1.18716896 -0.69985402 -0.07235100
1.19355094 -0.70867902 -0.07287500
1.18274796 -0.70729899 -0.07235100
1.18052006 -0.71101201 -0.07235100
1.17828095 -0.71471697 -0.07235100
1.18455100 -0.72362101 -0.07287500
1.16526103 -0.71687299 -0.07182700
1.16300297 -0.72053099 -0.07182700
1.16073406 -0.72418100 -0.07182700
1.15832603 -0.72802597 -0.07182700
1.14759505 -0.72632098 -0.07130300
1.14517999 -0.73012203 -0.07130300
1.13447702 -0.72832102 -0.07077800
1.13231099 -0.73168403 -0.07077800
1.12163603 -0.72979200 -0.07025400
1.11098504 -0.72783899 -0.06973000
1.10869300 -0.73132598 -0.06973000
1.11470902 -0.74032998 -0.07025400
1.10407603 -0.73827797 -0.06973000
1.10175097 -0.74174201 -0.06973000
1.09114897 -0.73959702 -0.06920500
1.11356604 -0.75990802 -0.07077800
1.11117399 -0.76340300 -0.07077800
1.15804803 -0.80097401 -0.07392400
1.70885599 -0.05519600 -0.02938700
1.70867395 -0.06056400 -0.02938700
1.68849301 -0.06516100 -0.02904300
1.68827999 -0.07046500 -0.02904300
1.68805099 -0.07576800 -0.02904300
1.68780398 -0.08107100 -0.02904300
1.66756999 -0.08535100 -0.02870000
1.69724500 -0.09221700 -0.02921500
1.73687601 -0.09984300 -0.02990300
1.73655295 -0.10530000 -0.02990300
1.76614904 -0.11266400 -0.03041800
1.75581002 -0.11754400 -0.03024600
1.73548400 -0.12166100 -0.02990300
1.72512102 -0.12638199 -0.02973100
1.73468494 -0.13256299 -0.02990300
1.72429299 -0.13721900 -0.02973100
1.72385395 -0.14263500 -0.02973100
1.71343505 -0.14719400 -0.02955900
1.73288202 -0.15435100 -0.02990300
1.71247602 -0.15795700 -0.02955900
1.68211198 -0.16048799 -0.02904300
1.69155002 -0.16675200 -0.02921500
1.66117597 -0.16902900 -0.02870000
1.63080502 -0.17111699 -0.02818400
1.62031901 -0.17516500 -0.02801200
1.60982299 -0.17914800 -0.02784000
1.60925198 -0.18420500 -0.02784000
1.60866594 -0.18925899 -0.02784000
1.60806298 -0.19431201 -0.02784000
1.58759999 -0.19690201 -0.02749700
1.59689200 -0.20315000 -0.02766900
1.59624600 -0.20816600 -0.02766900
1.57576299 -0.21053199 -0.02732500
1.56518805 -0.21412601 -0.02715300
1.56450701 -0.21904200 -0.02715300
1.56381094 -0.22395600 -0.02715300
1.56309998 -0.22886799 -0.02715300
1.55248499 -0.23229700 -0.02698100
1.54182303 -0.23593201 -0.02680900
1.54107404 -0.24077500 -0.02680900
1.55022705 -0.24691901 -0.02698100
1.59878898 -0.25980601 -0.02784000
1.60782897 -0.26646301 -0.02801200
1.62670100 -0.27484399 -0.02835600
1.60607398 -0.27684000 -0.02801200
1.62489200 -0.28534299 -0.02835600
1.59446096 -0.28516501 -0.02784000
1.59355700 -0.29017299 -0.02784000
1.61230004 -0.29882199 -0.02818400
1.59170306 -0.30017999 -0.02784000
1.59075201 -0.30517900 -0.02784000
1.58978498 -0.31017500 -0.02784000
1.57899499 -0.31322199 -0.02766900
1.58780503 -0.32015800 -0.02784000
1.56720102 -0.32113001 -0.02749700
1.56618404 -0.32605201 -0.02749700
1.55536997 -0.32890201 -0.02732500
1.55432904 -0.33378699 -0.02732500
1.51419699 -0.33014801 -0.02663700
1.48386502 -0.32842201 -0.02612200
1.47307098 -0.33089000 -0.02595000
1.47202396 -0.33551699 -0.02595000
1.46122098 -0.33788699 -0.02577800
1.46988702 -0.34475899 -0.02595000
1.46879697 -0.34937501 -0.02595000
1.45797205 -0.35164300 -0.02577800
1.43743503 -0.35147199 -0.02543400
1.45573401 -0.36079699 -0.02577800
1.45452905 -0.36562201 -0.02577800
1.44368398 -0.36772200 -0.02560600
1.44252205 -0.37225601 -0.02560600
1.43167198 -0.37425700 -0.02543400
1.42082405 -0.37619400 -0.02526300
1.42929196 -0.38324499 -0.02543400
1.41843200 -0.38511401 -0.02526300
1.42685604 -0.39221799 -0.02543400
1.41598403 -0.39401799 -0.02526300
1.42436302 -0.40117499 -0.02543400
1.42309594 -0.40564799 -0.02543400
1.46024203 -0.42120099 -0.02612200
1.45891201 -0.42578700 -0.02612200
1.47674501 -0.43603000 -0.02646600
1.47536802 -0.44066799 -0.02646600
1.46440494 -0.44240901 -0.02629400
1.45344603 -0.44408599 -0.02612200
1.48070300 -0.45750499 -0.02663700
1.46017098 -0.45619100 -0.02629400
1.44919598 -0.45776400 -0.02612200
1.46679997 -0.46839800 -0.02646600
1.44629097 -0.46686101 -0.02612200
1.43523002 -0.46855101 -0.02595000
1.41476095 -0.46679199 -0.02560600
1.43225801 -0.47756001 -0.02595000
1.42127597 -0.47886401 -0.02577800
1.41976404 -0.48332700 -0.02577800
1.41823900 -0.48778501 -0.02577800
1.41669905 -0.49223799 -0.02577800
1.42457998 -0.49999800 -0.02595000
1.41357899 -0.50112998 -0.02577800
1.38375700 -0.49545699 -0.02526300
1.34458303 -0.48620200 -0.02457500
1.33365703 -0.48699400 -0.02440300
1.33212101 -0.49118099 -0.02440300
1.33057106 -0.49536401 -0.02440300
1.32900798 -0.49954101 -0.02440300
1.32743204 -0.50371403 -0.02440300
1.31650603 -0.50430501 -0.02423100
1.30559003 -0.50483298 -0.02406000
1.31322205 -0.51279598 -0.02423100
1.31160498 -0.51691902 -0.02423100
1.30997396 -0.52103698 -0.02423100
1.29905200 -0.52142602 -0.02406000
1.29740798 -0.52550399 -0.02406000
1.29575002 -0.52957702 -0.02406000
1.29408002 -0.53364599 -0.02406000
1.29239702 -0.53770798 -0.02406000
1.29992104 -0.54563600 -0.02423100
1.29820001 -0.54971701 -0.02423100
1.28727198 -0.54986501 -0.02406000
1.28553796 -0.55390602 -0.02406000
1.29296196 -0.56192702 -0.02423100
1.26371801 -0.55394399 -0.02371600
1.28940594 -0.57003999 -0.02423100
1.33326805 -0.59444600 -0.02509100
1.33129001 -0.59886402 -0.02509100
1.32029605 -0.59891301 -0.02491900
1.32750106 -0.60721701 -0.02509100
1.33466601 -0.61557198 -0.02526300
1.32365894 -0.61554599 -0.02509100
1.31266606 -0.61545700 -0.02491900
1.29264700 -0.61103100 -0.02457500
1.29974699 -0.61939102 -0.02474700
1.31581998 -0.63213003 -0.02509100
1.29583001 -0.62754500 -0.02474700
1.30283701 -0.63599902 -0.02491900
1.30083203 -0.64008898 -0.02491900
1.28090000 -0.63528699 -0.02457500
1.29678500 -0.64824998 -0.02491900
1.29474199 -0.65232003 -0.02491900
1.29268599 -0.65638500 -0.02491900
1.28171694 -0.65588802 -0.02474700
1.27964997 -0.65991098 -0.02474700
1.26858401 -0.65953898 -0.02457500
1.25764894 -0.65888101 -0.02440300
1.26441503 -0.66749698 -0.02457500
1.22700202 -0.65268302 -0.02388800
1.20731997 -0.64708799 -0.02354400
1.19648397 -0.64612699 -0.02337200
1.19444799 -0.64988297 -0.02337200
1.18363297 -0.64882600 -0.02320000
1.18158901 -0.65254098 -0.02320000
1.18826997 -0.66111100 -0.02337200
1.17746496 -0.65995198 -0.02320000
1.18409300 -0.66856402 -0.02337200
1.18198705 -0.67228103 -0.02337200
1.17986906 -0.67599100 -0.02337200
1.16907895 -0.67469603 -0.02320000
1.17559803 -0.68339097 -0.02337200
1.16469800 -0.68223202 -0.02320000
1.17116106 -0.69096798 -0.02337200
1.16038895 -0.68953598 -0.02320000
1.15821695 -0.69317800 -0.02320000
1.15603304 -0.69681400 -0.02320000
1.14529097 -0.69525301 -0.02302800
1.15163195 -0.70406300 -0.02320000
1.14941502 -0.70767802 -0.02320000
1.13868797 -0.70601600 -0.02302800
1.13646400 -0.70959002 -0.02302800
1.14269400 -0.71847898 -0.02320000
1.13198304 -0.71671700 -0.02302800
1.12117100 -0.71508998 -0.02285700
1.12733102 -0.72401202 -0.02302800
1.12505102 -0.72755003 -0.02302800
1.11438096 -0.72562498 -0.02285700
1.12045801 -0.73460400 -0.02302800
1.11814499 -0.73812097 -0.02302800
1.10749304 -0.73609501 -0.02285700
1.09686601 -0.73400998 -0.02268500
1.10284603 -0.74303901 -0.02285700
1.10878098 -0.75211298 -0.02302800
1.10641301 -0.75559300 -0.02302800
1.70755196 0.04053900 0.33199900
1.69784999 0.03526800 0.33009100
1.68813801 0.02976100 0.32818300
1.68822801 0.02416300 0.32818300
1.68829501 0.01885900 0.32818300
1.67852795 0.01377000 0.32627499
1.62948203 0.00824800 0.31673399
1.64913297 0.00287800 0.32054999
1.63931704 -0.00228900 0.31864199
1.63930297 -0.00715300 0.31864199
1.62945700 -0.01222900 0.31673399
1.62941003 -0.01734800 0.31673399
1.62934804 -0.02246700 0.31673399
1.61944997 -0.02770200 0.31482601
1.62916899 -0.03298800 0.31673399
1.62905705 -0.03810600 0.31673399
1.60930395 -0.04270300 0.31291801
1.61897397 -0.04805000 0.31482601
1.55013800 -0.05088200 0.30147001
1.60882998 -0.05786800 0.31291801
1.54978704 -0.06062000 0.30147001
1.57901204 -0.06673200 0.30719399
1.52976298 -0.06946600 0.29765400
1.55895197 -0.07570000 0.30337799
1.52929699 -0.07907700 0.29765400
1.52904105 -0.08388100 0.29765400
1.51897001 -0.08811500 0.29574600
1.51868606 -0.09288700 0.29574600
1.51838601 -0.09765700 0.29574600
1.50827801 -0.10176600 0.29383799
1.50795102 -0.10650400 0.29383799
1.50760901 -0.11124100 0.29383799
1.48767698 -0.11447100 0.29002199
1.49709499 -0.11992700 0.29192999
1.48692906 -0.12381600 0.29002199
1.47675300 -0.12764101 0.28811401
1.47634399 -0.13228001 0.28811401
1.46614695 -0.13601001 0.28620601
1.47548401 -0.14155300 0.28811401
1.47503197 -0.14618801 0.28811401
1.46480000 -0.14982200 0.28620601
1.45456004 -0.15339400 0.28429800
1.45407104 -0.15796299 0.28429800
1.46332300 -0.16362099 0.28620601
1.45305002 -0.16709600 0.28429800
1.45251799 -0.17166001 0.28429800
1.45197105 -0.17622200 0.28429800
1.44166899 -0.17956901 0.28239000
1.44109797 -0.18409801 0.28239000
1.43077898 -0.18735000 0.28048199
1.43018401 -0.19184400 0.28048199
1.42957401 -0.19633600 0.28048199
1.41922998 -0.19946000 0.27857399
1.41859603 -0.20391700 0.27857399
1.41794801 -0.20837300 0.27857399
1.40754199 -0.21161500 0.27666599
1.39716804 -0.21454599 0.27475801
1.41588295 -0.22197400 0.27857399
1.40548503 -0.22487099 0.27666599
1.39512396 -0.22746000 0.27475801
1.39440203 -0.23184200 0.27475801
1.39362597 -0.23646501 0.27475801
1.38320303 -0.23916900 0.27285001
1.38244498 -0.24351400 0.27285001
1.38167298 -0.24785499 0.27285001
1.38088799 -0.25219500 0.27285001
1.38008904 -0.25653201 0.27285001
1.36963105 -0.25904199 0.27094099
1.36881006 -0.26334399 0.27094099
1.36797595 -0.26764199 0.27094099
1.36712801 -0.27193901 0.27094099
1.35664594 -0.27428699 0.26903301
1.36539304 -0.28052300 0.27094099
1.35489595 -0.28280601 0.26903301
1.35399997 -0.28706101 0.26903301
1.34349501 -0.28924701 0.26712501
1.35216999 -0.29556200 0.26903301
1.35123503 -0.29980901 0.26903301
1.34071004 -0.30189601 0.26712501
1.33975506 -0.30610701 0.26712501
1.33878601 -0.31031400 0.26712501
1.33780503 -0.31451800 0.26712501
1.32726204 -0.31644300 0.26521701
1.33580196 -0.32291800 0.26712501
1.32524705 -0.32477599 0.26521701
1.31463695 -0.32680100 0.26330900
1.32312202 -0.33332801 0.26521701
1.30304599 -0.33262700 0.26140100
1.31149805 -0.33917600 0.26330900
1.30093002 -0.34080699 0.26140100
1.30934095 -0.34740999 0.26330900
1.29876304 -0.34897500 0.26140100
1.29766095 -0.35305300 0.26140100
1.28708100 -0.35452101 0.25949299
1.28596103 -0.35856301 0.25949299
1.28482795 -0.36260101 0.25949299
1.28368294 -0.36663601 0.25949299
1.27309406 -0.36794099 0.25758499
1.28135395 -0.37469399 0.25949299
1.28016996 -0.37871799 0.25949299
1.28837800 -0.38555199 0.26140100
1.25897503 -0.38106599 0.25567701
1.27654397 -0.39076599 0.25949299
1.26593304 -0.39187199 0.25758499
1.26469600 -0.39584699 0.25758499
1.25408697 -0.39685601 0.25567701
1.25283396 -0.40079400 0.25567701
1.25149798 -0.40494701 0.25567701
1.25021994 -0.40887600 0.25567701
1.23960900 -0.40972099 0.25376901
1.24762595 -0.41672400 0.25567701
1.24631095 -0.42064101 0.25567701
1.23569202 -0.42138600 0.25376901
1.24364305 -0.42846301 0.25567701
1.24229097 -0.43236801 0.25567701
1.24092603 -0.43626899 0.25567701
1.23029900 -0.43688101 0.25376901
1.22892106 -0.44074300 0.25376901
1.22753000 -0.44460201 0.25376901
1.21690798 -0.44508401 0.25186101
1.22471201 -0.45230600 0.25376901
1.20489001 -0.44929200 0.24995300
1.21265900 -0.45653400 0.25186101
1.20204306 -0.45685399 0.24995300
1.20060205 -0.46062800 0.24995300
1.19906795 -0.46460599 0.24995300
1.19760299 -0.46837100 0.24995300
1.19612503 -0.47213101 0.24995300
1.20375502 -0.47951901 0.25186101
1.20224297 -0.48329899 0.25186101
1.18252599 -0.47969300 0.24804500
1.19918299 -0.49084300 0.25186101
1.17948902 -0.48711401 0.24804500
1.18701398 -0.49459201 0.24995300
1.19450295 -0.50212300 0.25186101
1.17484498 -0.49820799 0.24804500
1.17327499 -0.50189698 0.24804500
1.18070495 -0.50946897 0.24995300
1.16109705 -0.50534099 0.24613699
1.16849196 -0.51293200 0.24804500
1.16687500 -0.51660103 0.24804500
1.17420995 -0.52426600 0.24995300
1.16351497 -0.52412498 0.24804500
1.15292501 -0.52371800 0.24613699
1.15127397 -0.52733701 0.24613699
1.15852296 -0.53506798 0.24804500
1.14793801 -0.53456098 0.24613699
1.14625299 -0.53816402 0.24613699
1.14455700 -0.54176301 0.24613699
1.14284897 -0.54535598 0.24613699
1.12343800 -0.54043299 0.24232100
1.13940001 -0.55252600 0.24613699
1.13765800 -0.55610299 0.24613699
1.12709999 -0.55533499 0.24422900
1.13414204 -0.56323999 0.24613699
1.12358904 -0.56240600 0.24422900
1.11305201 -0.56151199 0.24232100
1.12878299 -0.57390302 0.24613699
1.11823797 -0.57297099 0.24422900
1.10761094 -0.57217002 0.24232100
1.11451495 -0.58017999 0.24422900
1.12137997 -0.58823800 0.24613699
1.11084795 -0.58717102 0.24422900
1.11766100 -0.59527200 0.24613699
1.10713601 -0.59413898 0.24422900
1.10526395 -0.59761399 0.24422900
1.10338199 -0.60108399 0.24422900
1.10148799 -0.60454702 0.24422900
1.09958303 -0.60800397 0.24422900
1.08909202 -0.60667902 0.24232100
1.09574103 -0.61490101 0.24422900
1.09380400 -0.61834103 0.24422900
1.07479596 -0.61205900 0.24041300
1.08989704 -0.62520099 0.24422900
1.07092905 -0.61879998 0.24041300
1.07735395 -0.62728697 0.24232100
1.07537794 -0.63066798 0.24232100
1.07339096 -0.63404399 0.24232100
1.07139397 -0.63741302 0.24232100
1.06096601 -0.63573003 0.24041300
1.05896401 -0.63906002 0.24041300
1.06533897 -0.64748198 0.24232100
1.06330001 -0.65082502 0.24232100
1.06124997 -0.65416300 0.24232100
1.05919003 -0.65749300 0.24232100
1.05711901 -0.66081798 0.24232100
1.04673004 -0.65890598 0.24041300
1.05282998 -0.66763097 0.24232100
1.04245400 -0.66565198 0.24041300
1.04024005 -0.66910499 0.24041300
1.03824997 -0.67218900 0.24041300
1.06080401 -0.69152898 0.24613699
1.05862606 -0.69485801 0.24613699
1.64853799 0.05411100 0.26133201
1.62894595 0.04863000 0.25820199
1.63896501 0.04377700 0.25976700
1.63909400 0.03862800 0.25976700
1.62932706 0.03356100 0.25820199
1.62942398 0.02844100 0.25820199
1.62950897 0.02303800 0.25820199
1.62957394 0.01791900 0.25820199
1.61974299 0.01300500 0.25663701
1.61977601 0.00791600 0.25663701
1.60003996 0.00251300 0.25350800
1.60991704 -0.00252900 0.25507200
1.59014904 -0.00721600 0.25194299
1.59011805 -0.01221100 0.25194299
1.59994805 -0.01731400 0.25350800
1.58013403 -0.02206400 0.25037801
1.58005202 -0.02730400 0.25037801
1.57008398 -0.03206600 0.24881300
1.56997502 -0.03699900 0.24881300
1.57972503 -0.04219400 0.25037801
1.54996705 -0.04627300 0.24568300
1.55968595 -0.05146800 0.24724799
1.55951595 -0.05636700 0.24724799
1.54946196 -0.06087900 0.24568300
1.54926300 -0.06574600 0.24568300
1.53918302 -0.07016300 0.24411801
1.53895497 -0.07499800 0.24411801
1.54857504 -0.08034400 0.24568300
1.52859104 -0.08412300 0.24255399
1.53817904 -0.08949900 0.24411801
1.52803195 -0.09372600 0.24255399
1.52772999 -0.09852600 0.24255399
1.52741301 -0.10332500 0.24255399
1.51722896 -0.10742600 0.24098900
1.51688397 -0.11219200 0.24098900
1.51652396 -0.11695600 0.24098900
1.50630403 -0.12093000 0.23942401
1.50591695 -0.12566100 0.23942401
1.49567497 -0.12953900 0.23785900
1.49526000 -0.13423800 0.23785900
1.49483097 -0.13893400 0.23785900
1.49438703 -0.14363000 0.23785900
1.48409998 -0.14734800 0.23629400
1.49345505 -0.15301700 0.23785900
1.48314500 -0.15667000 0.23629400
1.48264599 -0.16132900 0.23629400
1.48213100 -0.16598600 0.23629400
1.48160303 -0.17064101 0.23629400
1.47125101 -0.17413400 0.23472901
1.46089196 -0.17756400 0.23316400
1.46032703 -0.18215200 0.23316400
1.45974803 -0.18673900 0.23316400
1.44936097 -0.19004001 0.23160000
1.44875705 -0.19459200 0.23160000
1.43835294 -0.19779700 0.23003501
1.43772495 -0.20231500 0.23003501
1.43708205 -0.20683099 0.23003501
1.42665398 -0.20990700 0.22847000
1.43571699 -0.21610700 0.23003501
1.41550601 -0.21761400 0.22690500
1.41481602 -0.22205999 0.22690500
1.42386401 -0.22806600 0.22847000
1.41343296 -0.23069900 0.22690500
1.41270101 -0.23513800 0.22690500
1.41191399 -0.23982100 0.22690500
1.41115296 -0.24425600 0.22690500
1.40065205 -0.24697299 0.22533999
1.39986897 -0.25137201 0.22533999
1.39907300 -0.25576800 0.22533999
1.39826202 -0.26016200 0.22533999
1.38773406 -0.26271701 0.22377500
1.38690102 -0.26707500 0.22377500
1.38605499 -0.27143100 0.22377500
1.38519597 -0.27578399 0.22377500
1.38432300 -0.28013399 0.22377500
1.37376106 -0.28249201 0.22221000
1.38253498 -0.28882700 0.22377500
1.37195897 -0.29111800 0.22221000
1.37103796 -0.29542699 0.22221000
1.36045504 -0.29762200 0.22064599
1.36915505 -0.30403599 0.22221000
1.35855806 -0.30616400 0.22064599
1.35758901 -0.31043100 0.22064599
1.35660696 -0.31469399 0.22064599
1.35561204 -0.31895500 0.22064599
1.34499598 -0.32091901 0.21908100
1.34398103 -0.32514301 0.21908100
1.34295297 -0.32936400 0.21908100
1.34185302 -0.33381501 0.21908100
1.34079802 -0.33802900 0.21908100
1.33016002 -0.33979499 0.21751601
1.32908595 -0.34397301 0.21751601
1.31844497 -0.34564200 0.21595100
1.32689905 -0.35231701 0.21751601
1.31624699 -0.35391900 0.21595100
1.32465899 -0.36064699 0.21751601
1.31399798 -0.36218199 0.21595100
1.31285298 -0.36630800 0.21595100
1.31169605 -0.37043101 0.21595100
1.30102897 -0.37183601 0.21438600
1.29985499 -0.37592101 0.21438600
1.29866695 -0.38000301 0.21438600
1.29746699 -0.38408101 0.21438600
1.29625404 -0.38815501 0.21438600
1.28557503 -0.38936299 0.21282101
1.28434598 -0.39339900 0.21282101
1.28310394 -0.39743200 0.21282101
1.29127395 -0.40441301 0.21438600
1.28058100 -0.40548599 0.21282101
1.26989400 -0.40649599 0.21125600
1.26853895 -0.41070500 0.21125600
1.26724303 -0.41468799 0.21125600
1.27531099 -0.42176899 0.21282101
1.27398002 -0.42577299 0.21282101
1.27263606 -0.42977300 0.21282101
1.26193202 -0.43057999 0.21125600
1.26057303 -0.43454200 0.21125600
1.24987400 -0.43525201 0.20969100
1.25781798 -0.44245401 0.21125600
1.24711502 -0.44309700 0.20969100
1.23642004 -0.44367701 0.20812701
1.23502004 -0.44755900 0.20812701
1.24288297 -0.45483100 0.20969100
1.24144804 -0.45873299 0.20969100
1.23074698 -0.45917800 0.20812701
1.22929800 -0.46304300 0.20812701
1.21860600 -0.46339199 0.20656200
1.21714401 -0.46721801 0.20656200
1.22479701 -0.47482201 0.20812701
1.22329903 -0.47866699 0.20812701
1.22178900 -0.48250800 0.20812701
1.20191801 -0.47903001 0.20499700
1.20957005 -0.48648900 0.20656200
1.20803595 -0.49028701 0.20656200
1.20649004 -0.49408001 0.20656200
1.20493102 -0.49786800 0.20656200
1.20336199 -0.50165099 0.20656200
1.19267499 -0.50159901 0.20499700
1.19109297 -0.50534397 0.20499700
1.18949997 -0.50908297 0.20499700
1.18789506 -0.51281798 0.20499700
1.18627799 -0.51654702 0.20499700
1.18464899 -0.52027100 0.20499700
1.18300903 -0.52398998 0.20499700
1.17233896 -0.52367598 0.20343199
1.17960000 -0.53161901 0.20499700
1.16893303 -0.53123599 0.20343199
1.16725802 -0.53490502 0.20343199
1.15660596 -0.53442699 0.20186700
1.16387403 -0.54222900 0.20343199
1.16216505 -0.54588300 0.20343199
1.15151799 -0.54530400 0.20186700
1.14979899 -0.54891902 0.20186700
1.15696895 -0.55681098 0.20343199
1.15521395 -0.56044298 0.20343199
1.14457500 -0.55973101 0.20186700
1.14280999 -0.56332397 0.20186700
1.13218999 -0.56251699 0.20030200
1.13924801 -0.57049298 0.20186700
1.12863302 -0.56961900 0.20030200
1.13564098 -0.57764000 0.20186700
1.13382101 -0.58120501 0.20186700
1.12311304 -0.58042699 0.20030200
1.13004398 -0.58851498 0.20186700
1.11944401 -0.58747202 0.20030200
1.12632406 -0.59560299 0.20186700
1.12444794 -0.59913898 0.20186700
1.11385798 -0.59799600 0.20030200
1.12066102 -0.60619199 0.20186700
1.11007798 -0.60498297 0.20030200
1.10817206 -0.60846800 0.20030200
1.11489797 -0.61672699 0.20186700
1.10432696 -0.61541802 0.20030200
1.10238898 -0.61888498 0.20030200
1.10043895 -0.62234497 0.20030200
1.09847796 -0.62579900 0.20030200
1.09650695 -0.62924701 0.20030200
1.08597398 -0.62774599 0.19873700
1.08388603 -0.63134301 0.19873700
1.09041595 -0.63974297 0.20030200
1.07139504 -0.63311601 0.19717300
1.07788801 -0.64153099 0.19873700
1.07586706 -0.64491397 0.19873700
1.07383597 -0.64828998 0.19873700
1.07179403 -0.65166098 0.19873700
1.07816398 -0.66018200 0.20030200
1.05927098 -0.65319800 0.19717300
1.06560397 -0.66173297 0.19873700
1.05514598 -0.65984100 0.19717300
1.06142604 -0.66841501 0.19873700
1.05086303 -0.66664100 0.19717300
1.04876399 -0.66993898 0.19717300
1.03822994 -0.66806799 0.19560800
1.02795398 -0.66577703 0.19404300
1.02585697 -0.66900301 0.19404300
1.05677402 -0.69390702 0.20030200
1.03811097 -0.68632901 0.19717300
1.67706501 0.03923000 0.20497300
1.65732598 0.03384800 0.20254700
1.68719804 0.02915500 0.20618500
1.66743505 0.02328300 0.20376000
1.66750002 0.01804500 0.20376000
1.66754603 0.01309800 0.20376000
1.65765297 0.00781200 0.20254700
1.65767002 0.00231400 0.20254700
1.64774299 -0.00287600 0.20133400
1.64772701 -0.00776500 0.20133400
1.63776898 -0.01286300 0.20012100
1.63771999 -0.01800800 0.20012100
1.63765502 -0.02315300 0.20012100
1.63757002 -0.02858400 0.20012100
1.63747203 -0.03372800 0.20012100
1.62743402 -0.03863700 0.19890800
1.60746002 -0.04321600 0.19648300
1.60731602 -0.04826600 0.19648300
1.60715699 -0.05331500 0.19648300
1.59706199 -0.05800300 0.19527000
1.59687102 -0.06302000 0.19527000
1.59666598 -0.06803700 0.19527000
1.58652794 -0.07259900 0.19405700
1.57637799 -0.07709800 0.19284400
1.58604002 -0.08256600 0.19405700
1.57586205 -0.08700100 0.19284400
1.56567204 -0.09137300 0.19163100
1.56537700 -0.09629100 0.19163100
1.56506705 -0.10120800 0.19163100
1.56474102 -0.10612500 0.19163100
1.55449903 -0.11033700 0.19041800
1.55414498 -0.11522000 0.19041800
1.55377495 -0.12010200 0.19041800
1.54349601 -0.12418700 0.18920501
1.54309797 -0.12903500 0.18920501
1.54268503 -0.13388200 0.18920501
1.54225695 -0.13872799 0.18920501
1.53192997 -0.14265200 0.18799300
1.53147399 -0.14746401 0.18799300
1.53100300 -0.15227500 0.18799300
1.52064300 -0.15606999 0.18678001
1.51027405 -0.15980200 0.18556701
1.51963198 -0.16562200 0.18678001
1.50924003 -0.16928799 0.18556701
1.50870097 -0.17402899 0.18556701
1.50814700 -0.17876799 0.18556701
1.50757802 -0.18350500 0.18556701
1.49714398 -0.18701001 0.18435401
1.49654901 -0.19171201 0.18435401
1.49593997 -0.19641300 0.18435401
1.49531496 -0.20111200 0.18435401
1.48484302 -0.20445400 0.18314099
1.48419297 -0.20911799 0.18314099
1.47370398 -0.21236400 0.18192799
1.47302997 -0.21699300 0.18192799
1.47230196 -0.22187600 0.18192799
1.46178699 -0.22499099 0.18071499
1.46107304 -0.22958200 0.18071499
1.45054400 -0.23259901 0.17950299
1.45964301 -0.23850299 0.18071499
1.44909596 -0.24145600 0.17950299
1.44828701 -0.24626000 0.17950299
1.44750595 -0.25080800 0.17950299
1.45648599 -0.25707999 0.18071499
1.43613195 -0.25814199 0.17828999
1.43531406 -0.26265299 0.17828999
1.43448198 -0.26716101 0.17828999
1.44338799 -0.27351400 0.17950299
1.42302799 -0.27429000 0.17707700
1.43190002 -0.28066799 0.17828999
1.41154206 -0.28128499 0.17586400
1.41065097 -0.28571799 0.17586400
1.40974700 -0.29014900 0.17586400
1.40882802 -0.29457599 0.17586400
1.40789604 -0.29900101 0.17586400
1.39724600 -0.30133000 0.17465100
1.38659596 -0.30359501 0.17343800
1.40501499 -0.31225601 0.17586400
1.38466096 -0.31230101 0.17343800
1.37399697 -0.31443501 0.17222500
1.38267195 -0.32099500 0.17343800
1.38165700 -0.32533699 0.17343800
1.38062799 -0.32967600 0.17343800
1.36993802 -0.33167601 0.17222500
1.36888897 -0.33597800 0.17222500
1.37739897 -0.34291399 0.17343800
1.35706604 -0.34238300 0.17101300
1.36560094 -0.34910300 0.17222500
1.36449695 -0.35339099 0.17222500
1.34417796 -0.35263801 0.16980000
1.34306300 -0.35686001 0.16980000
1.34193599 -0.36107701 0.16980000
1.35037196 -0.36790001 0.17101300
1.33007205 -0.36686200 0.16858700
1.33847296 -0.37370801 0.16980000
1.32773995 -0.37521201 0.16858700
1.32655501 -0.37938100 0.16858700
1.32535696 -0.38354701 0.16858700
1.32414496 -0.38770899 0.16858700
1.32292104 -0.39186701 0.16858700
1.33119094 -0.39886999 0.16980000
1.32043195 -0.40017101 0.16858700
1.32865906 -0.40722600 0.16980000
1.31789196 -0.40845999 0.16858700
1.32607400 -0.41556600 0.16980000
1.30583704 -0.41373399 0.16737400
1.30453098 -0.41783500 0.16737400
1.29369497 -0.41909900 0.16616100
1.29237199 -0.42316100 0.16616100
1.28161204 -0.42410100 0.16494800
1.29910100 -0.43442100 0.16737400
1.28832603 -0.43532300 0.16616100
1.27755904 -0.43616101 0.16494800
1.28556597 -0.44340900 0.16616100
1.27479303 -0.44417900 0.16494800
1.27339101 -0.44818199 0.16494800
1.28132999 -0.45550501 0.16616100
1.28923500 -0.46288201 0.16737400
1.27844203 -0.46354699 0.16616100
1.27698004 -0.46756101 0.16616100
1.26619399 -0.46812800 0.16494800
1.27401698 -0.47557500 0.16616100
1.26322806 -0.47607499 0.16494800
1.25244904 -0.47651100 0.16373500
1.25094604 -0.48044401 0.16373500
1.24934494 -0.48458901 0.16373500
1.24781704 -0.48851201 0.16373500
1.24627602 -0.49242899 0.16373500
1.23550296 -0.49266601 0.16252300
1.24315798 -0.50024998 0.16373500
1.24158001 -0.50415301 0.16373500
1.23080504 -0.50428802 0.16252300
1.23838794 -0.51194400 0.16373500
1.22761202 -0.51201099 0.16252300
1.23514700 -0.51971501 0.16373500
1.23350799 -0.52359301 0.16373500
1.22273195 -0.52355802 0.16252300
1.22108102 -0.52739698 0.16252300
1.21941805 -0.53123099 0.16252300
1.20865500 -0.53106600 0.16131000
1.22513103 -0.54290301 0.16373500
1.22342002 -0.54675001 0.16373500
1.20350206 -0.54264402 0.16131000
1.21082699 -0.55053002 0.16252300
1.20909202 -0.55433100 0.16252300
1.19833398 -0.55396199 0.16131000
1.20558500 -0.56191701 0.16252300
1.19482994 -0.56147999 0.16131000
1.19306004 -0.56523103 0.16131000
1.18232203 -0.56469899 0.16009700
1.18054199 -0.56840998 0.16009700
1.17875004 -0.57211602 0.16009700
1.18586302 -0.58017898 0.16131000
1.18403494 -0.58390099 0.16131000
1.19108295 -0.59203601 0.16252300
1.17146802 -0.58688301 0.16009700
1.18734002 -0.59950799 0.16252300
1.17660403 -0.59873402 0.16131000
1.16588497 -0.59789801 0.16009700
1.16389596 -0.60176098 0.16009700
1.14439297 -0.59624100 0.15767100
1.14251399 -0.59983402 0.15767100
1.14939797 -0.60806203 0.15888400
1.14748299 -0.61166900 0.15888400
1.15429997 -0.61996800 0.16009700
1.14361703 -0.61886698 0.15888400
1.13295197 -0.61770499 0.15767100
1.13100600 -0.62126201 0.15767100
1.12904799 -0.62481201 0.15767100
1.11840999 -0.62352198 0.15645801
1.12510002 -0.63189298 0.15767100
1.12311006 -0.63542497 0.15767100
1.12973201 -0.64386499 0.15888400
1.11909497 -0.64246899 0.15767100
1.12566400 -0.65095103 0.15888400
1.11492300 -0.64968199 0.15767100
1.11287606 -0.65318203 0.15767100
1.11081898 -0.65667498 0.15767100
1.10874999 -0.66016102 0.15767100
1.10667098 -0.66364098 0.15767100
1.11307704 -0.67224598 0.15888400
1.11096001 -0.67574000 0.15888400
1.10036695 -0.67404199 0.15767100
1.08134794 -0.66707200 0.15524501
1.08767903 -0.67570400 0.15645801
1.07713497 -0.67385298 0.15524501
1.09180999 -0.68781602 0.15767100
1.08114195 -0.68611401 0.15645801
1.07898200 -0.68950701 0.15645801
1.05999601 -0.68233597 0.15403301
1.04963696 -0.68008000 0.15282001
1.03918099 -0.67795098 0.15160701
1.04534304 -0.68666202 0.15282001
1.02662206 -0.67899102 0.15039399
1.05753195 -0.70422000 0.15524501
1.70353305 0.01308200 0.14799900
1.67367899 0.00759500 0.14540200
1.69361997 0.00206900 0.14713299
1.66373003 -0.00319400 0.14453700
1.67367601 -0.00817900 0.14540200
1.66367996 -0.01335700 0.14453700
1.67359102 -0.01869500 0.14540200
1.65360200 -0.02366700 0.14367101
1.65351403 -0.02915100 0.14367101
1.65341401 -0.03434500 0.14367101
1.65329802 -0.03954000 0.14367101
1.63324797 -0.04419400 0.14194000
1.63310099 -0.04932500 0.14194000
1.62298095 -0.05412300 0.14107500
1.63275898 -0.05958500 0.14194000
1.62260902 -0.06432000 0.14107500
1.61244595 -0.06899100 0.14020900
1.62217295 -0.07451400 0.14107500
1.61198103 -0.07912100 0.14020900
1.61172402 -0.08418500 0.14020900
1.60150397 -0.08869700 0.13934401
1.60121799 -0.09372800 0.13934401
1.60091496 -0.09875800 0.13934401
1.59065604 -0.10314200 0.13847800
1.60026300 -0.10881400 0.13934401
1.58997595 -0.11313400 0.13847800
1.58961296 -0.11812900 0.13847800
1.57930100 -0.12235200 0.13761300
1.58883905 -0.12811400 0.13847800
1.56857395 -0.13144100 0.13674700
1.56815302 -0.13636801 0.13674700
1.56771696 -0.14129400 0.13674700
1.55734599 -0.14529300 0.13588201
1.55688202 -0.15018500 0.13588201
1.54648900 -0.15408701 0.13501599
1.55590701 -0.15996400 0.13588201
1.54549003 -0.16380100 0.13501599
1.54496801 -0.16865601 0.13501599
1.54443002 -0.17350900 0.13501599
1.52408397 -0.17607300 0.13328500
1.53341699 -0.18203500 0.13415100
1.52294803 -0.18564600 0.13328500
1.52235699 -0.19042900 0.13328500
1.52175200 -0.19521099 0.13328500
1.52113104 -0.19999100 0.13328500
1.50074804 -0.20210899 0.13155399
1.49023700 -0.20546199 0.13068900
1.49944901 -0.21153399 0.13155399
1.49877703 -0.21624400 0.13155399
1.49809003 -0.22095200 0.13155399
1.47764695 -0.22294600 0.12982300
1.48678601 -0.22910400 0.13068900
1.47621703 -0.23222500 0.12982300
1.47547996 -0.23686200 0.12982300
1.47477102 -0.24123900 0.12982300
1.46417904 -0.24423200 0.12895800
1.47318196 -0.25075701 0.12982300
1.47238696 -0.25538400 0.12982300
1.46176696 -0.25827500 0.12895800
1.45114398 -0.26110199 0.12809201
1.46011603 -0.26745501 0.12895800
1.44947505 -0.27021500 0.12809201
1.44861901 -0.27476701 0.12809201
1.44774795 -0.27931601 0.12809201
1.43708706 -0.28194499 0.12722699
1.43619394 -0.28645900 0.12722699
1.43528700 -0.29096901 0.12722699
1.43436599 -0.29547700 0.12722699
1.42367995 -0.29794100 0.12636100
1.43248105 -0.30448300 0.12722699
1.42177999 -0.30688000 0.12636100
1.42080796 -0.31134501 0.12636100
1.41982305 -0.31580701 0.12636100
1.40910602 -0.31807300 0.12549600
1.40810001 -0.32249799 0.12549600
1.40708005 -0.32692000 0.12549600
1.40604603 -0.33133900 0.12549600
1.40499794 -0.33575401 0.12549600
1.40393603 -0.34016699 0.12549600
1.40286100 -0.34457600 0.12549600
1.39204299 -0.34681699 0.12463000
1.40060604 -0.35362801 0.12549600
1.38983703 -0.35555699 0.12463000
1.37906897 -0.35742199 0.12376500
1.36830401 -0.35922301 0.12289900
1.37679601 -0.36607999 0.12376500
1.37563896 -0.37040299 0.12376500
1.37446904 -0.37472299 0.12376500
1.36368096 -0.37638900 0.12289900
1.36249197 -0.38067099 0.12289900
1.35170305 -0.38223901 0.12203400
1.33133996 -0.38100100 0.12030300
1.34927499 -0.39072400 0.12203400
1.34804106 -0.39496100 0.12203400
1.35634506 -0.40202501 0.12289900
1.34553194 -0.40342301 0.12203400
1.34425795 -0.40764800 0.12203400
1.34297097 -0.41186899 0.12203400
1.34167099 -0.41608599 0.12203400
1.33085096 -0.41731799 0.12116800
1.32003605 -0.41848701 0.12030300
1.32820201 -0.42567199 0.12116800
1.33625996 -0.43314600 0.12203400
1.32542598 -0.43424001 0.12116800
1.31459701 -0.43527099 0.12030300
1.32267106 -0.44255999 0.12116800
1.31183696 -0.44352201 0.12030300
1.31986403 -0.45086101 0.12116800
1.29960704 -0.44850600 0.11943800
1.29819095 -0.45258600 0.11943800
1.30615997 -0.45997101 0.12030300
1.28593600 -0.45739499 0.11857200
1.29386795 -0.46480101 0.11943800
1.28303599 -0.46546599 0.11857200
1.29092205 -0.47292101 0.11943800
1.27074301 -0.47006199 0.11770700
1.28792500 -0.48102301 0.11943800
1.26776397 -0.47803700 0.11770700
1.26625597 -0.48201701 0.11770700
1.25543594 -0.48242000 0.11684100
1.25382900 -0.48658001 0.11684100
1.26157105 -0.49415001 0.11770700
1.25074697 -0.49444899 0.11684100
1.24918795 -0.49837500 0.11684100
1.23837399 -0.49857700 0.11597600
1.23680198 -0.50246501 0.11597600
1.25365305 -0.51390499 0.11770700
1.23362005 -0.51022601 0.11597600
1.24120605 -0.51793498 0.11684100
1.24875402 -0.52569801 0.11770700
1.23792696 -0.52572399 0.11684100
1.24542701 -0.53353298 0.11770700
1.23459899 -0.53349102 0.11684100
1.23291695 -0.53736699 0.11684100
1.22210300 -0.53722900 0.11597600
1.22040904 -0.54106599 0.11597600
1.22779799 -0.54896301 0.11684100
1.21688902 -0.54893500 0.11597600
1.21515906 -0.55275601 0.11597600
1.20436096 -0.55241698 0.11511000
1.20261896 -0.55619800 0.11511000
1.20086598 -0.55997300 0.11511000
1.19910097 -0.56374300 0.11511000
1.20632601 -0.57177401 0.11597600
1.19553494 -0.57126600 0.11511000
1.19373500 -0.57501900 0.11511000
1.18296099 -0.57441503 0.11424500
1.19009805 -0.58250803 0.11511000
1.18826199 -0.58624399 0.11511000
1.17749405 -0.58553803 0.11424500
1.17564905 -0.58923501 0.11424500
1.17379200 -0.59292501 0.11424500
1.17192400 -0.59661001 0.11424500
1.17004299 -0.60028797 0.11424500
1.16804600 -0.60416502 0.11424500
1.15730798 -0.60322702 0.11337900
1.17304695 -0.61612499 0.11511000
1.17991102 -0.62446702 0.11597600
1.17794299 -0.62817103 0.11597600
1.16718805 -0.62715298 0.11511000
1.17397296 -0.63555998 0.11597600
1.17197096 -0.63924497 0.11597600
1.17868805 -0.64772099 0.11684100
1.18536305 -0.65624601 0.11770700
1.18329597 -0.65996701 0.11770700
1.18121600 -0.66368097 0.11770700
1.17912602 -0.66738898 0.11770700
1.17702305 -0.67109001 0.11770700
1.18354797 -0.67974597 0.11857200
1.19002998 -0.68844998 0.11943800
1.17913401 -0.68737501 0.11857200
1.18555999 -0.69612002 0.11943800
1.16621697 -0.68969899 0.11770700
1.18972099 -0.70865399 0.12030300
1.17894602 -0.70726299 0.11943800
1.15113795 -0.69550699 0.11684100
1.15745795 -0.70429897 0.11770700
1.15523899 -0.70793200 0.11770700
1.14453197 -0.70632499 0.11684100
1.11692202 -0.69414198 0.11424500
1.09784603 -0.68707699 0.11251400
1.09568202 -0.69052202 0.11251400
1.08497596 -0.68881202 0.11164800
1.09119999 -0.69758302 0.11251400
1.09725702 -0.70659202 0.11337900
1.07843602 -0.69900697 0.11164800
1.07623398 -0.70239198 0.11164800
1.06569695 -0.70029801 0.11078300
1.05518305 -0.69814599 0.10991700
1.05298400 -0.70145702 0.10991700
1.06732297 -0.71586001 0.11164800
1.71766806 -0.00869400 0.08910600
1.72761905 -0.01417200 0.08962500
1.70759404 -0.01937300 0.08858800
1.70752001 -0.02503500 0.08858800
1.69744802 -0.03022200 0.08807000
1.68736005 -0.03534500 0.08755200
1.68724096 -0.04064600 0.08755200
1.68710494 -0.04594600 0.08755200
1.68695199 -0.05124600 0.08755200
1.66682100 -0.05587700 0.08651600
1.65665698 -0.06074700 0.08599800
1.65645802 -0.06595100 0.08599800
1.65624297 -0.07115500 0.08599800
1.65601099 -0.07635800 0.08599800
1.64578903 -0.08106800 0.08548000
1.64552605 -0.08623800 0.08548000
1.63527596 -0.09085400 0.08496200
1.63498199 -0.09599000 0.08496200
1.64463997 -0.10174300 0.08548000
1.63434696 -0.10626100 0.08496200
1.63400495 -0.11139500 0.08496200
1.62368596 -0.11581800 0.08444400
1.61335504 -0.12017600 0.08392600
1.62292600 -0.12601700 0.08444400
1.60261405 -0.12950601 0.08340800
1.61215103 -0.13537601 0.08392600
1.66146195 -0.14477500 0.08651600
1.69083703 -0.15268800 0.08807000
1.66051900 -0.15521100 0.08651600
1.67990398 -0.16234800 0.08755200
1.65951097 -0.16564099 0.08651600
1.65898299 -0.17085400 0.08651600
1.63857603 -0.17395601 0.08548000
1.64794898 -0.18018900 0.08599800
1.64737499 -0.18536501 0.08599800
1.62694395 -0.18824400 0.08496200
1.63626099 -0.19453301 0.08548000
1.61581600 -0.19725201 0.08444400
1.61518800 -0.20232800 0.08444400
1.62444997 -0.20867300 0.08496200
1.62378597 -0.21377601 0.08496200
1.54393101 -0.20819899 0.08081800
1.54326904 -0.21304800 0.08081800
1.54259205 -0.21789500 0.08081800
1.53201604 -0.22131300 0.08029900
1.54115295 -0.22785200 0.08081800
1.55030406 -0.23418500 0.08133600
1.52982104 -0.23600900 0.08029900
1.51920700 -0.23926000 0.07978100
1.50858796 -0.24244700 0.07926300
1.49800599 -0.24530800 0.07874500
1.50703502 -0.25192100 0.07926300
1.50623596 -0.25665399 0.07926300
1.49558306 -0.25967601 0.07874500
1.48492599 -0.26263401 0.07822700
1.48409295 -0.26729801 0.07822700
1.48324597 -0.27195901 0.07822700
1.49220097 -0.27844900 0.07874500
1.47169697 -0.27941000 0.07770900
1.47081196 -0.28403199 0.07770900
1.47971106 -0.29057601 0.07822700
1.45920503 -0.29131299 0.07719100
1.48764396 -0.30185300 0.07874500
1.53559196 -0.31660900 0.08133600
1.53459001 -0.32143101 0.08133600
1.52380502 -0.32417300 0.08081800
1.53253996 -0.33106700 0.08133600
1.55100203 -0.34015900 0.08237200
1.53042996 -0.34068999 0.08133600
1.51961100 -0.34329501 0.08081800
1.49905598 -0.34360501 0.07978100
1.51742399 -0.35283601 0.08081800
1.51630795 -0.35760200 0.08081800
1.49575198 -0.35771799 0.07978100
1.49461997 -0.36241499 0.07978100
1.48371303 -0.36498401 0.07926300
1.51162899 -0.37689099 0.08081800
1.50075495 -0.37919199 0.08029900
1.47053301 -0.37647399 0.07874500
1.46934295 -0.38109201 0.07874500
1.48745596 -0.39078200 0.07978100
1.41866505 -0.37747800 0.07615500
1.40783000 -0.37933400 0.07563700
1.40663099 -0.38375500 0.07563700
1.40541804 -0.38817301 0.07563700
1.39457405 -0.38989699 0.07511900
1.39334202 -0.39427599 0.07511900
1.38249600 -0.39590201 0.07460100
1.38124597 -0.40024301 0.07460100
1.37998199 -0.40458101 0.07460100
1.36912894 -0.40607500 0.07408300
1.36784697 -0.41037399 0.07408300
1.36655104 -0.41466901 0.07408300
1.35569406 -0.41602999 0.07356500
1.37345600 -0.42620701 0.07460100
1.36258197 -0.42752999 0.07408300
1.35171294 -0.42878899 0.07356500
1.35028398 -0.43326899 0.07356500
1.34891605 -0.43750900 0.07356500
1.34753501 -0.44174400 0.07356500
1.33666098 -0.44283500 0.07304700
1.33526301 -0.44703200 0.07304700
1.32439196 -0.44802400 0.07252900
1.34187698 -0.45864299 0.07356500
1.34043002 -0.46285599 0.07356500
1.38611603 -0.48351100 0.07615500
1.39400899 -0.49118200 0.07667300
1.39245903 -0.49555901 0.07667300
1.38149798 -0.49655300 0.07615500
1.37993097 -0.50089002 0.07615500
1.37835002 -0.50522298 0.07615500
1.37675595 -0.50955099 0.07615500
1.38450396 -0.51736897 0.07667300
1.37352800 -0.51819098 0.07615500
1.36256003 -0.51894897 0.07563700
1.37947404 -0.53063601 0.07667300
1.35918105 -0.52773702 0.07563700
1.34821796 -0.52836102 0.07511900
1.35583794 -0.53626698 0.07563700
1.36342204 -0.54422599 0.07615500
1.36170495 -0.54850698 0.07615500
1.34147203 -0.54526103 0.07511900
1.34899199 -0.55326200 0.07563700
1.33801997 -0.55367899 0.07511900
1.33627403 -0.55787998 0.07511900
1.34371805 -0.56595099 0.07563700
1.27759397 -0.54283297 0.07201000
1.25752401 -0.53897601 0.07097400
1.26499200 -0.54688698 0.07149200
1.25411296 -0.54686600 0.07097400
1.25238895 -0.55080301 0.07097400
1.25065196 -0.55473500 0.07097400
1.24890399 -0.55866200 0.07097400
1.23794198 -0.55869198 0.07045600
1.24527001 -0.56671500 0.07097400
1.24348295 -0.57062399 0.07097400
1.24168396 -0.57452798 0.07097400
1.23082304 -0.57420403 0.07045600
1.23804998 -0.58231801 0.07097400
1.22719097 -0.58192599 0.07045600
1.21634698 -0.58147103 0.06993800
1.22351098 -0.58962500 0.07045600
1.21266901 -0.58910203 0.06993800
1.21081305 -0.59290898 0.06993800
1.20894396 -0.59671003 0.06993800
1.20706403 -0.60050499 0.06993800
1.20517099 -0.60429400 0.06993800
1.20326698 -0.60807699 0.06993800
1.20134997 -0.61185402 0.06993800
1.19043100 -0.61127299 0.06942000
1.19737399 -0.61960000 0.06993800
1.18656695 -0.61874098 0.06942000
1.21113801 -0.63640100 0.07097400
1.25326204 -0.66356802 0.07356500
1.25117099 -0.66750199 0.07356500
1.24027205 -0.66670102 0.07304700
1.23817098 -0.67059398 0.07304700
1.23605800 -0.67448097 0.07304700
1.24268401 -0.68317199 0.07356500
1.23179603 -0.68223399 0.07304700
1.23836696 -0.69096601 0.07356500
1.23619103 -0.69485301 0.07356500
1.23400199 -0.69873297 0.07356500
1.21445096 -0.69271100 0.07252900
1.22958696 -0.70647299 0.07356500
1.21859503 -0.70554298 0.07304700
1.21637201 -0.70936698 0.07304700
1.22274899 -0.71824300 0.07356500
1.21189106 -0.71699601 0.07304700
1.21821201 -0.72591197 0.07356500
1.20736206 -0.72459602 0.07304700
1.20508003 -0.72838598 0.07304700
1.20278597 -0.73216802 0.07304700
1.20047998 -0.73594302 0.07304700
1.18116701 -0.72921902 0.07201000
1.20431304 -0.74874401 0.07356500
1.14270401 -0.71542799 0.06993800
1.13187802 -0.71388602 0.06942000
1.12119997 -0.71208400 0.06890200
1.12724400 -0.72118002 0.06942000
1.11657798 -0.71930999 0.06890200
1.11443901 -0.72261900 0.06890200
1.10380101 -0.72065699 0.06838400
1.10153198 -0.72412097 0.06838400
1.09925103 -0.72757798 0.06838400
1.09695995 -0.73102802 0.06838400
1.10295105 -0.74003500 0.06890200
1.12544703 -0.76026702 0.07045600
1.71936202 -0.03631600 0.02955900
1.73923099 -0.04220200 0.02990300
1.72909498 -0.04739200 0.02973100
1.71894395 -0.05251800 0.02955900
1.71877003 -0.05791800 0.02955900
1.71858001 -0.06331800 0.02955900
1.71837199 -0.06871700 0.02955900
1.71814799 -0.07411500 0.02955900
1.70791900 -0.07905000 0.02938700
1.69767594 -0.08392100 0.02921500
1.69740403 -0.08925400 0.02921500
1.69711494 -0.09458600 0.02921500
1.68682802 -0.09933000 0.02904300
1.68650806 -0.10462900 0.02904300
1.68617105 -0.10992600 0.02904300
1.67584205 -0.11454100 0.02887100
1.67547405 -0.11980600 0.02887100
1.67508900 -0.12506901 0.02887100
1.65475094 -0.12877899 0.02852800
1.66430402 -0.13478400 0.02870000
1.65391004 -0.13917300 0.02852800
1.65346396 -0.14436901 0.02852800
1.65300298 -0.14956200 0.02852800
1.63261402 -0.15289000 0.02818400
1.65202999 -0.15994500 0.02852800
1.68136597 -0.16811900 0.02904300
1.69077599 -0.17442600 0.02921500
1.68027699 -0.17868000 0.02904300
1.66976798 -0.18286900 0.02887100
1.67912102 -0.18923400 0.02904300
1.66858602 -0.19335701 0.02887100
1.66796994 -0.19859800 0.02887100
1.65741396 -0.20262399 0.02870000
1.67660999 -0.21031900 0.02904300
1.65610802 -0.21303400 0.02870000
1.65542996 -0.21823500 0.02870000
1.63491905 -0.22075900 0.02835600
1.62431300 -0.22452500 0.02818400
1.64339995 -0.23242700 0.02852800
1.56349695 -0.22613899 0.02715300
1.58252001 -0.23425101 0.02749700
1.57189000 -0.23772600 0.02732500
1.57113600 -0.24266300 0.02732500
1.56048906 -0.24604100 0.02715300
1.56957996 -0.25253001 0.02732500
1.55895698 -0.25556800 0.02715300
1.55810106 -0.26073700 0.02715300
1.54741800 -0.26394901 0.02698100
1.55643201 -0.27052099 0.02715300
1.54572904 -0.27366701 0.02698100
1.54486203 -0.27852100 0.02698100
1.53414500 -0.28156799 0.02680900
1.53325295 -0.28638700 0.02680900
1.53234506 -0.29120201 0.02680900
1.53142297 -0.29601499 0.02680900
1.53048599 -0.30082399 0.02680900
1.52953303 -0.30563101 0.02680900
1.52856505 -0.31043401 0.02680900
1.50799799 -0.31119400 0.02646600
1.49722695 -0.31387800 0.02629400
1.52557194 -0.32482699 0.02680900
1.53431594 -0.33173099 0.02698100
1.54303300 -0.33869299 0.02715300
1.54196095 -0.34353900 0.02715300
1.53112197 -0.34617701 0.02698100
1.53002703 -0.35098499 0.02698100
1.53865504 -0.35805601 0.02715300
1.52779102 -0.36059099 0.02698100
1.52665102 -0.36538899 0.02698100
1.51577902 -0.36782601 0.02680900
1.51455104 -0.37285000 0.02680900
1.51337194 -0.37760699 0.02680900
1.50248504 -0.37990800 0.02663700
1.51096904 -0.38710800 0.02680900
1.50006795 -0.38934100 0.02663700
1.50850701 -0.39659399 0.02680900
1.49759197 -0.39875799 0.02663700
1.50598598 -0.40606400 0.02680900
1.43718398 -0.39236000 0.02560600
1.43594396 -0.39687300 0.02560600
1.43469000 -0.40138301 0.02560600
1.42380202 -0.40316400 0.02543400
1.43213999 -0.41038901 0.02560600
1.42124104 -0.41210201 0.02543400
1.41034496 -0.41374999 0.02526300
1.40903795 -0.41817901 0.02526300
1.41729403 -0.42547801 0.02543400
1.40638304 -0.42702401 0.02526300
1.39547598 -0.42850500 0.02509100
1.39412296 -0.43288699 0.02509100
1.40229595 -0.44025901 0.02526300
1.40090597 -0.44466299 0.02526300
1.38990402 -0.44624901 0.02509100
1.38849497 -0.45061299 0.02509100
1.38707197 -0.45497301 0.02509100
1.38563597 -0.45932901 0.02509100
1.37470603 -0.46050400 0.02491900
1.37325203 -0.46482000 0.02491900
1.37178504 -0.46913201 0.02491900
1.37030399 -0.47343901 0.02491900
1.35936999 -0.47444701 0.02474700
1.36730301 -0.48203999 0.02491900
1.37520099 -0.48968700 0.02509100
1.40188098 -0.50415599 0.02560600
1.40029097 -0.50855702 0.02560600
1.39868605 -0.51295400 0.02560600
1.39706802 -0.51734501 0.02560600
1.38607001 -0.51823002 0.02543400
1.39379001 -0.52611297 0.02560600
1.39213002 -0.53048903 0.02560600
1.38103199 -0.53151202 0.02543400
1.39799500 -0.54308897 0.02577800
1.36835599 -0.53652799 0.02526300
1.37596095 -0.54450399 0.02543400
1.37424397 -0.54882401 0.02543400
1.36323905 -0.54940099 0.02526300
1.36150599 -0.55368102 0.02526300
1.35976005 -0.55795598 0.02526300
1.35800004 -0.56222498 0.02526300
1.35622704 -0.56648803 0.02526300
1.35444105 -0.57074600 0.02526300
1.35264099 -0.57499802 0.02526300
1.31407106 -0.56348300 0.02457500
1.29394102 -0.55966997 0.02423100
1.29217601 -0.56373203 0.02423100
1.29039896 -0.56778902 0.02423100
1.27946901 -0.56778401 0.02406000
1.29593205 -0.57997000 0.02440300
1.28488898 -0.58015001 0.02423100
1.29216003 -0.58832598 0.02440300
1.28121805 -0.58821100 0.02423100
1.27936399 -0.59223300 0.02423100
1.27749705 -0.59625000 0.02423100
1.27561796 -0.60026002 0.02423100
1.26469195 -0.59997898 0.02406000
1.26280105 -0.60394901 0.02406000
1.26089704 -0.60791302 0.02406000
1.25898099 -0.61187202 0.02406000
1.24807405 -0.61142498 0.02388800
1.25511205 -0.61976999 0.02406000
1.25315905 -0.62370998 0.02406000
1.25119305 -0.62764400 0.02406000
1.24029195 -0.62706000 0.02388800
1.23831606 -0.63095403 0.02388800
1.24511099 -0.63962501 0.02406000
1.23421597 -0.63893700 0.02388800
1.23220301 -0.64281100 0.02388800
1.23902702 -0.65133202 0.02406000
1.21046805 -0.64117998 0.02354400
1.24373102 -0.66381198 0.02423100
1.25044501 -0.67245102 0.02440300
1.27470005 -0.69066602 0.02491900
1.25497198 -0.68508500 0.02457500
1.24405205 -0.68420601 0.02440300
1.25064194 -0.69295698 0.02457500
1.24845898 -0.69688302 0.02457500
1.23754895 -0.69590098 0.02440300
1.24405599 -0.70471299 0.02457500
1.24183595 -0.70861799 0.02457500
1.23960400 -0.71251601 0.02457500
1.23723400 -0.71662301 0.02457500
1.22634006 -0.71546698 0.02440300
1.22408700 -0.71931702 0.02440300
1.22182095 -0.72315902 0.02440300
1.22813106 -0.73211300 0.02457500
1.22582495 -0.73596799 0.02457500
1.21495104 -0.73464203 0.02440300
1.21263695 -0.73845500 0.02440300
1.21883500 -0.74748802 0.02457500
1.21648002 -0.75131398 0.02457500
1.19713295 -0.74457002 0.02423100
1.19478798 -0.74832702 0.02423100
1.15847600 -0.73094398 0.02354400
1.16461301 -0.73994201 0.02371600
1.16215301 -0.74379998 0.02371600
1.14300203 -0.73661399 0.02337200
1.14081097 -0.74000198 0.02337200
1.13848102 -0.74358302 0.02337200
1.14449298 -0.75265002 0.02354400
1.13378596 -0.75072098 0.02337200
1.09814501 -0.73209500 0.02268500
1.10414100 -0.74111301 0.02285700
1.10180795 -0.74457800 0.02285700
1.13252997 -0.77053398 0.02354400
