1.58597898 1.35599101 -0.55817503
1.59023094 1.35100102 -0.55817503
1.57947099 1.33381200 -0.55300701
1.58365297 1.32884300 -0.55300701
1.58782005 1.32386196 -0.55300701
1.57709301 1.30654097 -0.54783899
1.59610701 1.31385803 -0.55300701
1.59274900 1.30272198 -0.55042303
1.61909497 1.31627202 -0.55817503
1.62322199 1.31117904 -0.55817503
1.61226499 1.29398000 -0.55300701
1.63142896 1.30095398 -0.55817503
1.62793601 1.28982306 -0.55559099
1.63197899 1.28470302 -0.55559099
1.64361703 1.28551996 -0.55817503
1.61713505 1.25664103 -0.54783899
1.62085700 1.25183702 -0.54783899
1.62478197 1.24673903 -0.54783899
1.59796000 1.21820104 -0.53750199
1.57867706 1.19567704 -0.52974999
1.58993602 1.19679797 -0.53233403
1.58595204 1.18601096 -0.52974999
1.58191502 1.17526197 -0.52716500
1.57782698 1.16454995 -0.52458102
1.58926797 1.16529906 -0.52716500
1.59292102 1.16030097 -0.52716500
1.58853197 1.14990497 -0.52458102
1.58429301 1.13926899 -0.52199697
1.59572506 1.13990200 -0.52458102
1.59929895 1.13488197 -0.52458102
1.59495997 1.12428701 -0.52199697
1.59848499 1.11926997 -0.52199697
1.59386802 1.10900605 -0.51941299
1.60529196 1.10948503 -0.52199697
1.62489200 1.11508799 -0.52716500
1.62838697 1.10997796 -0.52716500
1.62367594 1.09972405 -0.52458102
1.62712204 1.09461796 -0.52458102
1.63055301 1.08950102 -0.52458102
1.62591898 1.07903099 -0.52199697
1.62911296 1.07420194 -0.52199697
1.62439799 1.06378698 -0.51941299
1.62773204 1.05867803 -0.51941299
1.62293506 1.04831696 -0.51682901
1.63435197 1.04842901 -0.51941299
1.62949002 1.03809905 -0.51682901
1.59991097 1.01259506 -0.50649202
1.59490502 1.00242400 -0.50390798
1.59804702 0.99740797 -0.50390798
1.59296203 0.98729300 -0.50132400
1.58782804 0.97722000 -0.49873999
1.59089005 0.97222799 -0.49873999
1.58551002 0.96249002 -0.49615601
1.58852601 0.95750397 -0.49615601
1.59152699 0.95250797 -0.49615601
1.58620596 0.94256902 -0.49357200
1.58915901 0.93758202 -0.49357200
1.59209704 0.93258500 -0.49357200
1.58666801 0.92272198 -0.49098700
1.58119297 0.91290200 -0.48840299
1.60065603 0.91781700 -0.49357200
1.58674002 0.90322602 -0.48840299
1.59798002 0.90298998 -0.49098700
1.60923505 0.90269101 -0.49357200
1.64582300 0.91642898 -0.50390798
1.64023900 0.90658098 -0.50132400
1.63460898 0.89677799 -0.49873999
1.62893498 0.88701802 -0.49615601
1.64005697 0.88677597 -0.49873999
1.64283502 0.88161802 -0.49873999
1.62001705 0.86282998 -0.49098700
1.61417902 0.85322201 -0.48840299
1.62540698 0.85263401 -0.49098700
1.60237098 0.83414102 -0.48323500
1.59625697 0.82494801 -0.48065099
1.58164799 0.81111300 -0.47548300
1.59279895 0.81052101 -0.47806701
1.59533703 0.80551302 -0.47806701
1.59785998 0.80049700 -0.47806701
1.60901797 0.79977298 -0.48065099
1.62018597 0.79898798 -0.48323500
1.63136601 0.79813898 -0.48581901
1.63386500 0.79300898 -0.48581901
1.61894000 0.77949101 -0.48065099
1.62996197 0.77885002 -0.48323500
1.64112997 0.77786303 -0.48581901
1.63482404 0.76859301 -0.48323500
1.63723099 0.76345301 -0.48323500
1.63948798 0.75859201 -0.48323500
1.64186299 0.75343800 -0.48323500
1.64422202 0.74827600 -0.48323500
1.62895501 0.73515898 -0.47806701
1.64007401 0.73398399 -0.48065099
1.64237201 0.72882801 -0.48065099
1.63568497 0.72005999 -0.47806701
1.61137795 0.70332402 -0.47031400
1.60471404 0.69442201 -0.46772999
1.58913195 0.68175900 -0.46256199
1.60015595 0.68054402 -0.46514601
1.59338403 0.67176098 -0.46256199
1.60440004 0.67047799 -0.46514601
1.59757400 0.66173702 -0.46256199
1.59952998 0.65699297 -0.46256199
1.60158598 0.65196502 -0.46256199
1.60362601 0.64693099 -0.46256199
1.60565102 0.64188999 -0.46256199
1.59867799 0.63328397 -0.45997801
1.59166706 0.62472898 -0.45739400
1.60262597 0.62322700 -0.45997801
1.59556103 0.61471599 -0.45739400
1.59748399 0.60970098 -0.45739400
1.59939206 0.60467899 -0.45739400
1.61022496 0.60332000 -0.45997801
1.60305595 0.59489697 -0.45739400
1.59584999 0.58652598 -0.45480901
1.61583996 0.58811802 -0.45997801
1.62676799 0.58631402 -0.46256199
1.64679801 0.58769399 -0.46772999
1.63952804 0.57929999 -0.46514601
1.64134002 0.57414597 -0.46514601
1.65216398 0.57243598 -0.46772999
1.64481604 0.56410903 -0.46514601
1.63743305 0.55583298 -0.46256199
1.64832795 0.55376399 -0.46514601
1.63172603 0.54248703 -0.45997801
1.64259803 0.54037702 -0.46256199
1.63500905 0.53250903 -0.45997801
1.62747896 0.52440703 -0.45739400
1.63832200 0.52222598 -0.45997801
1.63074195 0.51417100 -0.45739400
1.62312698 0.50616997 -0.45480901
1.63393998 0.50391400 -0.45739400
1.59855497 0.48750699 -0.44705701
1.60007799 0.48248300 -0.44705701
1.59232795 0.47469401 -0.44447300
1.58454597 0.46695799 -0.44188899
1.58592403 0.46225399 -0.44188899
1.57808495 0.45459601 -0.43930501
1.56092298 0.44434699 -0.43413600
1.56231201 0.43944001 -0.43413600
1.58229995 0.43970200 -0.43930501
1.62093604 0.44495901 -0.44964099
1.59247100 1.36106098 -0.48378399
1.57446003 1.33712900 -0.47703299
1.60075605 1.35130799 -0.48378399
1.59006298 1.33374906 -0.47928300
1.58676100 1.32250798 -0.47703299
1.58340299 1.31130302 -0.47478300
1.58751595 1.30632102 -0.47478300
1.59915495 1.30749500 -0.47703299
1.61815000 1.31503499 -0.48153400
1.62227297 1.30994403 -0.48153400
1.62637997 1.30484200 -0.48153400
1.62285304 1.29365206 -0.47928300
1.62690902 1.28854799 -0.47928300
1.60797799 1.26535404 -0.47253299
1.60426903 1.25429404 -0.47028300
1.60050702 1.24327099 -0.46803299
1.58876395 1.22660804 -0.46353200
1.59261000 1.22161102 -0.46353200
1.58869004 1.21069598 -0.46128201
1.60025406 1.21158004 -0.46353200
1.61162698 1.21268499 -0.46578199
1.62323296 1.21344900 -0.46803299
1.63485897 1.21415401 -0.47028300
1.62298405 1.19744205 -0.46578199
1.63459694 1.19809699 -0.46803299
1.62259901 1.18148601 -0.46353200
1.63399196 1.18237805 -0.46578199
1.62978697 1.17155194 -0.46353200
1.63345897 1.16642594 -0.46353200
1.63711596 1.16128802 -0.46353200
1.63279104 1.15052700 -0.46128201
1.62841499 1.13980401 -0.45903200
1.59179401 1.10715103 -0.44778100
1.59526503 1.10214400 -0.44778100
1.59891105 1.09684801 -0.44778100
1.59429705 1.08633304 -0.44553101
1.58944499 1.07613504 -0.44328099
1.59281695 1.07113695 -0.44328099
1.59617496 1.06612694 -0.44328099
1.59139705 1.05572104 -0.44103101
1.59452200 1.05099499 -0.44103101
1.58966398 1.04064405 -0.43878099
1.59292495 1.03564501 -0.43878099
1.59617102 1.03063500 -0.43878099
1.59940195 1.02561498 -0.43878099
1.60261595 1.02058494 -0.43878099
1.59740198 1.01061702 -0.43652999
1.60056901 1.00559402 -0.43652999
1.61198699 1.00571799 -0.43878099
1.61513901 1.00064802 -0.43878099
1.63487196 1.00577998 -0.44328099
1.62970901 0.99555999 -0.44103101
1.62432599 0.98566598 -0.43878099
1.62741494 0.98055798 -0.43878099
1.63048697 0.97544003 -0.43878099
1.63354397 0.97031301 -0.43878099
1.63658404 0.96517599 -0.43878099
1.63119900 0.95510697 -0.43652999
1.63419199 0.94997698 -0.43652999
1.63716900 0.94483799 -0.43652999
1.63996506 0.93997699 -0.43652999
1.62597203 0.92518300 -0.43202999
1.57796800 0.89131898 -0.41852900
1.59775901 0.89588702 -0.42302901
1.60056496 0.89086300 -0.42302901
1.58629894 0.87640703 -0.41852900
1.58904397 0.87141901 -0.41852900
1.59177399 0.86642200 -0.41852900
1.59433806 0.86169600 -0.41852900
1.59703803 0.85668200 -0.41852900
1.59112000 0.84708202 -0.41627899
1.59377301 0.84208000 -0.41627899
1.60503995 0.84159303 -0.41852900
1.59903300 0.83204901 -0.41627899
1.60149503 0.82730001 -0.41627899
1.60408497 0.82226598 -0.41627899
1.60666096 0.81722200 -0.41627899
1.60052204 0.80778003 -0.41402900
1.60305202 0.80274802 -0.41402900
1.59684002 0.79337299 -0.41177899
1.60806406 0.79266101 -0.41402900
1.62805200 0.79616600 -0.41852900
1.63054502 0.79104698 -0.41852900
1.64180195 0.79014599 -0.42077899
1.62655497 0.77687299 -0.41627899
1.62898695 0.77175897 -0.41627899
1.63140404 0.76663703 -0.41627899
1.63380504 0.76150799 -0.41627899
1.63605702 0.75665700 -0.41627899
1.63842499 0.75151402 -0.41627899
1.64077795 0.74636298 -0.41627899
1.63423300 0.73719800 -0.41402900
1.63654101 0.73206002 -0.41402900
1.63883305 0.72691500 -0.41402900
1.64098299 0.72205001 -0.41402900
1.62538099 0.70909899 -0.40952900
1.58288705 0.68464798 -0.39827800
1.60293996 0.68735200 -0.40277800
1.59612501 0.67850101 -0.40052801
1.59824800 0.67348403 -0.40052801
1.60035598 0.66846001 -0.40052801
1.59344602 0.65970099 -0.39827800
1.60441005 0.65867001 -0.40052801
1.60647094 0.65362698 -0.40052801
1.59948003 0.64493299 -0.39827800
1.61054599 0.64352101 -0.40052801
1.60350001 0.63487101 -0.39827800
1.59641695 0.62627101 -0.39602801
1.59837604 0.62125301 -0.39602801
1.60031998 0.61622900 -0.39602801
1.59314406 0.60772598 -0.39377701
1.60415995 0.60616201 -0.39602801
1.59682703 0.59798199 -0.39377701
1.59869802 0.59296298 -0.39377701
1.60969901 0.59129697 -0.39602801
1.61154795 0.58623701 -0.39602801
1.62254906 0.58447301 -0.39827800
1.63355505 0.58264601 -0.40052801
1.63537705 0.57751203 -0.40052801
1.62798500 0.56915599 -0.39827800
1.62046003 0.56113499 -0.39602801
1.63143206 0.55919999 -0.39827800
1.64240801 0.55720198 -0.40052801
1.64415002 0.55204099 -0.40052801
1.65512300 0.54994398 -0.40277800
1.63832998 0.53865498 -0.39827800
1.66771603 0.54283899 -0.40502799
1.64159000 0.52863801 -0.39827800
1.64324200 0.52347797 -0.39827800
1.63558602 0.51538402 -0.39602801
1.61859298 0.50444502 -0.39152700
1.63879204 0.50509697 -0.39602801
1.58444905 0.48290300 -0.38252699
1.59528697 0.48073500 -0.38477701
1.60612798 0.47850201 -0.38702700
1.58893001 0.46794799 -0.38252699
1.59966600 0.46595699 -0.38477701
1.60112202 0.46092901 -0.38477701
1.57444704 0.44789901 -0.37802601
1.56646597 0.44031399 -0.37577599
1.58661795 0.44060400 -0.38027599
1.60678697 0.44077301 -0.38477701
1.57120395 1.33389199 -0.40255201
1.61265802 1.36087298 -0.41213599
1.60188401 1.34318900 -0.40830201
1.61363697 1.34443104 -0.41021901
1.59517205 1.32058001 -0.40446901
1.61447299 1.32803094 -0.40830201
1.62623596 1.32916403 -0.41021901
1.63017201 1.32433295 -0.41021901
1.62668800 1.31304002 -0.40830201
1.63080502 1.30792403 -0.40830201
1.62723005 1.29667699 -0.40638500
1.62360096 1.28546703 -0.40446901
1.61991704 1.27429199 -0.40255201
1.61617994 1.26315200 -0.40063500
1.62013996 1.25806904 -0.40063500
1.61609602 1.24725902 -0.39871800
1.62000704 1.24217606 -0.39871800
1.60828602 1.22518599 -0.39488399
1.61212802 1.22012699 -0.39488399
1.61168897 1.20438099 -0.39296699
1.62334502 1.20516300 -0.39488399
1.63502204 1.20588303 -0.39680099
1.63088500 1.19493902 -0.39488399
1.62669599 1.18403399 -0.39296699
1.63020205 1.17920196 -0.39296699
1.64186895 1.17980194 -0.39488399
1.63757896 1.16893601 -0.39296699
1.62523103 1.15243196 -0.38913301
1.61279595 1.13601696 -0.38529900
1.62439895 1.13657105 -0.38721600
1.61164701 1.12054205 -0.38338199
1.57477999 1.08758605 -0.37379801
1.62694395 1.11565995 -0.38529900
1.62232900 1.10501897 -0.38338199
1.61747301 1.09469903 -0.38146600
1.62090302 1.08961296 -0.38146600
1.61615598 1.07906497 -0.37954900
1.61953795 1.07398200 -0.37954900
1.61452198 1.06377304 -0.37763199
1.61785603 1.05869603 -0.37763199
1.60471499 1.04291201 -0.37379801
1.60798395 1.03786504 -0.37379801
1.61123705 1.03280699 -0.37379801
1.61447299 1.02774096 -0.37379801
1.60922003 1.01769996 -0.37188101
1.61240900 1.01264000 -0.37188101
1.61558294 1.00756896 -0.37188101
1.61874104 1.00248802 -0.37188101
1.62188196 0.99739802 -0.37188101
1.61663103 0.98718297 -0.36996400
1.62794399 0.98747301 -0.37188101
1.62263095 0.97728902 -0.36996400
1.62569404 0.97218603 -0.36996400
1.62030101 0.96206403 -0.36804700
1.62331498 0.95696902 -0.36804700
1.61784303 0.94690698 -0.36612999
1.62081003 0.94182003 -0.36612999
1.62376106 0.93672299 -0.36612999
1.62653303 0.93190098 -0.36612999
1.62945199 0.92678702 -0.36612999
1.61526299 0.91201198 -0.36229599
1.62668204 0.91173202 -0.36421299
1.62096202 0.90184498 -0.36229599
1.64096999 0.90623802 -0.36612999
1.60938299 0.88220698 -0.35846299
1.62076795 0.88183701 -0.36037999
1.63201201 0.88169003 -0.36229599
1.60882604 0.86264402 -0.35654601
1.63751996 0.87141800 -0.36229599
1.64024901 0.86627001 -0.36229599
1.61688399 0.84744298 -0.35654601
1.63695300 0.85141802 -0.36037999
1.61330998 0.83304799 -0.35462901
1.61591899 0.82797599 -0.35462901
1.60101497 0.81399900 -0.35079500
1.59480202 0.80454397 -0.34887800
1.62365103 0.81270897 -0.35462901
1.61740601 0.80323899 -0.35271201
1.64633298 0.81116802 -0.35846299
1.63123798 0.79737097 -0.35462901
1.63373494 0.79224199 -0.35462901
1.64505994 0.79136002 -0.35654601
1.63854396 0.78224802 -0.35462901
1.64099300 0.77709699 -0.35462901
1.64342701 0.77193701 -0.35462901
1.64584398 0.76677001 -0.35462901
1.63920295 0.75776500 -0.35271201
1.63265395 0.74852198 -0.35079500
1.63499701 0.74338901 -0.35079500
1.63732505 0.73824900 -0.35079500
1.63963604 0.73310101 -0.35079500
1.63295901 0.72396803 -0.34887800
1.63509905 0.71912098 -0.34887800
1.61036098 0.70221198 -0.34312701
1.62156796 0.70104301 -0.34504399
1.61474204 0.69207901 -0.34312701
1.59884202 0.67932701 -0.33929399
1.61905801 0.68191999 -0.34312701
1.63024902 0.68061203 -0.34504399
1.61424196 0.66798103 -0.34121001
1.61621702 0.66318798 -0.34121001
1.60920095 0.65441000 -0.33929399
1.61124897 0.64935201 -0.33929399
1.62239504 0.64792699 -0.34121001
1.61529696 0.63921499 -0.33929399
1.61729705 0.63413697 -0.33929399
1.62843001 0.63260698 -0.34121001
1.60292995 0.61691302 -0.33546001
1.63237202 0.62236297 -0.34121001
1.60677505 0.60682899 -0.33546001
1.60856795 0.60205901 -0.33546001
1.61965406 0.60041398 -0.33737701
1.58467901 0.58179301 -0.32970899
1.64184296 0.59693199 -0.34121001
1.65294397 0.59509599 -0.34312701
1.64556098 0.58660501 -0.34121001
1.63813996 0.57816702 -0.33929399
1.64921403 0.57625401 -0.34121001
1.64164197 0.56814802 -0.33929399
1.63413405 0.55980802 -0.33737701
1.64517903 0.55782300 -0.33929399
1.62831402 0.54640698 -0.33546001
1.63933694 0.54438198 -0.33737701
1.64103901 0.53922802 -0.33737701
1.64263201 0.53435701 -0.33737701
1.63496006 0.52618802 -0.33546001
1.64595699 0.52402598 -0.33737701
1.64759505 0.51885301 -0.33737701
1.64921701 0.51367301 -0.33737701
1.63206303 0.50271201 -0.33354300
1.61485696 0.49186301 -0.32970899
1.61639404 0.48678800 -0.32970899
1.60850894 0.47890601 -0.32779199
1.61000597 0.47385001 -0.32779199
1.61140394 0.46907100 -0.32779199
1.60343802 0.46129301 -0.32587501
1.60487902 0.45625401 -0.32587501
1.57795799 0.44324699 -0.32012400
1.59825695 0.44353601 -0.32395801
1.61857402 0.44370201 -0.32779199
1.64838004 0.44631100 -0.33354300
1.62208498 1.38539100 -0.33930999
1.58125103 1.34194696 -0.32988399
1.61541998 1.36272097 -0.33616799
1.61212397 1.35129595 -0.33459699
1.60118496 1.33358300 -0.33145499
1.60536599 1.32854700 -0.33145499
1.62478900 1.33604097 -0.33459699
1.60603404 1.31218505 -0.32988399
1.65591800 1.34476900 -0.33930999
1.66782105 1.34576094 -0.34088001
1.65663004 1.32816100 -0.33773899
1.62989604 1.29833603 -0.33145499
1.63396597 1.29320896 -0.33145499
1.66907299 1.31248903 -0.33773899
1.66540599 1.30115795 -0.33616799
1.66168404 1.28986394 -0.33459699
1.67332399 1.29095995 -0.33616799
1.66169500 1.27368104 -0.33302599
1.67354500 1.27443802 -0.33459699
1.60665905 1.21554697 -0.32045901
1.62604499 1.22264504 -0.32360101
1.61405396 1.20571005 -0.32045901
1.61783397 1.20063305 -0.32045901
1.61364806 1.18968499 -0.31888801
1.60941100 1.17877305 -0.31731701
1.62109196 1.17952204 -0.31888801
1.62458396 1.17470706 -0.31888801
1.61222506 1.15807402 -0.31574601
1.62389398 1.15874004 -0.31731701
1.62752604 1.15363204 -0.31731701
1.62306702 1.14282799 -0.31574601
1.61855698 1.13206303 -0.31417599
1.62190795 1.12725699 -0.31417599
1.62544203 1.12215495 -0.31417599
1.65359199 1.13350999 -0.31888801
1.67347097 1.13942599 -0.32203001
1.67684400 1.13445604 -0.32203001
1.68859696 1.13469100 -0.32360101
1.66751099 1.11293304 -0.31888801
1.64630401 1.09131801 -0.31417599
1.66603005 1.09729302 -0.31731701
1.67773402 1.09746099 -0.31888801
1.66461003 1.08142400 -0.31574601
1.66799903 1.07618904 -0.31574601
1.66305697 1.06561506 -0.31417599
1.67472804 1.06568694 -0.31574601
1.66953504 1.05543697 -0.31417599
1.61429298 1.01342905 -0.30317900
1.62584996 1.01357806 -0.30475000
1.62062895 1.00326598 -0.30317900
1.62377298 0.99817002 -0.30317900
1.61004102 0.98277402 -0.30003801
1.62139499 0.98311198 -0.30160901
1.62447596 0.97801399 -0.30160901
1.62753999 0.97290498 -0.30160901
1.62209594 0.96274698 -0.30003801
1.62511206 0.95764703 -0.30003801
1.61958897 0.94754899 -0.29846701
1.63109696 0.94741702 -0.30003801
1.61695504 0.93242103 -0.29689601
1.62828505 0.93252701 -0.29846701
1.61403501 0.91764498 -0.29532501
1.61691105 0.91257000 -0.29532501
1.63700104 0.91714001 -0.29846701
1.63987398 0.91199201 -0.29846701
1.68596101 0.93070000 -0.30632100
1.68887603 0.92539901 -0.30632100
1.67442405 0.91065198 -0.30317900
1.67711794 0.90568000 -0.30317900
1.67995596 0.90040600 -0.30317900
1.68277597 0.89512402 -0.30317900
1.68557894 0.88983399 -0.30317900
1.65337503 0.86620098 -0.29689601
1.67361200 0.87011403 -0.30003801
1.67618704 0.86514401 -0.30003801
1.67889595 0.85987502 -0.30003801
1.67278504 0.85012197 -0.29846701
1.66663003 0.84041500 -0.29689601
1.60743701 0.80424303 -0.28590000
1.63649297 0.81236303 -0.29061201
1.63903701 0.80721802 -0.29061201
1.62381899 0.79339302 -0.28747100
1.63519001 0.79259503 -0.28904101
1.64657295 0.79173398 -0.29061201
1.63108802 0.77833903 -0.28747100
1.61567295 0.76476097 -0.28432900
1.63594699 0.76807499 -0.28747100
1.63835204 0.76293099 -0.28747100
1.63164306 0.75392503 -0.28590000
1.62502503 0.74468100 -0.28432900
1.61836600 0.73548698 -0.28275800
1.62066805 0.73039800 -0.28275800
1.62295496 0.72530299 -0.28275800
1.61619699 0.71619999 -0.28118700
1.61831403 0.71140099 -0.28118700
1.62054098 0.70631403 -0.28118700
1.63181806 0.70513701 -0.28275800
1.63402498 0.70000601 -0.28275800
1.67257702 0.71031100 -0.28904101
1.66569805 0.70122200 -0.28747100
1.67700601 0.69978899 -0.28904101
1.67919695 0.69451600 -0.28904101
1.65383899 0.67828798 -0.28432900
1.65596104 0.67308903 -0.28432900
1.63974595 0.66050398 -0.28118700
1.63264096 0.65168899 -0.27961600
1.64386404 0.65018803 -0.28118700
1.63670397 0.64141703 -0.27961600
1.63871098 0.63627201 -0.27961600
1.63148403 0.62757498 -0.27804500
1.63344800 0.62244600 -0.27804500
1.62615502 0.61382401 -0.27647400
1.61872005 0.60553598 -0.27490401
1.63913500 0.60731101 -0.27804500
1.64103496 0.60215801 -0.27804500
1.65220106 0.60037202 -0.27961600
1.64478600 0.59183502 -0.27804500
1.65594101 0.58997899 -0.27961600
1.63915896 0.57820398 -0.27647400
1.64096701 0.57305199 -0.27647400
1.67066002 0.57786500 -0.28118700
1.67246699 0.57261401 -0.28118700
1.67425799 0.56735700 -0.28118700
1.67603195 0.56209499 -0.28118700
1.67779005 0.55682600 -0.28118700
1.65138197 0.54230797 -0.27647400
1.67176795 0.54351300 -0.27961600
1.68286896 0.54128200 -0.28118700
1.68456101 0.53599298 -0.28118700
1.68623698 0.53069800 -0.28118700
1.67846596 0.52246201 -0.27961600
1.67066002 0.51428097 -0.27804500
1.62502801 0.49465099 -0.27019101
1.62657404 0.48954400 -0.27019101
1.61863899 0.48161399 -0.26862001
1.62961805 0.47931299 -0.27019101
1.61206806 0.46895900 -0.26704901
1.61353302 0.46389300 -0.26704901
1.62448204 0.46152100 -0.26862001
1.59739900 0.44840699 -0.26390699
1.61783302 0.44866401 -0.26704901
1.67638397 0.45923600 -0.27647400
1.58936501 1.34835601 -0.25662401
1.57818305 1.33083797 -0.25418001
1.59757102 1.33862197 -0.25662401
1.58651400 1.32089603 -0.25418001
1.59830296 1.32223201 -0.25540200
1.60245001 1.31720304 -0.25540200
1.59120595 1.29960597 -0.25295800
1.60275996 1.30113494 -0.25418001
1.59911501 1.28986204 -0.25295800
1.60315895 1.28483200 -0.25295800
1.60718799 1.27978897 -0.25295800
1.61119998 1.27473402 -0.25295800
1.60739398 1.26353204 -0.25173599
1.60353398 1.25236702 -0.25051400
1.60746002 1.24732304 -0.25051400
1.60329497 1.23648703 -0.24929200
1.60717106 1.23144400 -0.24929200
1.59523702 1.21436596 -0.24684800
1.59112895 1.20336103 -0.24562600
1.59469199 1.19863498 -0.24562600
1.61435497 1.20549500 -0.24807000
1.64204705 1.21815801 -0.25173599
1.65385497 1.21888196 -0.25295800
1.64966905 1.20781696 -0.25173599
1.64542794 1.19679105 -0.25051400
1.64897299 1.19190300 -0.25051400
1.65270805 1.18671799 -0.25051400
1.64026797 1.16999197 -0.24807000
1.65203404 1.17057097 -0.24929200
1.64758694 1.15966296 -0.24807000
1.65122199 1.15448105 -0.24807000
1.63833797 1.13825202 -0.24562600
1.57655704 1.08800006 -0.23585001
1.61290598 1.10520601 -0.24073800
1.60816503 1.09455001 -0.23951600
1.61962605 1.09533405 -0.24073800
1.61482096 1.08470500 -0.23951600
1.60996401 1.07411897 -0.23829401
1.61333096 1.06905496 -0.23829401
1.60820603 1.05880594 -0.23707201
1.61152399 1.05374897 -0.23707201
1.61482704 1.04868102 -0.23707201
1.61811304 1.04360294 -0.23707201
1.62138402 1.03851402 -0.23707201
1.60789001 1.02276099 -0.23462801
1.59413695 1.00738204 -0.23218399
1.58888698 0.99709302 -0.23096199
1.59201097 0.99209702 -0.23096199
1.59512103 0.98708999 -0.23096199
1.64049399 1.00805497 -0.23707201
1.64365304 1.00289702 -0.23707201
1.64662194 0.99801499 -0.23707201
1.63274097 0.98260200 -0.23462801
1.63582003 0.97746700 -0.23462801
1.63888299 0.97232401 -0.23462801
1.65903199 0.97724497 -0.23707201
1.64496005 0.96200699 -0.23462801
1.64797401 0.95683497 -0.23462801
1.64237297 0.94669598 -0.23340601
1.64517403 0.94181901 -0.23340601
1.63949597 0.93174201 -0.23218399
1.64241505 0.92658699 -0.23218399
1.58470094 0.88747501 -0.22363000
1.62218106 0.90178102 -0.22851799
1.60762596 0.88709098 -0.22607400
1.61910903 0.88680398 -0.22729599
1.61316800 0.87697202 -0.22607400
1.61576200 0.87218201 -0.22607400
1.60974598 0.86241400 -0.22485200
1.61244702 0.85735399 -0.22485200
1.60635495 0.84765202 -0.22363000
1.61780298 0.84720498 -0.22485200
1.62045598 0.84211898 -0.22485200
1.61412704 0.83275598 -0.22363000
1.60790002 0.82315898 -0.22240800
1.61047900 0.81810302 -0.22240800
1.61304104 0.81303900 -0.22240800
1.59783399 0.79908901 -0.21996300
1.60033596 0.79406601 -0.21996300
1.60282302 0.78903502 -0.21996300
1.63204896 0.79706198 -0.22363000
1.63454497 0.79193002 -0.22363000
1.64596999 0.79109102 -0.22485200
1.64830995 0.78620398 -0.22485200
1.64180005 0.77677703 -0.22363000
1.65321696 0.77583200 -0.22485200
1.65564704 0.77063298 -0.22485200
1.64891505 0.76155698 -0.22363000
1.65129900 0.75637299 -0.22363000
1.65366697 0.75118202 -0.22363000
1.65601897 0.74598199 -0.22363000
1.67647898 0.74887198 -0.22607400
1.64252400 0.72752398 -0.22118600
1.64467597 0.72264701 -0.22118600
1.64693797 0.71747702 -0.22118600
1.58540297 0.68475199 -0.21263100
1.60579395 0.68757999 -0.21507500
1.61708200 0.68641102 -0.21629700
1.61923099 0.68132699 -0.21629700
1.60304296 0.66859502 -0.21385300
1.60513496 0.66355598 -0.21385300
1.60709703 0.65878999 -0.21385300
1.59996402 0.65000302 -0.21263100
1.59279096 0.64126700 -0.21140900
1.60401595 0.63993698 -0.21263100
1.59678900 0.63124597 -0.21140900
1.59876394 0.62622601 -0.21140900
1.60072303 0.62120098 -0.21140900
1.59340298 0.61260802 -0.21018700
1.59531999 0.60759801 -0.21018700
1.59722102 0.60258400 -0.21018700
1.60829794 0.60131800 -0.21140900
1.60087204 0.59281600 -0.21018700
1.58408999 0.58094901 -0.20774300
1.58590698 0.57596898 -0.20774300
1.61572695 0.58106101 -0.21140900
1.64559495 0.58596897 -0.21507500
1.64742696 0.58079797 -0.21507500
1.65861499 0.57888901 -0.21629700
1.66032505 0.57396501 -0.21629700
1.66211998 0.56874698 -0.21629700
1.68269897 0.56989002 -0.21874100
1.66566002 0.55829298 -0.21629700
1.65798604 0.54993200 -0.21507500
1.65027499 0.54162502 -0.21385300
1.65187502 0.53672701 -0.21385300
1.67245102 0.53760999 -0.21629700
1.63629794 0.52032202 -0.21140900
1.65685999 0.52113497 -0.21385300
1.63953495 0.51002997 -0.21140900
1.65061605 0.50779599 -0.21263100
1.64270699 0.49971899 -0.21140900
1.63476396 0.49169800 -0.21018700
1.60776103 0.47807300 -0.20652100
1.59973300 0.47022000 -0.20529900
1.61065102 0.46824199 -0.20652100
1.59303606 0.45769900 -0.20407701
1.58491802 0.44998100 -0.20285501
1.57676804 0.44231901 -0.20163301
1.58771503 0.44001299 -0.20285501
1.59866202 0.43764400 -0.20407701
1.65751505 0.44816300 -0.21140900
1.59537697 1.35297799 -0.18499500
1.59176803 1.34181798 -0.18411399
1.60361195 1.34320700 -0.18499500
1.60016799 1.33178997 -0.18411399
1.60434306 1.32675695 -0.18411399
1.60850406 1.32170999 -0.18411399
1.60493195 1.31035101 -0.18323299
1.61654699 1.31185997 -0.18411399
1.60515201 1.29427004 -0.18235201
1.61698401 1.29544902 -0.18323299
1.60545897 1.27795506 -0.18147101
1.60946596 1.27290499 -0.18147101
1.60562396 1.26168799 -0.18059000
1.60958099 1.25663698 -0.18059000
1.60564899 1.24547005 -0.17970900
1.60933805 1.24070001 -0.17970900
1.60531998 1.22958100 -0.17882800
1.60917401 1.22453201 -0.17882800
1.60506797 1.21346295 -0.17794800
1.60866106 1.20869505 -0.17794800
1.65622902 1.22823095 -0.18235201
1.66809905 1.22893095 -0.18323299
1.65587604 1.21191704 -0.18147101
1.67578804 1.21842504 -0.18323299
1.66324794 1.20177901 -0.18147101
1.67510700 1.20235705 -0.18235201
1.66265500 1.18552303 -0.18059000
1.66637194 1.18029296 -0.18059000
1.66192496 1.16932094 -0.17970900
1.66559005 1.16409302 -0.17970900
1.66085505 1.15346503 -0.17882800
1.64807200 1.13692904 -0.17706700
1.60252500 1.09768200 -0.17178100
1.60596502 1.09264195 -0.17178100
1.60920000 1.08787298 -0.17178100
1.61260998 1.08281195 -0.17178100
1.60771596 1.07221401 -0.17090000
1.61107695 1.06715703 -0.17090000
1.61423600 1.06237197 -0.17090000
1.61756504 1.05729604 -0.17090000
1.61252403 1.04678500 -0.17001900
1.62417698 1.04711199 -0.17090000
1.61068106 1.03126097 -0.16913800
1.61391199 1.02619696 -0.16913800
1.60852802 1.01608396 -0.16825700
1.60327399 1.00573206 -0.16737600
1.61488104 1.00595701 -0.16825700
1.61803305 1.00087798 -0.16825700
1.66360795 1.02185798 -0.17266200
1.64980197 1.00625396 -0.17090000
1.65278101 1.00135398 -0.17090000
1.66445398 1.00129104 -0.17178100
1.65903997 0.99094898 -0.17090000
1.67071199 0.99081302 -0.17178100
1.65664899 0.97545201 -0.17001900
1.64250696 0.96018797 -0.16825700
1.64551497 0.95502299 -0.16825700
1.63124597 0.93990302 -0.16649500
1.64267302 0.94000602 -0.16737600
1.62829494 0.92500103 -0.16561501
1.63119304 0.91987997 -0.16561501
1.61669099 0.90502000 -0.16385300
1.61952698 0.89993602 -0.16385300
1.61362302 0.89003301 -0.16297200
1.59893703 0.87539297 -0.16121000
1.60167897 0.87036502 -0.16121000
1.60425401 0.86560899 -0.16121000
1.60696602 0.86056399 -0.16121000
1.60966098 0.85551298 -0.16121000
1.61234105 0.85045099 -0.16121000
1.61500502 0.84538102 -0.16121000
1.61765301 0.84030300 -0.16121000
1.61128604 0.83093399 -0.16032900
1.62275600 0.83040702 -0.16121000
1.62535703 0.82530397 -0.16121000
1.62794197 0.82019299 -0.16121000
1.63942003 0.81952900 -0.16209100
1.62413895 0.80552298 -0.16032900
1.60878599 0.79162103 -0.15856700
1.61126494 0.78656298 -0.15856700
1.61372805 0.78149700 -0.15856700
1.60719705 0.77210999 -0.15768600
1.60048902 0.76305199 -0.15680499
1.61188304 0.76227802 -0.15768600
1.60525203 0.75297999 -0.15680499
1.61664104 0.75213498 -0.15768600
1.60982096 0.74316001 -0.15680499
1.60309100 0.73395300 -0.15592401
1.61445904 0.73303002 -0.15680499
1.60767102 0.72386599 -0.15592401
1.60993695 0.71881098 -0.15592401
1.60307896 0.70971698 -0.15504301
1.60517800 0.70495802 -0.15504301
1.60738504 0.69991100 -0.15504301
1.60957503 0.69485903 -0.15504301
1.60259295 0.68587899 -0.15416200
1.64141905 0.69640303 -0.15768600
1.68032706 0.70669001 -0.16121000
1.68253899 0.70140702 -0.16121000
1.68473494 0.69611800 -0.16121000
1.67757499 0.68733901 -0.16032900
1.67049694 0.67831802 -0.15944800
1.69110203 0.68050498 -0.16121000
1.68397903 0.67149800 -0.16032900
1.68607998 0.66620499 -0.16032900
1.67888904 0.65727299 -0.15944800
1.67165899 0.64839298 -0.15856700
1.67368698 0.64313900 -0.15856700
1.66638994 0.63433301 -0.15768600
1.66837502 0.62909597 -0.15768600
1.67956495 0.62762898 -0.15856700
1.66284394 0.61543500 -0.15680499
1.65541697 0.60677999 -0.15592401
1.62922502 0.59138000 -0.15328200
1.61232698 0.57951999 -0.15152000
1.61414003 0.57445103 -0.15152000
1.61593604 0.56937897 -0.15152000
1.61771703 0.56429899 -0.15152000
1.61938405 0.55949599 -0.15152000
1.62113404 0.55440599 -0.15152000
1.61343205 0.54611701 -0.15063900
1.61513996 0.54104602 -0.15063900
1.62628698 0.53910297 -0.15152000
1.60904300 0.52778202 -0.14975800
1.61060202 0.52300501 -0.14975800
1.61223698 0.51794302 -0.14975800
1.61385596 0.51287597 -0.14975800
1.61545897 0.50780302 -0.14975800
1.60753500 0.49976799 -0.14887699
1.60909700 0.49471501 -0.14887699
1.60111201 0.48676100 -0.14799599
1.61217296 0.48459601 -0.14887699
1.61368799 0.47952801 -0.14887699
1.61518598 0.47445601 -0.14887699
1.60702097 0.46688300 -0.14799599
1.59890604 0.45908299 -0.14711501
1.60034001 0.45405799 -0.14711501
1.60175896 0.44902799 -0.14711501
1.58396196 0.43867600 -0.14535300
1.62376499 0.44421199 -0.14887699
1.66361701 0.44950199 -0.15240100
1.62656295 1.37066400 -0.11167200
1.60023499 1.33990395 -0.10957500
1.60443699 1.33486903 -0.10957500
1.60092497 1.32345998 -0.10905100
1.60507500 1.31842303 -0.10905100
1.60920894 1.31337500 -0.10905100
1.58983302 1.28972101 -0.10747800
1.63275194 1.31605399 -0.11009900
1.66026199 1.32964599 -0.11167200
1.66443205 1.32442296 -0.11167200
1.66075003 1.31299400 -0.11114800
1.65701401 1.30160201 -0.11062400
1.66896701 1.30253303 -0.11114800
1.66515899 1.29116499 -0.11062400
1.66107297 1.28012204 -0.11009900
1.65715802 1.26882696 -0.10957500
1.66113496 1.26361501 -0.10957500
1.66509700 1.25838900 -0.10957500
1.61293006 1.21146202 -0.10590500
1.61672795 1.20638895 -0.10590500
1.62853205 1.20725095 -0.10643000
1.62427604 1.19620800 -0.10590500
1.62802601 1.19109797 -0.10590500
1.62368202 1.18010700 -0.10538100
1.62717605 1.17528403 -0.10538100
1.63085997 1.17016602 -0.10538100
1.62639594 1.15924096 -0.10485700
1.63003004 1.15412605 -0.10485700
1.62548006 1.14325404 -0.10433200
1.63724995 1.14386106 -0.10485700
1.63243306 1.13330305 -0.10433200
1.61132205 1.11116195 -0.10276000
1.60675895 1.10017002 -0.10223500
1.61846399 1.10073304 -0.10276000
1.66309297 1.12388396 -0.10538100
1.66661596 1.11865306 -0.10538100
1.67843103 1.11895204 -0.10590500
1.67361200 1.10815895 -0.10538100
1.66855001 1.09770095 -0.10485700
1.67199004 1.09245396 -0.10485700
1.66703701 1.08175898 -0.10433200
1.67042696 1.07651699 -0.10433200
1.67380095 1.07126296 -0.10433200
1.67715800 1.06599998 -0.10433200
1.67186904 1.05568802 -0.10380800
1.67517805 1.05043006 -0.10380800
1.62760699 1.01348996 -0.10066200
1.62228894 1.00311995 -0.10013800
1.61692202 0.99279302 -0.09961400
1.62003303 0.98770899 -0.09961400
1.62295699 0.98289698 -0.09961400
1.62603700 0.97779399 -0.09961400
1.62052703 0.96756101 -0.09909000
1.62355804 0.96246600 -0.09909000
1.62657404 0.95736098 -0.09909000
1.62957299 0.95224601 -0.09909000
1.61528099 0.93709898 -0.09804100
1.62687099 0.93700403 -0.09856500
1.62097502 0.92721498 -0.09804100
1.62388003 0.92211801 -0.09804100
1.61807001 0.91210699 -0.09751700
1.61221302 0.90214300 -0.09699200
1.61503899 0.89707398 -0.09699200
1.63533902 0.90163898 -0.09804100
1.67320502 0.91567397 -0.10013800
1.66729796 0.90564603 -0.09961400
1.66997802 0.90069503 -0.09961400
1.67279899 0.89544398 -0.09961400
1.66678500 0.88550001 -0.09909000
1.67839205 0.88491601 -0.09961400
1.67231596 0.87500900 -0.09909000
1.67505598 0.86975098 -0.09909000
1.67762995 0.86477703 -0.09909000
1.68033803 0.85950297 -0.09909000
1.68303001 0.85421902 -0.09909000
1.68570602 0.84892702 -0.09909000
1.67943096 0.83916402 -0.09856500
1.65521705 0.82057798 -0.09699200
1.62194300 0.79774302 -0.09489500
1.61546695 0.78826499 -0.09437100
1.61793494 0.78318501 -0.09437100
1.62939000 0.78242201 -0.09489500
1.62268901 0.77328801 -0.09437100
1.61608195 0.76391798 -0.09384700
1.61847401 0.75883800 -0.09384700
1.62084997 0.75374901 -0.09384700
1.61401200 0.74475300 -0.09332200
1.62542403 0.74383402 -0.09384700
1.61865902 0.73459703 -0.09332200
1.62095904 0.72950798 -0.09332200
1.62324297 0.72441202 -0.09332200
1.61637902 0.71526802 -0.09279800
1.61849403 0.71046901 -0.09279800
1.62071800 0.70538098 -0.09279800
1.60458803 0.69237298 -0.09175000
1.59757400 0.68340099 -0.09122500
1.63648701 0.69397402 -0.09332200
1.68468904 0.70817798 -0.09594400
1.68690598 0.70288199 -0.09594400
1.67987597 0.69376701 -0.09542000
1.68192697 0.68877900 -0.09542000
1.70258904 0.69100302 -0.09646800
1.69548595 0.68192500 -0.09594400
1.68834400 0.67289698 -0.09542000
1.68116105 0.66392201 -0.09489500
1.68323898 0.65863699 -0.09489500
1.67598796 0.64973599 -0.09437100
1.70598805 0.65520900 -0.09594400
1.68937099 0.64274400 -0.09489500
1.70072699 0.64095598 -0.09542000
1.68391097 0.62891799 -0.09437100
1.67651200 0.62016100 -0.09384700
1.65969896 0.60802102 -0.09279800
1.64282596 0.59599203 -0.09175000
1.62589300 0.58407599 -0.09070100
1.61831105 0.57561803 -0.09017700
1.62011099 0.57053202 -0.09017700
1.62189603 0.56543899 -0.09017700
1.62356699 0.56062400 -0.09017700
1.62531996 0.55552101 -0.09017700
1.61759698 0.54721200 -0.08965200
1.62877798 0.54529798 -0.09017700
1.63048303 0.54017800 -0.09017700
1.63217199 0.53505301 -0.09017700
1.63375294 0.53020799 -0.09017700
1.61639404 0.51896799 -0.08912800
1.62753403 0.51691002 -0.08965200
1.63867700 0.51478702 -0.09017700
1.63074994 0.50667298 -0.08965200
1.62278795 0.49861500 -0.08912800
1.60523605 0.48770800 -0.08808000
1.60676003 0.48266199 -0.08808000
1.60826898 0.47761300 -0.08808000
1.61934304 0.47536999 -0.08860400
1.61115599 0.46777901 -0.08808000
1.61261797 0.46271601 -0.08808000
1.59484899 0.45219800 -0.08703100
1.58664501 0.44449201 -0.08650700
1.57841003 0.43684101 -0.08598200
1.59904003 0.43714800 -0.08703100
1.65825105 0.44774100 -0.09017700
1.63669002 1.37822104 -0.03677700
1.61033797 1.34740806 -0.03608900
1.62225199 1.34873402 -0.03626100
1.61877298 1.33726299 -0.03608900
1.61500597 1.32610905 -0.03591800
1.61916399 1.32102895 -0.03591800
1.61530995 1.30992103 -0.03574600
1.61941803 1.30483997 -0.03574600
1.61592901 1.29321504 -0.03557400
1.61998498 1.28813195 -0.03557400
1.62402296 1.28303695 -0.03557400
1.61231601 1.26558101 -0.03523000
1.62394702 1.26694202 -0.03540200
1.62001705 1.25570905 -0.03523000
1.61603200 1.24451196 -0.03505800
1.61199296 1.23335397 -0.03488600
1.61564505 1.22856605 -0.03488600
1.61151898 1.21745598 -0.03471500
1.61533594 1.21238804 -0.03471500
1.61913705 1.20730698 -0.03471500
1.63095605 1.20816600 -0.03488600
1.68306100 1.23859406 -0.03591800
1.67058802 1.22178996 -0.03557400
1.68250704 1.22241294 -0.03574600
1.68633902 1.21712101 -0.03574600
1.68202806 1.20599103 -0.03557400
1.68580902 1.20070100 -0.03557400
1.68957305 1.19539905 -0.03557400
1.68493295 1.18463004 -0.03540200
1.68044901 1.17360497 -0.03523000
1.68392396 1.16861498 -0.03523000
1.67935395 1.15764403 -0.03505800
1.64192998 1.12383199 -0.03419900
1.62891495 1.10742497 -0.03385500
1.62409902 1.09670699 -0.03368300
1.61923301 1.08603001 -0.03351200
1.62244797 1.08122098 -0.03351200
1.62583697 1.07611799 -0.03351200
1.62085497 1.06551301 -0.03334000
1.61582196 1.05495000 -0.03316800
1.61912799 1.04986799 -0.03316800
1.62241900 1.04477596 -0.03316800
1.60866702 1.02918100 -0.03282400
1.62033105 1.02948403 -0.03299600
1.62355697 1.02438903 -0.03299600
1.61829495 1.01397395 -0.03282400
1.62147200 1.00888503 -0.03282400
1.62463403 1.00378597 -0.03282400
1.63612700 1.00419199 -0.03299600
1.68196201 1.02506399 -0.03385500
1.68517494 1.01977396 -0.03385500
1.68836999 1.01447499 -0.03385500
1.67437601 0.99892002 -0.03351200
1.69471097 1.00384700 -0.03385500
1.68923700 0.99344999 -0.03368300
1.69235003 0.98813701 -0.03368300
1.68662500 0.97809601 -0.03351200
1.68968999 0.97279203 -0.03351200
1.68405700 0.96251798 -0.03334000
1.68707204 0.95722300 -0.03334000
1.68136001 0.94701099 -0.03316800
1.69305301 0.94660401 -0.03334000
1.61733794 0.89761198 -0.03179300
1.62014997 0.89252698 -0.03179300
1.63156199 0.89251500 -0.03196500
1.61678505 0.87784201 -0.03162100
1.61953402 0.87275898 -0.03162100
1.62226903 0.86766601 -0.03162100
1.61615503 0.85787803 -0.03144900
1.61884201 0.85279697 -0.03144900
1.63022494 0.85262299 -0.03162100
1.61514699 0.83828598 -0.03127700
1.61777198 0.83320701 -0.03127700
1.62928498 0.83267099 -0.03144900
1.61405802 0.81850398 -0.03110600
1.61662102 0.81342900 -0.03110600
1.61916900 0.80834699 -0.03110600
1.62170005 0.80325598 -0.03110600
1.62421596 0.79815698 -0.03110600
1.61772799 0.78866899 -0.03093400
1.64706194 0.79693002 -0.03144900
1.68561304 0.80905801 -0.03213700
1.67911899 0.79946101 -0.03196500
1.67258203 0.78991097 -0.03179300
1.69302499 0.79343098 -0.03213700
1.68644297 0.78389400 -0.03196500
1.67073703 0.77021998 -0.03162100
1.68224096 0.76912498 -0.03179300
1.69375598 0.76796502 -0.03196500
1.67792106 0.75444001 -0.03162100
1.68015301 0.74945801 -0.03162100
1.69164300 0.74822003 -0.03179300
1.69398499 0.74290299 -0.03179300
1.67797196 0.72960299 -0.03144900
1.68025601 0.72432798 -0.03144900
1.60897005 0.68761200 -0.03007400
1.62953496 0.69035399 -0.03041800
1.63169599 0.68523198 -0.03041800
1.63372195 0.68038702 -0.03041800
1.61736703 0.66762203 -0.03007400
1.61945701 0.66253698 -0.03007400
1.62153006 0.65744603 -0.03007400
1.61431003 0.64862102 -0.02990300
1.62562895 0.64724499 -0.03007400
1.61835301 0.63846600 -0.02990300
1.62035096 0.63337803 -0.02990300
1.62233305 0.62828398 -0.02990300
1.62429905 0.62318498 -0.02990300
1.62614095 0.61836201 -0.02990300
1.62807500 0.61325097 -0.02990300
1.62062597 0.60463798 -0.02973100
1.62251699 0.59954399 -0.02973100
1.61500299 0.59100801 -0.02955900
1.60745203 0.58252400 -0.02938700
1.60927403 0.57747102 -0.02938700
1.65818799 0.58915001 -0.03024600
1.68822300 0.59418601 -0.03076200
1.69952297 0.59216899 -0.03093400
1.69192302 0.58356702 -0.03076200
1.69374800 0.57824898 -0.03076200
1.69555604 0.57292497 -0.03076200
1.69734800 0.56759501 -0.03076200
1.68953300 0.55941403 -0.03059000
1.69128203 0.55410302 -0.03059000
1.69301403 0.54878700 -0.03059000
1.70425105 0.54651898 -0.03076200
1.70595896 0.54116201 -0.03076200
1.68857098 0.52981400 -0.03041800
1.69977701 0.52746898 -0.03059000
1.68230796 0.51626003 -0.03024600
1.68392205 0.51097298 -0.03024600
1.66636503 0.49993300 -0.02990300
1.63908505 0.48645300 -0.02938700
1.63101101 0.47848600 -0.02921500
1.61329997 0.46779099 -0.02887100
1.62437296 0.46547499 -0.02904300
1.61620796 0.45764500 -0.02887100
1.60800898 0.44987199 -0.02870000
1.60941398 0.44481799 -0.02870000
1.61080301 0.43975899 -0.02870000
1.63140798 0.44018799 -0.02904300
1.66889203 1.38603306 0.42167699
1.65809596 1.36828804 0.41786000
1.66997695 1.36929595 0.41976801
1.67403197 1.36433494 0.41976801
1.66305304 1.34671402 0.41595200
1.66704202 1.34177399 0.41595200
1.67148197 1.33623803 0.41595200
1.66798496 1.32487500 0.41404399
1.67213905 1.31962800 0.41404399
1.66855097 1.30831206 0.41213599
1.66490996 1.29702997 0.41022801
1.66098905 1.28607500 0.40832001
1.66502094 1.28085005 0.40832001
1.66123796 1.26965296 0.40641201
1.65740001 1.25849199 0.40450400
1.66896296 1.25948095 0.40641201
1.66505694 1.24834394 0.40450400
1.66109800 1.23724198 0.40259600
1.66497695 1.23201799 0.40259600
1.66093004 1.22096801 0.40068799
1.65682995 1.20995402 0.39877999
1.66041303 1.20503199 0.39877999
1.66419005 1.19981003 0.39877999
1.66795099 1.19457603 0.39877999
1.66369700 1.18364000 0.39687201
1.66740799 1.17840695 0.39687201
1.65503395 1.16188204 0.39305601
1.65847397 1.15696704 0.39305601
1.66209996 1.15175104 0.39305601
1.65742505 1.14124799 0.39114800
1.66139901 1.13545501 0.39114800
1.66476095 1.13051999 0.39114800
1.65202701 1.11430705 0.38733199
1.66367495 1.11457503 0.38924000
1.65899599 1.10390496 0.38733199
1.66226399 1.09897697 0.38733199
1.66570902 1.09374905 0.38733199
1.66913605 1.08851194 0.38733199
1.65606999 1.07258999 0.38351601
1.65943098 1.06738198 0.38351601
1.66277599 1.06216300 0.38351601
1.66592002 1.05722499 0.38351601
1.66092896 1.04675305 0.38160801
1.67253006 1.04673696 0.38351601
1.65913498 1.03111506 0.37970001
1.66236699 1.02589703 0.37970001
1.66558099 1.02067006 0.37970001
1.66860199 1.01572394 0.37970001
1.65498304 1.00032103 0.37588400
1.66653395 1.00016797 0.37779200
1.66123605 0.98990202 0.37588400
1.66433799 0.98467898 0.37588400
1.65895796 0.97447401 0.37397599
1.67049205 0.97420198 0.37588400
1.65655303 0.95911199 0.37206700
1.65939200 0.95419198 0.37206700
1.66238105 0.94897503 0.37206700
1.66535401 0.94374800 0.37206700
1.65120006 0.92888498 0.36825100
1.66268098 0.92848003 0.37015900
1.65700400 0.91849202 0.36825100
1.65988100 0.91328198 0.36825100
1.66274202 0.90806299 0.36825100
1.65680003 0.89844602 0.36634299
1.65961397 0.89323699 0.36634299
1.66241300 0.88801801 0.36634299
1.66519403 0.88279200 0.36634299
1.66795897 0.87755603 0.36634299
1.66200602 0.86776799 0.36443499
1.66457403 0.86283302 0.36443499
1.66727602 0.85759902 0.36443499
1.66121900 0.84789503 0.36252701
1.66387403 0.84267199 0.36252701
1.65774298 0.83303201 0.36061901
1.66035104 0.82782102 0.36061901
1.65414500 0.81824797 0.35871100
1.65670800 0.81304699 0.35871100
1.65925395 0.80783898 0.35871100
1.66178405 0.80262202 0.35871100
1.65530598 0.79344499 0.35680300
1.65778995 0.78824103 0.35680300
1.66025805 0.78302902 0.35680300
1.66270995 0.77780902 0.35680300
1.65610695 0.76873899 0.35489500
1.66743004 0.76763803 0.35680300
1.66090405 0.75831902 0.35489500
1.67222095 0.75714600 0.35680300
1.65668094 0.74384701 0.35298699
1.66797698 0.74263102 0.35489500
1.66119397 0.73371297 0.35298699
1.65449905 0.72455299 0.35107899
1.64776301 0.71544200 0.34917101
1.65901899 0.71414298 0.35107899
1.65222597 0.70507401 0.34917101
1.67251396 0.70753002 0.35298699
1.64757001 0.69088399 0.34726301
1.66786206 0.69323897 0.35107899
1.66083598 0.68454701 0.34917101
1.66297805 0.67932600 0.34917101
1.64690602 0.66673100 0.34535500
1.66721296 0.66886401 0.34917101
1.65106297 0.65636998 0.34535500
1.67138302 0.65837502 0.34917101
1.65515399 0.64598298 0.34535500
1.64802003 0.63723999 0.34344700
1.65918005 0.63557100 0.34535500
1.66116905 0.63035500 0.34535500
1.65384400 0.62196898 0.34344700
1.65578997 0.61676902 0.34344700
1.64850998 0.60816699 0.34153900
1.65963197 0.60635400 0.34344700
1.65229797 0.59779698 0.34153900
1.65416801 0.59260398 0.34153900
1.65602100 0.58740401 0.34153900
1.65785897 0.58219898 0.34153900
1.65030706 0.57405198 0.33963099
1.66138399 0.57205999 0.34153900
1.65388203 0.56367201 0.33963099
1.65564406 0.55847299 0.33963099
1.65739095 0.55326903 0.33963099
1.65912104 0.54806000 0.33963099
1.66074002 0.54313397 0.33963099
1.65309799 0.53489202 0.33772299
1.66411901 0.53268898 0.33963099
1.65642595 0.52449501 0.33772299
1.65806603 0.51928902 0.33772299
1.65968895 0.51407701 0.33772299
1.66129601 0.50885999 0.33772299
1.65349102 0.50079399 0.33581501
1.65505695 0.49559599 0.33581501
1.65660501 0.49039501 0.33581501
1.65805304 0.48547700 0.33581501
1.65956998 0.48026600 0.33581501
1.65163302 0.47235101 0.33390701
1.65310895 0.46715900 0.33390701
1.65456796 0.46196401 0.33390701
1.64654899 0.45415300 0.33199900
1.63849604 0.44639799 0.33009100
1.63041103 0.43869799 0.32818300
1.64119196 0.43638101 0.33009100
1.63713896 1.36789095 0.33801001
1.64142799 1.36274004 0.33801001
1.64570200 1.35757601 0.33801001
1.65759695 1.35866106 0.33957499
1.65396404 1.34749901 0.33801001
1.65818906 1.34229600 0.33801001
1.65446901 1.33117795 0.33644500
1.65115905 1.31951797 0.33487999
1.65529597 1.31432498 0.33487999
1.64390802 1.29688394 0.33175099
1.64797401 1.29171300 0.33175099
1.65981698 1.29259706 0.33331600
1.65583503 1.28162098 0.33175099
1.65202296 1.27039194 0.33018601
1.64815700 1.25919998 0.32862100
1.65210497 1.25401700 0.32862100
1.64793396 1.24316001 0.32705599
1.65183198 1.23797703 0.32705599
1.65571201 1.23278201 0.32705599
1.65163600 1.22170103 0.32549101
1.63954794 1.20480895 0.32236201
1.65130305 1.20547497 0.32392600
1.66286695 1.20637000 0.32549101
1.65062296 1.18959105 0.32236201
1.65435195 1.18439996 0.32236201
1.64196706 1.16774797 0.31923199
1.64562702 1.16258395 0.31923199
1.64927197 1.15740800 0.31923199
1.64459705 1.14686000 0.31766701
1.64819205 1.14168799 0.31766701
1.65157199 1.13679302 0.31766701
1.64737499 1.12544894 0.31610200
1.65070701 1.12055600 0.31610200
1.64602995 1.10984397 0.31453699
1.64950800 1.10466695 0.31453699
1.65296996 1.09947896 0.31453699
1.64798605 1.08912396 0.31297201
1.65139902 1.08394206 0.31297201
1.65479600 1.07874894 0.31297201
1.65817702 1.07354403 0.31297201
1.65323400 1.06298804 0.31140801
1.65656495 1.05778897 0.31140801
1.65135598 1.04757798 0.30984300
1.65463901 1.04238605 0.30984300
1.64953196 1.03194296 0.30827799
1.65276599 1.02675700 0.30827799
1.64757800 1.01637304 0.30671301
1.65918505 1.01635206 0.30827799
1.65375495 1.00628996 0.30671301
1.64845502 0.99598199 0.30514801
1.65157604 0.99079901 0.30514801
1.66316605 0.99065900 0.30671301
1.64926696 0.97537398 0.30358300
1.65232301 0.97018802 0.30358300
1.63829803 0.95504397 0.30045301
1.64983797 0.95484000 0.30201799
1.64410102 0.94501799 0.30045301
1.65564001 0.94474399 0.30201799
1.65000606 0.93466997 0.30045301
1.65293503 0.92948103 0.30045301
1.64722204 0.91947001 0.29888901
1.64146399 0.90950298 0.29732400
1.65296698 0.90910202 0.29888901
1.64714503 0.89917201 0.29732400
1.64980602 0.89428103 0.29732400
1.64390898 0.88441402 0.29575899
1.65539300 0.88389701 0.29732400
1.64943397 0.87406802 0.29575899
1.65217197 0.86888200 0.29575899
1.64613700 0.85911697 0.29419401
1.65744901 0.85877299 0.29575899
1.65135503 0.84904498 0.29419401
1.65401399 0.84385300 0.29419401
1.64784396 0.83419198 0.29262900
1.64163101 0.82457799 0.29106399
1.64421403 0.81941599 0.29106399
1.64678001 0.81424701 0.29106399
1.64933002 0.80906898 0.29106399
1.65186298 0.80388403 0.29106399
1.65438104 0.79869002 0.29106399
1.64783597 0.78951102 0.28949901
1.65922797 0.78856999 0.29106399
1.65276396 0.77914101 0.28949901
1.66415000 0.77812898 0.29106399
1.66645205 0.77318799 0.29106399
1.65989995 0.76381999 0.28949901
1.64432096 0.75040102 0.28637001
1.65566897 0.74930298 0.28793499
1.65801406 0.74409801 0.28793499
1.66034400 0.73888499 0.28793499
1.65349305 0.72996700 0.28637001
1.65577805 0.72476900 0.28637001
1.65804696 0.71956301 0.28637001
1.65122700 0.71044803 0.28480500
1.65345097 0.70525599 0.28480500
1.64656103 0.69621199 0.28323999
1.64874005 0.69103599 0.28323999
1.66002405 0.68964201 0.28480500
1.66206300 0.68471402 0.28480500
1.65506196 0.67575502 0.28323999
1.65717697 0.67055202 0.28323999
1.64093995 0.65799099 0.28011000
1.66135705 0.66012698 0.28323999
1.66342294 0.65490401 0.28323999
1.65627098 0.64608598 0.28167501
1.65829206 0.64087898 0.28167501
1.65107298 0.63213497 0.28011000
1.64381599 0.62344199 0.27854499
1.66414905 0.62551302 0.28167501
1.64759398 0.61338902 0.27854499
1.65877998 0.61162698 0.28011000
1.65141499 0.60302597 0.27854499
1.65330195 0.59783399 0.27854499
1.64587295 0.58930802 0.27698100
1.65702498 0.58743501 0.27854499
1.64954305 0.57895499 0.27698100
1.65125406 0.57405800 0.27698100
1.65304899 0.56886798 0.27698100
1.65482795 0.56367201 0.27698100
1.65659106 0.55847102 0.27698100
1.64896798 0.55013698 0.27541599
1.65068805 0.54495400 0.27541599
1.66168594 0.54312199 0.27698100
1.65398598 0.53486103 0.27541599
1.64625096 0.52665299 0.27385101
1.64789796 0.52147800 0.27385101
1.65895402 0.51924902 0.27541599
1.65114200 0.51111299 0.27385101
1.65273905 0.50592399 0.27385101
1.65432000 0.50072998 0.27385101
1.65588498 0.49552900 0.27385101
1.64796305 0.48752299 0.27228600
1.65888202 0.48540500 0.27385101
1.66039801 0.48019099 0.27385101
1.65240204 0.47225901 0.27228600
1.66338301 0.46974900 0.27385101
1.63630998 0.45655799 0.26915601
1.62821400 0.44879001 0.26759100
1.62008595 0.44107899 0.26602599
1.64054000 0.44111601 0.26915601
1.66093302 0.44131899 0.27228600
1.66403198 1.39876604 0.26561499
1.66079998 1.38716805 0.26440200
1.64987302 1.36926496 0.26197699
1.65416706 1.36407399 0.26197699
1.65844405 1.35887098 0.26197699
1.65477204 1.34767699 0.26076400
1.65899706 1.34247196 0.26076400
1.65523899 1.33132195 0.25955099
1.65964496 1.32582498 0.25955099
1.64825201 1.30826294 0.25712499
1.65235400 1.30307901 0.25712499
1.64862597 1.29175901 0.25591201
1.65267599 1.28657305 0.25591201
1.65648603 1.28166294 0.25591201
1.65263498 1.27040398 0.25470001
1.64872897 1.25918102 0.25348699
1.65267599 1.25399601 0.25348699
1.64846504 1.24310994 0.25227401
1.65236199 1.23792398 0.25227401
1.65624297 1.23272705 0.25227401
1.65212595 1.22161698 0.25106099
1.64373302 1.19950998 0.24863499
1.64728498 1.19462705 0.24863499
1.63492203 1.17784202 0.24620999
1.63861406 1.17270005 0.24620999
1.65038002 1.17329800 0.24742199
1.64594996 1.16238105 0.24620999
1.64959395 1.15720403 0.24620999
1.64487600 1.14662898 0.24499699
1.64847100 1.14145505 0.24499699
1.64367294 1.13093305 0.24378400
1.64761102 1.12518799 0.24378400
1.62630105 1.10357296 0.24014500
1.64622200 1.10955501 0.24257100
1.64970005 1.10437799 0.24257100
1.64489496 1.09369397 0.24135800
1.64813304 1.08880794 0.24135800
1.64324605 1.07817996 0.24014500
1.65494096 1.07843196 0.24135800
1.64998806 1.06783402 0.24014500
1.64498401 1.05727804 0.23893200
1.66503203 1.06278598 0.24135800
1.65141201 1.04720998 0.23893200
1.64629400 1.03672802 0.23772000
1.65796006 1.03681302 0.23893200
1.66120803 1.03160000 0.23893200
1.65599203 1.02116501 0.23772000
1.64226198 1.00559103 0.23529400
1.64523804 1.00071394 0.23529400
1.64837396 0.99554002 0.23529400
1.63446701 0.98014700 0.23286800
1.64606798 0.98008502 0.23408100
1.64913797 0.97490901 0.23408100
1.65219295 0.96972400 0.23408100
1.64665496 0.95953101 0.23286800
1.65825295 0.95932400 0.23408100
1.66109300 0.95439899 0.23408100
1.65546000 0.94425797 0.23286800
1.65841901 0.93905300 0.23286800
1.66136098 0.93383801 0.23286800
1.66428602 0.92861301 0.23286800
1.63246202 0.90414298 0.22801700
1.66138995 0.91335702 0.23165500
1.66425097 0.90813297 0.23165500
1.64948297 0.89373302 0.22923000
1.66102505 0.89324802 0.23044300
1.65506601 0.88335103 0.22923000
1.65783298 0.87814802 0.22923000
1.65179706 0.86831701 0.22801700
1.66331804 0.86771399 0.22923000
1.66588497 0.86277401 0.22923000
1.65093005 0.84846300 0.22680400
1.66243005 0.84778202 0.22801700
1.66508496 0.84255499 0.22801700
1.65885305 0.83286601 0.22680400
1.67034698 0.83207601 0.22801700
1.66405296 0.82242697 0.22680400
1.65771699 0.81282502 0.22559100
1.64241004 0.79892898 0.22316501
1.64491200 0.79376501 0.22316501
1.63830698 0.78459400 0.22195300
1.64972901 0.78370303 0.22316501
1.66116297 0.78274602 0.22437800
1.66361403 0.77752399 0.22437800
1.66591299 0.77258402 0.22437800
1.65029597 0.75905198 0.22195300
1.64364195 0.74974400 0.22074001
1.67312098 0.75685000 0.22437800
1.66643298 0.74752700 0.22316501
1.65970397 0.73825401 0.22195300
1.66188705 0.73332602 0.22195300
1.64599502 0.72014499 0.21952701
1.65735602 0.71891999 0.22074001
1.65048695 0.70978802 0.21952701
1.64357805 0.70070601 0.21831401
1.66405797 0.70326799 0.22074001
1.66625905 0.69803703 0.22074001
1.65927601 0.68899202 0.21952701
1.66131306 0.68406600 0.21952701
1.66345406 0.67884302 0.21952701
1.66557896 0.67361403 0.21952701
1.66768599 0.66837800 0.21952701
1.66977799 0.66313499 0.21952701
1.67185295 0.65788698 0.21952701
1.67391205 0.65263098 0.21952701
1.66669405 0.64379197 0.21831401
1.66870904 0.63855302 0.21831401
1.67070699 0.63330698 0.21831401
1.66328597 0.62485701 0.21710099
1.66524100 0.61962801 0.21710099
1.66717899 0.61439401 0.21710099
1.67842603 0.61255699 0.21831401
1.66167200 0.60053301 0.21588799
1.65420401 0.59196502 0.21467499
1.67476797 0.59339601 0.21710099
1.66725802 0.58484501 0.21588799
1.65023303 0.57338101 0.21346299
1.63325298 0.56173599 0.21103700
1.64440596 0.55980200 0.21224999
1.66497004 0.56097198 0.21467499
1.67614102 0.55887800 0.21588799
1.66846204 0.55049902 0.21467499
1.66065300 0.54246402 0.21346299
1.68123901 0.54334903 0.21588799
1.65457296 0.52899700 0.21224999
1.64676297 0.52080297 0.21103700
1.64839101 0.51562703 0.21103700
1.65948498 0.51337898 0.21224999
1.64210606 0.50235599 0.20982400
1.64367604 0.49719501 0.20982400
1.66425002 0.49771601 0.21224999
1.65628695 0.48967099 0.21103700
1.66726005 0.48754099 0.21224999
1.65924704 0.47954500 0.21103700
1.66074502 0.47433001 0.21103700
1.66222703 0.46911001 0.21103700
1.65413105 0.46122000 0.20982400
1.62686300 0.44811201 0.20618500
1.61868501 0.44039401 0.20497300
1.63923204 0.44045800 0.20739800
1.66931295 0.44323400 0.21103700
1.64417398 1.37279499 0.18607999
1.66381395 1.38034403 0.18781100
1.66045499 1.36877298 0.18694600
1.67245400 1.36986303 0.18781100
1.66878498 1.35860503 0.18694600
1.66529906 1.34709001 0.18607999
1.66152501 1.33589995 0.18521500
1.65816104 1.32416606 0.18434900
1.65450895 1.31275797 0.18348400
1.65862405 1.30755401 0.18348400
1.65488100 1.29619396 0.18261801
1.65894496 1.29098904 0.18261801
1.65488803 1.27996504 0.18175299
1.65890098 1.27476001 0.18175299
1.65497899 1.26349699 0.18088700
1.65893996 1.25829196 0.18088700
1.66266596 1.25336397 0.18088700
1.65862203 1.24216199 0.18002200
1.65452302 1.23099804 0.17915601
1.65037000 1.21987295 0.17829099
1.65800202 1.20947897 0.17829099
1.66964996 1.21040201 0.17915601
1.68152797 1.21097195 0.18002200
1.67722201 1.19988799 0.17915601
1.67286205 1.18884206 0.17829099
1.68472803 1.18932498 0.17915601
1.68845606 1.18402600 0.17915601
1.68378699 1.17331696 0.17829099
1.67927396 1.16235101 0.17742500
1.67450702 1.15171802 0.17656000
1.66206098 1.13463104 0.17482901
1.61595201 1.09613895 0.16963600
1.66069806 1.11889100 0.17396300
1.66420603 1.11366796 0.17396300
1.65939903 1.10292006 0.17309800
1.66266406 1.09799099 0.17309800
1.66610503 1.09276295 0.17309800
1.65283501 1.07664800 0.17136700
1.65620899 1.07145000 0.17136700
1.65118504 1.06085706 0.17050099
1.66290903 1.06102204 0.17136700
1.64921999 1.04541600 0.16963600
1.65249598 1.04023004 0.16963600
1.66420400 1.04031396 0.17050099
1.65900004 1.02982700 0.16963600
1.67070794 1.02983701 0.17050099
1.66543806 1.01938295 0.16963600
1.66845500 1.01443696 0.16963600
1.66310501 1.00404096 0.16877000
1.66625094 0.99881101 0.16877000
1.66082001 0.98847598 0.16790500
1.65533996 0.97818601 0.16703901
1.64981198 0.96793902 0.16617399
1.66145301 0.96776599 0.16703901
1.66448605 0.96254098 0.16703901
1.65005600 0.94767499 0.16530800
1.65302503 0.94248700 0.16530800
1.65597796 0.93728900 0.16530800
1.65891397 0.93208200 0.16530800
1.66183496 0.92686498 0.16530800
1.66473806 0.92163998 0.16530800
1.65016305 0.90680999 0.16357701
1.65300405 0.90162200 0.16357701
1.64691198 0.89196801 0.16271199
1.65848100 0.89150602 0.16357701
1.65248299 0.88160300 0.16271199
1.65524495 0.87640703 0.16271199
1.64917099 0.86656898 0.16184600
1.66071904 0.86598903 0.16271199
1.65443397 0.85647798 0.16184600
1.65711606 0.85127699 0.16184600
1.65978205 0.84606600 0.16184600
1.66243196 0.84084803 0.16184600
1.65616202 0.83115202 0.16098100
1.65876496 0.82594502 0.16098100
1.66135097 0.82073098 0.16098100
1.66392100 0.81550699 0.16098100
1.64855599 0.80156302 0.15925001
1.66003895 0.80070800 0.16011500
1.66240704 0.79577899 0.16011500
1.65590000 0.78627902 0.15925001
1.65836203 0.78107297 0.15925001
1.66983294 0.78007603 0.16011500
1.65406406 0.76673800 0.15838499
1.65646398 0.76153803 0.15838499
1.66791296 0.76046401 0.15925001
1.66121602 0.75111502 0.15838499
1.65447700 0.74181700 0.15751900
1.65680003 0.73661500 0.15751900
1.65897799 0.73169702 0.15751900
1.66126800 0.72648102 0.15751900
1.65440202 0.71729499 0.15665400
1.65664697 0.71209502 0.15665400
1.65887702 0.70688599 0.15665400
1.66108894 0.70167202 0.15665400
1.64490604 0.68875402 0.15492301
1.63786101 0.67976397 0.15405700
1.64908302 0.67869300 0.15492301
1.64198303 0.66974598 0.15405700
1.64407802 0.66458499 0.15405700
1.64615798 0.65941697 0.15405700
1.63896203 0.65056598 0.15319200
1.64099801 0.64541399 0.15319200
1.65230000 0.64387202 0.15405700
1.65431404 0.63867903 0.15405700
1.64700699 0.62992001 0.15319200
1.64897799 0.62474197 0.15319200
1.66015100 0.62334901 0.15405700
1.65276396 0.61465698 0.15319200
1.66403496 0.61290503 0.15405700
1.65659297 0.60426098 0.15319200
1.66785300 0.60243797 0.15405700
1.62283504 0.58041900 0.14973000
1.66221499 0.58862197 0.15319200
1.65465403 0.58010000 0.15232600
1.65636802 0.57518798 0.15232600
1.65816700 0.56998199 0.15232600
1.65051794 0.56155998 0.15146101
1.66171503 0.55955201 0.15232600
1.66346502 0.55432898 0.15232600
1.65573704 0.54598099 0.15146101
1.66682005 0.54415703 0.15232600
1.66852200 0.53891802 0.15232600
1.67020595 0.53367400 0.15232600
1.66237497 0.52542102 0.15146101
1.66401803 0.52019602 0.15146101
1.66564405 0.51496601 0.15146101
1.66725302 0.50973099 0.15146101
1.66884696 0.50449097 0.15146101
1.65133297 0.49353901 0.14973000
1.66242898 0.49117199 0.15059499
1.67344201 0.48903099 0.15146101
1.65582705 0.47824299 0.14973000
1.66690099 0.47577399 0.15059499
1.65880001 0.46783000 0.14973000
1.66026103 0.46261701 0.14973000
1.64249599 0.45210999 0.14799900
1.62468100 0.44172099 0.14626800
1.64530396 0.44178200 0.14799900
1.66586602 0.44200799 0.14973000
1.65170801 1.38742197 0.11190100
1.64072394 1.36942804 0.11086500
1.65270495 1.37064099 0.11138300
1.65700400 1.36544204 0.11138300
1.64583099 1.34757698 0.11034700
1.66531301 1.35529494 0.11138300
1.64626598 1.33121896 0.10982900
1.65020895 1.32632804 0.10982900
1.64679396 1.31461799 0.10931100
1.67438805 1.32805598 0.11086500
1.67070794 1.31660795 0.11034700
1.68269897 1.31751001 0.11086500
1.68683004 1.31221604 0.11086500
1.68281603 1.30109704 0.11034700
1.68689501 1.29580402 0.11034700
1.69095802 1.29049802 0.11034700
1.67908800 1.27311301 0.10931100
1.68285799 1.26812398 0.10931100
1.70282304 1.27480102 0.11034700
1.64271295 1.22176695 0.10620200
1.65457499 1.22253501 0.10672100
1.65840805 1.21733105 0.10672100
1.66222405 1.21211505 0.10672100
1.65772700 1.20131695 0.10620200
1.65338802 1.19026899 0.10568400
1.65711904 1.18506896 0.10568400
1.65269196 1.17407405 0.10516600
1.64821303 1.16311705 0.10464800
1.66003704 1.16366506 0.10516600
1.64709306 1.14732003 0.10413000
1.65068901 1.14213896 0.10413000
1.65407002 1.13723695 0.10413000
1.65803003 1.13145602 0.10413000
1.65311503 1.12092602 0.10361200
1.65662801 1.11572802 0.10361200
1.68502700 1.12717605 0.10516600
1.68856001 1.12187600 0.10516600
1.69188094 1.11686099 0.10516600
1.69538105 1.11154103 0.10516600
1.69886398 1.10620999 0.10516600
1.69394600 1.09544301 0.10464800
1.69737899 1.09011602 0.10464800
1.70079505 1.08477795 0.10464800
1.70400596 1.07972801 0.10464800
1.70738995 1.07436895 0.10464800
1.71075702 1.06900001 0.10464800
1.70562100 1.05835402 0.10413000
1.64942205 1.01631904 0.10050400
1.65260696 1.01113296 0.10050400
1.66413403 1.01141202 0.10102200
1.65875304 1.00101900 0.10050400
1.66189003 0.99580199 0.10050400
1.65642703 0.98547000 0.09998600
1.65091598 0.97518301 0.09946800
1.65397203 0.96999198 0.09946800
1.65701103 0.96479100 0.09946800
1.65138805 0.95458198 0.09895000
1.66287398 0.95464998 0.09946800
1.65718806 0.94447702 0.09895000
1.66014695 0.93926603 0.09895000
1.66308999 0.93404597 0.09895000
1.65729403 0.92395300 0.09843200
1.66892600 0.92357802 0.09895000
1.65431297 0.90871400 0.09791400
1.67469501 0.91307402 0.09895000
1.67739701 0.90810102 0.09895000
1.69783604 0.91228002 0.09998600
1.69188201 0.90224200 0.09946800
1.70353401 0.90159500 0.09998600
1.68867600 0.88695103 0.09895000
1.69145405 0.88164097 0.09895000
1.69406295 0.87661803 0.09895000
1.70569205 0.87585503 0.09946800
1.69063902 0.86142403 0.09843200
1.69333696 0.85610801 0.09843200
1.69601798 0.85078400 0.09843200
1.68974197 0.84100097 0.09791400
1.70132995 0.84011102 0.09843200
1.65911996 0.81279498 0.09584100
1.67064703 0.81194401 0.09635900
1.65519905 0.79801702 0.09532300
1.66656697 0.79741299 0.09584100
1.66906404 0.79217398 0.09584100
1.66250896 0.78267199 0.09532300
1.65591097 0.77322000 0.09480500
1.65819800 0.76830298 0.09480500
1.66060400 0.76309001 0.09480500
1.66299295 0.75787002 0.09480500
1.65626502 0.74852902 0.09428700
1.64949501 0.73923802 0.09376900
1.66093600 0.73810703 0.09428700
1.66311800 0.73317599 0.09428700
1.65626299 0.72394800 0.09376900
1.64936602 0.71477002 0.09325100
1.65160298 0.70958501 0.09325100
1.65382397 0.70439202 0.09325100
1.64682901 0.69530898 0.09273300
1.66743004 0.69784302 0.09376900
1.68806303 0.70025402 0.09480500
1.69936895 0.69904202 0.09532300
1.71080399 0.69746900 0.09584100
1.71298695 0.69209200 0.09584100
1.71515203 0.68670702 0.09584100
1.70801902 0.67763197 0.09532300
1.71943402 0.67591602 0.09584100
1.71224296 0.66688699 0.09532300
1.70501196 0.65790999 0.09480500
1.70707095 0.65254998 0.09480500
1.71845198 0.65072000 0.09532300
1.70167506 0.63859999 0.09428700
1.70367301 0.63325202 0.09428700
1.71502602 0.63134700 0.09480500
1.71700096 0.62595600 0.09480500
1.67199302 0.60360301 0.09221500
1.66447699 0.59498501 0.09169700
1.66633797 0.58975399 0.09169700
1.66818202 0.58451599 0.09169700
1.66990900 0.57956398 0.09169700
1.67172205 0.57431501 0.09169700
1.66406298 0.56584400 0.09117900
1.65636694 0.55743003 0.09066100
1.65811002 0.55222303 0.09066100
1.65983701 0.54701102 0.09066100
1.66145301 0.54208398 0.09066100
1.67265105 0.53992897 0.09117900
1.67433906 0.53467202 0.09117900
1.65696502 0.52339298 0.09014300
1.66813302 0.52116299 0.09066100
1.66976297 0.51591998 0.09066100
1.66182399 0.50775403 0.09014300
1.67297101 0.50541902 0.09066100
1.66498196 0.49730200 0.09014300
1.66653597 0.49206901 0.09014300
1.65840304 0.48432201 0.08962500
1.65991604 0.47911000 0.08962500
1.66141295 0.47389299 0.08962500
1.65328097 0.46596199 0.08910600
1.64511597 0.45808700 0.08858800
1.64654803 0.45291600 0.08858800
1.61905098 0.43988600 0.08703400
1.65900600 0.44514999 0.08910600
1.71823800 0.45558199 0.09221500
1.66158402 1.39522302 0.03729200
1.66595805 1.38999701 0.03729200
1.67031705 1.38475597 0.03729200
1.66694295 1.37314403 0.03712000
1.66351104 1.36156797 0.03694900
1.66754305 1.35662603 0.03694900
1.66402102 1.34509599 0.03677700
1.66021001 1.33388901 0.03660500
1.65681005 1.32213998 0.03643300
1.66878998 1.32314098 0.03660500
1.65723002 1.30551696 0.03626100
1.66132295 1.30030501 0.03626100
1.65750694 1.28894103 0.03608900
1.66132402 1.28401697 0.03608900
1.65741897 1.27270198 0.03591800
1.66140902 1.26748896 0.03591800
1.65741503 1.25622404 0.03574600
1.66113496 1.25129998 0.03574600
1.66505802 1.24607503 0.03574600
1.66094100 1.23487306 0.03557400
1.64872599 1.21776795 0.03523000
1.67672706 1.23032796 0.03574600
1.69674397 1.23683298 0.03608900
1.70850396 1.23765898 0.03626100
1.69615197 1.22060502 0.03591800
1.70811200 1.22108603 0.03608900
1.70378804 1.20992506 0.03591800
1.70758104 1.20456600 0.03591800
1.70316899 1.19345701 0.03574600
1.70670104 1.18839896 0.03574600
1.70220304 1.17734301 0.03557400
1.71392906 1.17795098 0.03574600
1.62717295 1.10998201 0.03385500
1.67184198 1.13319802 0.03471500
1.67539299 1.12794197 0.03471500
1.67061698 1.11711502 0.03454300
1.67411900 1.11186004 0.03454300
1.66906500 1.10138094 0.03437100
1.66415405 1.09065199 0.03419900
1.66757202 1.08541906 0.03419900
1.67097402 1.08017397 0.03419900
1.67435896 1.07491899 0.03419900
1.66929698 1.06427896 0.03402700
1.67244697 1.05932105 0.03402700
1.66730297 1.04873896 0.03385500
1.67059004 1.04349506 0.03385500
1.67385995 1.03824103 0.03385500
1.66008699 1.02249098 0.03351200
1.65476096 1.01205397 0.03334000
1.69193697 1.02790594 0.03402700
1.69515800 1.02258503 0.03402700
1.69836295 1.01725399 0.03402700
1.70155001 1.01191401 0.03402700
1.70472002 1.00656295 0.03402700
1.70787394 1.00120294 0.03402700
1.71101105 0.99583203 0.03402700
1.71413195 0.99045199 0.03402700
1.70839095 0.98038501 0.03385500
1.71146202 0.97501302 0.03385500
1.71451604 0.96963203 0.03385500
1.71755397 0.96424103 0.03385500
1.69437397 0.94423801 0.03334000
1.64483702 0.90987200 0.03230900
1.66521597 0.91432500 0.03265200
1.66807997 0.90908998 0.03265200
1.67077005 0.90413600 0.03265200
1.67360198 0.89888197 0.03265200
1.67641795 0.89362001 0.03265200
1.67037904 0.88367403 0.03248000
1.66429400 0.87377399 0.03230900
1.66703105 0.86854100 0.03230900
1.66071999 0.85899699 0.03213700
1.66340995 0.85377699 0.03213700
1.66608405 0.84854603 0.03213700
1.66874194 0.84330797 0.03213700
1.67138302 0.83806098 0.03213700
1.66505599 0.82835197 0.03196500
1.66764998 0.82311797 0.03196500
1.67022705 0.81787503 0.03196500
1.66379499 0.80825502 0.03179300
1.66632605 0.80302298 0.03179300
1.68674099 0.80670398 0.03213700
1.70733404 0.80997199 0.03248000
1.70082402 0.80034697 0.03230900
1.70332897 0.79500002 0.03230900
1.70568097 0.78994203 0.03230900
1.70815396 0.78457999 0.03230900
1.70151103 0.77506500 0.03213700
1.70393801 0.76971602 0.03213700
1.70634794 0.76435900 0.03213700
1.70874095 0.75899398 0.03213700
1.71098495 0.75392097 0.03213700
1.70418298 0.74453998 0.03196500
1.71568799 0.74315602 0.03213700
1.71801496 0.73776197 0.03213700
1.63752794 0.69711399 0.03059000
1.68576896 0.71140301 0.03144900
1.67877102 0.70224601 0.03127700
1.68096900 0.69696802 0.03127700
1.67378294 0.68817502 0.03110600
1.66667700 0.67913997 0.03093400
1.66880202 0.67390102 0.03093400
1.67091095 0.66865498 0.03093400
1.67300296 0.66340202 0.03093400
1.66577399 0.65448600 0.03076200
1.67713904 0.65287697 0.03093400
1.67918098 0.64760602 0.03093400
1.67186701 0.63875902 0.03076200
1.65516400 0.62642503 0.03041800
1.67573905 0.62853301 0.03076200
1.66833198 0.61978400 0.03059000
1.67027104 0.61453998 0.03059000
1.67219305 0.60929000 0.03059000
1.66469395 0.60064000 0.03041800
1.66657305 0.59540701 0.03041800
1.66843498 0.59016901 0.03041800
1.68915403 0.59153301 0.03076200
1.69090199 0.58651900 0.03076200
1.69273603 0.58120400 0.03076200
1.68508697 0.57266498 0.03059000
1.68687701 0.56737000 0.03059000
1.68865204 0.56206697 0.03059000
1.69040895 0.55676001 0.03059000
1.69205403 0.55174100 0.03059000
1.69377899 0.54642302 0.03059000
1.69548702 0.54109901 0.03059000
1.68764400 0.53276002 0.03041800
1.68930900 0.52745599 0.03041800
1.69095802 0.52214497 0.03041800
1.68302703 0.51391101 0.03024600
1.68463302 0.50862098 0.03024600
1.66706097 0.49760601 0.02990300
1.68779600 0.49802601 0.03024600
1.67966795 0.49021500 0.03007400
1.68120003 0.48493600 0.03007400
1.68271506 0.47965199 0.03007400
1.66496599 0.46894100 0.02973100
1.64716494 0.45834801 0.02938700
1.64859700 0.45317101 0.02938700
1.63071406 0.44275001 0.02904300
1.67072701 0.44798300 0.02973100
