1.36835003 1.16455698 -0.48065099
1.37200201 1.16025198 -0.48065099
1.36824405 1.14972198 -0.47806701
1.37184894 1.14541805 -0.47806701
1.36800599 1.13493395 -0.47548300
1.37136805 1.13086998 -0.47548300
1.38238597 1.13267899 -0.47806701
1.38593698 1.12833095 -0.47806701
1.38196397 1.11789596 -0.47548300
1.38547003 1.11354804 -0.47548300
1.39651000 1.11521804 -0.47806701
1.41494596 1.12308097 -0.48323500
1.41846704 1.11863101 -0.48323500
1.42957795 1.12012804 -0.48581901
1.44071305 1.12156498 -0.48840299
1.45187104 1.12294304 -0.49098700
1.44007194 1.10660398 -0.48581901
1.44334900 1.10232699 -0.48581901
1.44680500 1.09778702 -0.48581901
1.45796096 1.09905100 -0.48840299
1.45367396 1.08867395 -0.48581901
1.45708704 1.08410203 -0.48581901
1.47602201 1.09100401 -0.49098700
1.47165596 1.08064401 -0.48840299
1.47504401 1.07601500 -0.48840299
1.47040904 1.06596303 -0.48581901
1.48942900 1.07262897 -0.49098700
1.46922004 1.05108297 -0.48323500
1.46464097 1.04086602 -0.48065099
1.46001196 1.03068805 -0.47806701
1.46324301 1.02609599 -0.47806701
1.47420597 1.02727401 -0.48065099
1.46948302 1.01713896 -0.47806701
1.46471095 1.00704503 -0.47548300
1.47584498 1.00788605 -0.47806701
1.47900403 1.00324404 -0.47806701
1.48214805 0.99859297 -0.47806701
1.48510504 0.99419099 -0.47806701
1.49626505 0.99487001 -0.48065099
1.49938297 0.99016398 -0.48065099
1.50248694 0.98544902 -0.48065099
1.49748003 0.97545099 -0.47806701
1.50864899 0.97598898 -0.48065099
1.51170695 0.97124499 -0.48065099
1.50660706 0.96129400 -0.47806701
1.51761198 0.96199203 -0.48065099
1.52062702 0.95722002 -0.48065099
1.52362704 0.95243698 -0.48065099
1.53481901 0.95274103 -0.48323500
1.56230700 0.96339399 -0.49098700
1.56532598 0.95848203 -0.49098700
1.56832898 0.95355898 -0.49098700
1.57131696 0.94862700 -0.49098700
1.56600404 0.93871999 -0.48840299
1.57724702 0.93873602 -0.49098700
1.58002496 0.93405199 -0.49098700
1.57462001 0.92419398 -0.48840299
1.57751596 0.91924202 -0.48840299
1.59711897 0.92395699 -0.49357200
1.59163702 0.91412300 -0.49098700
1.59450102 0.90911901 -0.49098700
1.61400402 0.91390401 -0.49615601
1.60002506 0.89936101 -0.49098700
1.61127901 0.89903700 -0.49357200
1.58874297 0.87992901 -0.48581901
1.57456803 0.86562598 -0.48065099
1.59423995 0.86993003 -0.48581901
1.58847106 0.86031699 -0.48323500
1.59116602 0.85532200 -0.48323500
1.59384501 0.85031903 -0.48323500
1.59650803 0.84530801 -0.48323500
1.59900904 0.84056699 -0.48323500
1.59307694 0.83107102 -0.48065099
1.60425997 0.83050299 -0.48323500
1.61545300 0.82987398 -0.48581901
1.61805201 0.82479501 -0.48581901
1.62063503 0.81970799 -0.48581901
1.61442697 0.81055999 -0.48323500
1.62561297 0.80979198 -0.48581901
1.62814796 0.80468202 -0.48581901
1.63066900 0.79956198 -0.48581901
1.64185905 0.79866099 -0.48840299
1.63566005 0.78930098 -0.48581901
1.64684498 0.78832901 -0.48840299
1.64931297 0.78315198 -0.48840299
1.67798400 0.79031497 -0.49615601
1.69796395 0.79321700 -0.50132400
1.70030999 0.78817499 -0.50132400
1.70277703 0.78283000 -0.50132400
1.69643795 0.77346998 -0.49873999
1.71646500 0.77609599 -0.50390798
1.71889400 0.77069998 -0.50390798
1.70365298 0.75744599 -0.49873999
1.71473205 0.75628698 -0.50132400
1.72595000 0.75476700 -0.50390798
1.72831297 0.74934101 -0.50390798
1.72178304 0.74009299 -0.50132400
1.73298705 0.73846602 -0.50390798
1.74419701 0.73677802 -0.50649202
1.74650300 0.73129499 -0.50649202
1.69525802 0.70358598 -0.49098700
1.70627105 0.70222902 -0.49357200
1.71741402 0.70051402 -0.49615601
1.72856200 0.69873500 -0.49873999
1.71281302 0.68611699 -0.49357200
1.71496105 0.68073303 -0.49357200
1.73507094 0.68241400 -0.49873999
1.72820497 0.67345101 -0.49615601
1.73031199 0.66801900 -0.49615601
1.72326398 0.65943003 -0.49357200
1.74339402 0.66086102 -0.49873999
1.74546099 0.65538102 -0.49873999
1.73845696 0.64652598 -0.49615601
1.74047995 0.64106202 -0.49615601
1.76063597 0.64221197 -0.50132400
1.76264501 0.63667703 -0.50132400
1.75554001 0.62788200 -0.49873999
1.76650095 0.62589800 -0.50132400
1.76845896 0.62034500 -0.50132400
1.80690205 0.62746298 -0.51166099
1.81799996 0.62492299 -0.51424497
1.82910001 0.62231898 -0.51682901
1.83104599 0.61657101 -0.51682901
1.84213901 0.61386901 -0.51941299
1.83488297 0.60505402 -0.51682901
1.82748699 0.59660900 -0.51424497
1.84773803 0.59680301 -0.51941299
1.84040201 0.58805603 -0.51682901
1.84223998 0.58227003 -0.51682901
1.84405994 0.57647997 -0.51682901
1.84586203 0.57068402 -0.51682901
1.86612201 0.57053101 -0.52199697
1.85865903 0.56187099 -0.51941299
1.86967099 0.55879402 -0.52199697
1.81582999 0.53649497 -0.50649202
1.83595896 0.53652400 -0.51166099
1.82835400 0.52807301 -0.50907600
1.84858298 0.52762997 -0.51424497
1.85023201 0.52181900 -0.51424497
1.85186195 0.51600403 -0.51424497
1.85347402 0.51018298 -0.51424497
1.84574497 0.50182402 -0.51166099
1.85664296 0.49852800 -0.51424497
1.86745095 0.49549401 -0.51682901
1.85965300 0.48717701 -0.51424497
1.86117494 0.48133200 -0.51424497
1.86267805 0.47548300 -0.51424497
1.88289702 0.47434899 -0.51941299
1.86562800 0.46377000 -0.51424497
1.87645900 0.46020800 -0.51682901
1.88728499 0.45658201 -0.51941299
1.88871002 0.45065099 -0.51941299
1.89011598 0.44471499 -0.51941299
1.89142704 0.43910500 -0.51941299
1.89279699 0.43316099 -0.51941299
1.91299605 0.43146300 -0.52458102
1.90491199 0.42335501 -0.52199697
1.90623200 0.41736901 -0.52199697
1.90753400 0.41137800 -0.52199697
1.91826701 0.40739000 -0.52458102
1.38034201 1.17434704 -0.41852900
1.37658298 1.16371405 -0.41627899
1.37277102 1.15311694 -0.41402900
1.38386703 1.15504301 -0.41627899
1.37998903 1.14446902 -0.41402900
1.38337898 1.14036906 -0.41402900
1.38695502 1.13601804 -0.41402900
1.39051700 1.13165498 -0.41402900
1.38648796 1.12115502 -0.41177899
1.39760005 1.12289596 -0.41402900
1.39350605 1.11242104 -0.41177899
1.39680004 1.10828102 -0.41177899
1.41557801 1.11595201 -0.41627899
1.41140604 1.10549200 -0.41402900
1.42256200 1.10703599 -0.41627899
1.42603302 1.10256100 -0.41627899
1.42176294 1.09213996 -0.41402900
1.42499697 1.08791697 -0.41402900
1.42840695 1.08343506 -0.41402900
1.43180394 1.07894194 -0.41402900
1.44298697 1.08027697 -0.41627899
1.44637406 1.07573903 -0.41627899
1.44190896 1.06540000 -0.41402900
1.45310402 1.06663096 -0.41627899
1.45644796 1.06206000 -0.41627899
1.45959306 1.05773306 -0.41627899
1.46290803 1.05314302 -0.41627899
1.45828402 1.04287505 -0.41402900
1.46155298 1.03828800 -0.41402900
1.47276902 1.03930902 -0.41627899
1.49198401 1.04586196 -0.42077899
1.48708498 1.03586304 -0.41852900
1.49834502 1.03672898 -0.42077899
1.50159395 1.03201699 -0.42077899
1.51287603 1.03278804 -0.42302901
1.51611400 1.02803004 -0.42302901
1.51933503 1.02326298 -0.42302901
1.51426697 1.01333106 -0.42077899
1.52555799 1.01396203 -0.42302901
1.52873600 1.00916398 -0.42302901
1.54004705 1.00969899 -0.42528000
1.54321098 1.00485599 -0.42528000
1.53817904 0.99471200 -0.42302901
1.54949498 0.99513900 -0.42528000
1.55261302 0.99026698 -0.42528000
1.55554497 0.98565602 -0.42528000
1.50915301 0.94962901 -0.41177899
1.52039194 0.95004600 -0.41402900
1.53992796 0.95553899 -0.41852900
1.53446102 0.94585401 -0.41627899
1.53742504 0.94102901 -0.41627899
1.53204799 0.93113399 -0.41402900
1.54330802 0.93134999 -0.41627899
1.54622602 0.92649698 -0.41627899
1.54075503 0.91665298 -0.41402900
1.55185699 0.91703498 -0.41627899
1.56313396 0.91708601 -0.41852900
1.55758798 0.90726602 -0.41627899
1.56043100 0.90236801 -0.41627899
1.56325805 0.89746100 -0.41627899
1.57453501 0.89737099 -0.41852900
1.57719004 0.89269501 -0.41852900
1.57998705 0.88773501 -0.41852900
1.58276796 0.88276702 -0.41852900
1.59405804 0.88251001 -0.42077899
1.58828294 0.87280500 -0.41852900
1.59101701 0.86781198 -0.41852900
1.61087298 0.87208599 -0.42302901
1.62218797 0.87163198 -0.42528000
1.62491798 0.86653203 -0.42528000
1.63624406 0.86598098 -0.42752999
1.63018095 0.85659099 -0.42528000
1.64150405 0.85597003 -0.42752999
1.64418495 0.85080802 -0.42752999
1.63818097 0.84118903 -0.42528000
1.65817904 0.84488499 -0.42978001
1.65213001 0.83527499 -0.42752999
1.66331005 0.83473998 -0.42978001
1.66592395 0.82950902 -0.42978001
1.67725694 0.82858801 -0.43202999
1.67110300 0.81902701 -0.42978001
1.68243003 0.81803298 -0.43202999
1.66744006 0.80427700 -0.42752999
1.65237999 0.79062402 -0.42302901
1.65485501 0.78543001 -0.42302901
1.64849901 0.77607602 -0.42077899
1.65975797 0.77501601 -0.42302901
1.66205001 0.77008802 -0.42302901
1.66446102 0.76486301 -0.42302901
1.66685605 0.75963002 -0.42302901
1.66923404 0.75439000 -0.42302901
1.67159605 0.74914199 -0.42302901
1.68284500 0.74784303 -0.42528000
1.67614102 0.73891699 -0.42302901
1.68738198 0.73755002 -0.42528000
1.68969095 0.73224503 -0.42528000
1.69198298 0.72693300 -0.42528000
1.69425797 0.72161400 -0.42528000
1.70549297 0.72007799 -0.42752999
1.70774698 0.71471697 -0.42752999
1.70998394 0.70934802 -0.42752999
1.73010302 0.71168399 -0.43202999
1.73232996 0.70624501 -0.43202999
1.76164198 0.71174997 -0.43878099
1.76387000 0.70621198 -0.43878099
1.76608002 0.70066702 -0.43878099
1.75920403 0.69155002 -0.43652999
1.77044702 0.68955600 -0.43878099
1.78169501 0.68749899 -0.44103101
1.78372705 0.68221003 -0.44103101
1.77674997 0.67315000 -0.43878099
1.77885604 0.66756499 -0.43878099
1.79007697 0.66536802 -0.44103101
1.79215896 0.65974098 -0.44103101
1.80337703 0.65744501 -0.44328099
1.80543303 0.65177602 -0.44328099
1.80747199 0.64609998 -0.44328099
1.76345801 0.62447399 -0.43202999
1.75621605 0.61570603 -0.42978001
1.78575599 0.61976999 -0.43652999
1.78769505 0.61415702 -0.43652999
1.80806506 0.61481100 -0.44103101
1.80075300 0.60602099 -0.43878099
1.79340398 0.59728098 -0.43652999
1.79527104 0.59164500 -0.43652999
1.80628204 0.58933699 -0.43878099
1.80812395 0.58366001 -0.43878099
1.80066705 0.57501298 -0.43652999
1.80246496 0.56935298 -0.43652999
1.81354499 0.56659299 -0.43878099
1.81531596 0.56089199 -0.43878099
1.82638705 0.55803400 -0.44103101
1.82813096 0.55229402 -0.44103101
1.82985699 0.54654700 -0.44103101
1.83156502 0.54079598 -0.44103101
1.84251499 0.53809100 -0.44328099
1.87228000 0.54040599 -0.45003101
1.87396896 0.53452200 -0.45003101
1.88501704 0.53127402 -0.45228201
1.88667703 0.52534997 -0.45228201
1.89771199 0.52200401 -0.45453200
1.88994002 0.51348501 -0.45228201
1.91977596 0.51512098 -0.45903200
1.89304197 0.50193101 -0.45228201
1.89460897 0.49598101 -0.45228201
1.90559196 0.49246401 -0.45453200
1.90712905 0.48647600 -0.45453200
1.90864801 0.48048201 -0.45453200
1.90069199 0.47213399 -0.45228201
1.93055606 0.47311899 -0.45903200
1.90362096 0.46018201 -0.45228201
1.88610196 0.44968101 -0.44778100
1.89698994 0.44598299 -0.45003101
1.90779603 0.44255400 -0.45228201
1.90917695 0.43655899 -0.45228201
1.92004502 0.43270001 -0.45453200
1.91188300 0.42455399 -0.45228201
1.91320705 0.41854599 -0.45228201
1.93356204 0.41663799 -0.45678201
1.89673603 0.40247101 -0.44778100
1.37565398 1.16994500 -0.35271201
1.37182605 1.15928304 -0.35079500
1.38297701 1.16127896 -0.35271201
1.38661802 1.15692902 -0.35271201
1.39780200 1.15883005 -0.35462901
1.40123498 1.15467703 -0.35462901
1.40485501 1.15026999 -0.35462901
1.40084803 1.13965702 -0.35271201
1.40442097 1.13525105 -0.35271201
1.40798104 1.13083303 -0.35271201
1.41919899 1.13252497 -0.35462901
1.42255199 1.12830997 -0.35462901
1.41838098 1.11776102 -0.35271201
1.42188597 1.11329901 -0.35271201
1.43312299 1.11485302 -0.35462901
1.43661904 1.11034405 -0.35462901
1.42453098 1.09387100 -0.35079500
1.44337404 1.10154903 -0.35462901
1.46246898 1.10886800 -0.35846299
1.45810604 1.09836304 -0.35654601
1.45369196 1.08789599 -0.35462901
1.44922602 1.07746804 -0.35271201
1.46049798 1.07874095 -0.35462901
1.45596695 1.06834197 -0.35271201
1.46724796 1.06954300 -0.35462901
1.46246696 1.05942702 -0.35271201
1.47375405 1.06055999 -0.35462901
1.46111000 1.04451001 -0.35079500
1.44037700 1.02286696 -0.34504399
1.49170399 1.05228102 -0.35654601
1.48696494 1.04195702 -0.35462901
1.49810302 1.04314995 -0.35654601
1.50137305 1.03843796 -0.35654601
1.50462902 1.03371501 -0.35654601
1.51597500 1.03451598 -0.35846299
1.51921797 1.02974796 -0.35846299
1.51430404 1.01949000 -0.35654601
1.51732194 1.01499200 -0.35654601
1.52867806 1.01565099 -0.35846299
1.53186095 1.01084399 -0.35846299
1.52682102 1.00064695 -0.35654601
1.52995706 0.99584502 -0.35654601
1.53307796 0.99103397 -0.35654601
1.53618395 0.98621202 -0.35654601
1.54754996 0.98665798 -0.35846299
1.53388798 0.97155899 -0.35462901
1.53693199 0.96673501 -0.35462901
1.54828596 0.96710098 -0.35654601
1.54297698 0.95705801 -0.35462901
1.54580903 0.95247602 -0.35462901
1.57391000 0.96298200 -0.36037999
1.56015098 0.94784200 -0.35654601
1.57152498 0.94800502 -0.35846299
1.56607604 0.93801898 -0.35654601
1.56901503 0.93309498 -0.35654601
1.57177699 0.92843598 -0.35654601
1.59161794 0.93342400 -0.36037999
1.57757902 0.91854203 -0.35654601
1.59745204 0.92340398 -0.36037999
1.59183204 0.91349602 -0.35846299
1.60322201 0.91334897 -0.36037999
1.58029795 0.89409000 -0.35462901
1.57454205 0.88431400 -0.35271201
1.59445703 0.88892102 -0.35654601
1.59724200 0.88390797 -0.35654601
1.58280599 0.86943603 -0.35271201
1.61138105 0.87855399 -0.35846299
1.61413300 0.87348700 -0.35846299
1.61686897 0.86841100 -0.35846299
1.62825000 0.86794400 -0.36037999
1.63096905 0.86282498 -0.36037999
1.64221096 0.86254603 -0.36229599
1.64491200 0.85738200 -0.36229599
1.63888097 0.84770101 -0.36037999
1.65026700 0.84703100 -0.36229599
1.64417398 0.83738703 -0.36037999
1.64679694 0.83221799 -0.36037999
1.65803194 0.83172899 -0.36229599
1.66942298 0.83088797 -0.36421299
1.66322398 0.82129502 -0.36229599
1.66579700 0.81606501 -0.36229599
1.66835201 0.81082797 -0.36229599
1.66205096 0.80132002 -0.36037999
1.67341399 0.80032998 -0.36229599
1.66705203 0.79086202 -0.36037999
1.66064799 0.78144199 -0.35846299
1.68088198 0.78452301 -0.36229599
1.68320298 0.77953202 -0.36229599
1.68564296 0.77424002 -0.36229599
1.67913604 0.76487303 -0.36037999
1.69941902 0.76767403 -0.36421299
1.69286501 0.75831997 -0.36229599
1.69523895 0.75299698 -0.36229599
1.71542895 0.75587898 -0.36612999
1.71779501 0.75048703 -0.36612999
1.70213199 0.73728400 -0.36229599
1.69542205 0.72806001 -0.36037999
1.70673096 0.72657400 -0.36229599
1.71804702 0.72502500 -0.36421299
1.72937095 0.72341198 -0.36612999
1.71350300 0.71045703 -0.36229599
1.73375797 0.71283299 -0.36612999
1.74507797 0.71108699 -0.36804700
1.75640297 0.70927697 -0.36996400
1.75862300 0.70375502 -0.36996400
1.75170195 0.69460899 -0.36804700
1.75387597 0.68910199 -0.36804700
1.76517797 0.68714899 -0.36996400
1.76732802 0.68160099 -0.36996400
1.76934195 0.67635399 -0.36996400
1.78063703 0.67426699 -0.37188101
1.78274703 0.66867000 -0.37188101
1.78483796 0.66306603 -0.37188101
1.77770197 0.65406698 -0.36996400
1.77974701 0.64847898 -0.36996400
1.79100800 0.64621502 -0.37188101
1.79303002 0.64058501 -0.37188101
1.77641797 0.62871403 -0.36804700
1.78764701 0.62637502 -0.36996400
1.79887795 0.62397301 -0.37188101
1.80083001 0.61831802 -0.37188101
1.82134902 0.61897302 -0.37571499
1.79537594 0.60386300 -0.36996400
1.81588900 0.60441798 -0.37379801
1.83642304 0.60485101 -0.37763199
1.81021702 0.59027100 -0.37188101
1.83074296 0.59060800 -0.37571499
1.85128903 0.59082198 -0.37954900
1.85313594 0.58500302 -0.37954900
1.83622801 0.57332802 -0.37571499
1.86615300 0.57624298 -0.38146600
1.83979404 0.56177902 -0.37571499
1.86973703 0.56450701 -0.38146600
1.83388305 0.54740101 -0.37379801
1.79794002 0.53052700 -0.36612999
1.85603595 0.54168802 -0.37763199
1.86715806 0.53857499 -0.37954900
1.87828004 0.53539699 -0.38146600
1.87995195 0.52949297 -0.38146600
1.89106202 0.52621597 -0.38338199
1.89270604 0.52027202 -0.38338199
1.88485897 0.51175201 -0.38146600
1.88645804 0.50582802 -0.38146600
1.89743698 0.50274199 -0.38338199
1.90850198 0.49926299 -0.38529900
1.90055895 0.49081001 -0.38338199
1.89258099 0.48241299 -0.38146600
1.90360498 0.47885901 -0.38338199
1.89557397 0.47051200 -0.38146600
1.89704299 0.46455401 -0.38146600
1.90803397 0.46089700 -0.38338199
1.90947199 0.45490000 -0.38338199
1.91089201 0.44890001 -0.38338199
1.91221499 0.44322801 -0.38338199
1.92316604 0.43940401 -0.38529900
1.92453694 0.43336001 -0.38529900
1.92588902 0.42731199 -0.38529900
1.92722201 0.42126000 -0.38529900
1.93813097 0.41726801 -0.38721600
1.92023003 0.40710601 -0.38338199
1.36940205 1.16421604 -0.28590000
1.40322995 1.18540096 -0.29218301
1.39181805 1.16828799 -0.28904101
1.39548099 1.16391003 -0.28904101
1.39913094 1.15952003 -0.28904101
1.41018796 1.16164196 -0.29061201
1.40618801 1.15095198 -0.28904101
1.40979695 1.14652801 -0.28904101
1.42107296 1.14830101 -0.29061201
1.42467403 1.14383101 -0.29061201
1.43598104 1.14550805 -0.29218301
1.45484996 1.15351403 -0.29532501
1.45070899 1.14282596 -0.29375401
1.44651496 1.13217604 -0.29218301
1.48124897 1.15187597 -0.29846701
1.45360100 1.12306499 -0.29218301
1.48845696 1.14254606 -0.29846701
1.46828496 1.12015498 -0.29375401
1.49540901 1.13343298 -0.29846701
1.49107301 1.12278795 -0.29689601
1.48668599 1.11218202 -0.29532501
1.49809802 1.11339700 -0.29689601
1.48569906 1.09695399 -0.29375401
1.50506496 1.10396302 -0.29689601
1.50054395 1.09341300 -0.29532501
1.50378203 1.08895600 -0.29532501
1.51521206 1.08999300 -0.29689601
1.51059306 1.07948601 -0.29532501
1.48981798 1.05758500 -0.29061201
1.49313295 1.05289900 -0.29061201
1.49643397 1.04820299 -0.29061201
1.51574802 1.05504298 -0.29375401
1.51093197 1.04465902 -0.29218301
1.51420701 1.03990698 -0.29218301
1.50930798 1.02958000 -0.29061201
1.52071095 1.03037202 -0.29218301
1.51574600 1.02007699 -0.29061201
1.52697599 1.02106404 -0.29218301
1.52195001 1.01079798 -0.29061201
1.52511799 1.00601196 -0.29061201
1.53653204 1.00662804 -0.29218301
1.53968596 1.00179601 -0.29218301
1.54282606 0.99695402 -0.29218301
1.52932799 0.98143297 -0.28904101
1.54905999 0.98724002 -0.29218301
1.54363799 0.97735697 -0.29061201
1.55506098 0.97775900 -0.29218301
1.56650305 0.97809899 -0.29375401
1.58635497 0.98358101 -0.29689601
1.58085704 0.97369099 -0.29532501
1.61760795 0.98933101 -0.30160901
1.61226702 0.97911799 -0.30003801
1.58150601 0.95364898 -0.29375401
1.62686098 0.97404099 -0.30160901
1.62142301 0.96387899 -0.30003801
1.63277996 0.96408600 -0.30160901
1.61876094 0.94896299 -0.29846701
1.59612799 0.92896903 -0.29375401
1.64179397 0.94865400 -0.30160901
1.64476597 0.94349200 -0.30160901
1.63055801 0.92854601 -0.29846701
1.61611295 0.91398102 -0.29532501
1.64481199 0.92340302 -0.30003801
1.63907802 0.91342300 -0.29846701
1.61601400 0.89392799 -0.29375401
1.61881399 0.88884699 -0.29375401
1.63027000 0.88848400 -0.29532501
1.62436700 0.87865800 -0.29375401
1.62712002 0.87355000 -0.29375401
1.63857198 0.87307900 -0.29532501
1.65003598 0.87254399 -0.29689601
1.65261805 0.86764401 -0.29689601
1.63781905 0.85332102 -0.29375401
1.64049196 0.84817100 -0.29375401
1.65193498 0.84752202 -0.29532501
1.65459001 0.84232801 -0.29532501
1.65722704 0.83712602 -0.29532501
1.65970397 0.83220500 -0.29532501
1.66231096 0.82698601 -0.29532501
1.67375600 0.82613200 -0.29689601
1.65860403 0.81218302 -0.29375401
1.67003000 0.81128401 -0.29532501
1.67257094 0.80603302 -0.29532501
1.68400502 0.80503398 -0.29689601
1.71329606 0.81243402 -0.30160901
1.69796705 0.79864103 -0.29846701
1.74521697 0.81417799 -0.30632100
1.72969997 0.80069900 -0.30317900
1.74118197 0.79938197 -0.30475000
1.74368501 0.79390901 -0.30475000
1.71916795 0.77623397 -0.30003801
1.73962498 0.77890003 -0.30317900
1.73303699 0.76942402 -0.30160901
1.73531306 0.76427901 -0.30160901
1.73770499 0.75882399 -0.30160901
1.76726902 0.76513201 -0.30632100
1.76058900 0.75568002 -0.30475000
1.77204204 0.75401300 -0.30632100
1.76530194 0.74460399 -0.30475000
1.74941003 0.73143601 -0.30160901
1.68783498 0.69946897 -0.29061201
1.73557603 0.71322697 -0.29846701
1.73780799 0.70777100 -0.29846701
1.74918103 0.70600498 -0.30003801
1.75138998 0.70050699 -0.30003801
1.76276398 0.69863898 -0.30160901
1.76495004 0.69309700 -0.30160901
1.77632201 0.69113100 -0.30317900
1.76926994 0.68199497 -0.30160901
1.77128506 0.67674297 -0.30160901
1.77340305 0.67117399 -0.30160901
1.77550304 0.66559899 -0.30160901
1.77758503 0.66001803 -0.30160901
1.78891802 0.65783900 -0.30317900
1.78169703 0.64883697 -0.30160901
1.78372598 0.64323598 -0.30160901
1.77643800 0.63430798 -0.30003801
1.79693305 0.63562202 -0.30317900
1.80824196 0.63323700 -0.30475000
1.84754598 0.64049298 -0.31103399
1.87757301 0.64430100 -0.31574601
1.87023699 0.63522297 -0.31417599
1.87222302 0.62934601 -0.31417599
1.87419105 0.62345999 -0.31417599
1.88552105 0.62065798 -0.31574601
1.88735402 0.61505997 -0.31574601
1.87987804 0.60609698 -0.31417599
1.89118099 0.60319000 -0.31574601
1.86481202 0.58833098 -0.31103399
1.88550603 0.58835298 -0.31417599
1.89678204 0.58533901 -0.31574601
1.89861202 0.57937700 -0.31574601
1.90987694 0.57626301 -0.31731701
1.85489595 0.55332100 -0.30789199
1.87557006 0.55307698 -0.31103399
1.85824096 0.54198003 -0.30789199
1.85993505 0.53613901 -0.30789199
1.86161005 0.53029400 -0.30789199
1.88227999 0.52979398 -0.31103399
1.87442005 0.52123201 -0.30946299
1.89509404 0.52057302 -0.31260499
1.88718903 0.51203102 -0.31103399
1.88878798 0.50610000 -0.31103399
1.91892195 0.50807601 -0.31574601
1.91095400 0.49954700 -0.31417599
1.90295196 0.49107400 -0.31260499
1.90448499 0.48509300 -0.31260499
1.91557705 0.48151600 -0.31417599
1.91708100 0.47549501 -0.31417599
1.90897202 0.46712199 -0.31260499
1.92963099 0.46575701 -0.31574601
1.92147696 0.45740601 -0.31417599
1.92290401 0.45136800 -0.31417599
1.92423499 0.44566000 -0.31417599
1.93525398 0.44181001 -0.31574601
1.93663204 0.43572801 -0.31574601
1.92834997 0.42750499 -0.31417599
1.93933201 0.42355201 -0.31574601
1.94065297 0.41745701 -0.31574601
1.37251401 1.15904295 -0.22118600
1.38375199 1.16110599 -0.22240800
1.37214601 1.14404202 -0.21996300
1.38337696 1.14605701 -0.22118600
1.38677096 1.14194703 -0.22118600
1.38267004 1.13129902 -0.21996300
1.38621700 1.12695003 -0.21996300
1.39747202 1.12882602 -0.22118600
1.40875196 1.13064301 -0.22240800
1.40453696 1.12002301 -0.22118600
1.40785396 1.11585104 -0.22118600
1.41135204 1.11142302 -0.22118600
1.41483700 1.10698295 -0.22118600
1.41830802 1.10253298 -0.22118600
1.42962003 1.10413802 -0.22240800
1.42520702 1.09360003 -0.22118600
1.43633795 1.09538496 -0.22240800
1.43977201 1.09086704 -0.22240800
1.43526196 1.08036995 -0.22118600
1.43865001 1.07585502 -0.22118600
1.44998896 1.07724905 -0.22240800
1.44537997 1.06679499 -0.22118600
1.45672905 1.06811702 -0.22240800
1.46007705 1.06353605 -0.22240800
1.45518696 1.05337906 -0.22118600
1.46654701 1.05459702 -0.22240800
1.46177602 1.04421604 -0.22118600
1.45695603 1.03387403 -0.21996300
1.46830904 1.03500998 -0.22118600
1.47968304 1.03608501 -0.22240800
1.50719094 1.04869699 -0.22607400
1.50231397 1.03831303 -0.22485200
1.50556898 1.03358805 -0.22485200
1.50060797 1.02326202 -0.22363000
1.51203299 1.02410805 -0.22485200
1.53171301 1.03043401 -0.22729599
1.51826096 1.01485300 -0.22485200
1.52971005 1.01556695 -0.22607400
1.53289294 1.01075697 -0.22607400
1.53606105 1.00593603 -0.22607400
1.53921294 1.00110602 -0.22607400
1.55068803 1.00164998 -0.22729599
1.54547298 0.99141401 -0.22607400
1.54858005 0.98655403 -0.22607400
1.55149996 0.98195601 -0.22607400
1.52936804 0.96123201 -0.22240800
1.53238106 0.95642298 -0.22240800
1.53537798 0.95160300 -0.22240800
1.55509806 0.95745099 -0.22485200
1.53269398 0.93703002 -0.22118600
1.55259800 0.94251102 -0.22363000
1.55555201 0.93762898 -0.22363000
1.54997396 0.92764002 -0.22240800
1.55288005 0.92276597 -0.22240800
1.55561101 0.91815501 -0.22240800
1.56705105 0.91828102 -0.22363000
1.56992805 0.91335303 -0.22363000
1.57279003 0.90841597 -0.22363000
1.57563603 0.90347099 -0.22363000
1.57846701 0.89851701 -0.22363000
1.58112502 0.89383000 -0.22363000
1.58392596 0.88885802 -0.22363000
1.58671105 0.88387698 -0.22363000
1.58079398 0.87408501 -0.22240800
1.59223294 0.87389100 -0.22363000
1.58625400 0.86413598 -0.22240800
1.61515296 0.87331003 -0.22607400
1.63538003 0.87761700 -0.22851799
1.63812900 0.87247598 -0.22851799
1.64086199 0.86732501 -0.22851799
1.63463902 0.85784101 -0.22729599
1.64612901 0.85728598 -0.22851799
1.64881396 0.85210901 -0.22851799
1.68680894 0.86504298 -0.23340601
1.64529002 0.83723199 -0.22729599
1.69221103 0.85442603 -0.23340601
1.65037405 0.82716602 -0.22729599
1.67073798 0.83081502 -0.22973999
1.70894206 0.84312898 -0.23462801
1.65809596 0.81157500 -0.22729599
1.68742204 0.81936800 -0.23096199
1.68104601 0.80975598 -0.22973999
1.65671599 0.79163301 -0.22607400
1.65919399 0.78642499 -0.22607400
1.66165698 0.78120798 -0.22607400
1.67309904 0.78017801 -0.22729599
1.67540598 0.77521098 -0.22729599
1.67783296 0.76994401 -0.22729599
1.68024302 0.76466900 -0.22729599
1.67359102 0.75530398 -0.22607400
1.68501496 0.75409597 -0.22729599
1.68737602 0.74879903 -0.22729599
1.68958998 0.74378902 -0.22729599
1.70101404 0.74244899 -0.22851799
1.70333898 0.73710001 -0.22851799
1.70564604 0.73174500 -0.22851799
1.69880295 0.72249901 -0.22729599
1.71020997 0.72101402 -0.22851799
1.71246600 0.71563900 -0.22851799
1.70553696 0.70645601 -0.22729599
1.69844496 0.69762099 -0.22607400
1.72820604 0.70350897 -0.22973999
1.76722395 0.71292901 -0.23462801
1.76945496 0.70737398 -0.23462801
1.76244199 0.69815600 -0.23340601
1.77386498 0.69624102 -0.23462801
1.76679301 0.68706799 -0.23340601
1.78746605 0.68865103 -0.23585001
1.79877305 0.68688500 -0.23707201
1.79163897 0.67771900 -0.23585001
1.80305398 0.67556900 -0.23707201
1.81447196 0.67335403 -0.23829401
1.80726302 0.66422701 -0.23707201
1.83731997 0.66873002 -0.24073800
1.80206394 0.64949298 -0.23585001
1.81344295 0.64716399 -0.23707201
1.76856697 0.62524098 -0.23096199
1.78925896 0.62623900 -0.23340601
1.77246106 0.61411601 -0.23096199
1.79315805 0.61498398 -0.23340601
1.78568304 0.60615700 -0.23218399
1.79698706 0.60370600 -0.23340601
1.79887402 0.59805697 -0.23340601
1.81017196 0.59550500 -0.23462801
1.80249405 0.58705699 -0.23340601
1.81377602 0.58443600 -0.23462801
1.81560302 0.57873499 -0.23462801
1.83634400 0.57899702 -0.23707201
1.82867897 0.57027102 -0.23585001
1.83046198 0.56452203 -0.23585001
1.83222604 0.55876899 -0.23585001
1.83397198 0.55301100 -0.23585001
1.83570099 0.54724598 -0.23585001
1.81836998 0.53586501 -0.23340601
1.82948101 0.53324503 -0.23462801
1.86929595 0.53848499 -0.23951600
1.89006996 0.53804398 -0.24196000
1.89175105 0.53210300 -0.24196000
1.90297604 0.52881402 -0.24318200
1.89505696 0.52020699 -0.24196000
1.90626097 0.51684803 -0.24318200
1.90787494 0.51085699 -0.24318200
1.90938306 0.50519401 -0.24318200
1.91095996 0.49919200 -0.24318200
1.94135106 0.50062197 -0.24684800
1.91405904 0.48717600 -0.24318200
1.92520595 0.48357901 -0.24440400
1.91708195 0.47514001 -0.24318200
1.92820704 0.47147200 -0.24440400
1.90073299 0.45843101 -0.24073800
1.90216398 0.45245799 -0.24073800
1.91323900 0.44874701 -0.24196000
1.90489197 0.44082999 -0.24073800
1.91594398 0.43705001 -0.24196000
1.90762401 0.42885199 -0.24073800
1.90896201 0.42285699 -0.24073800
1.91028094 0.41685799 -0.24073800
1.92128503 0.41294000 -0.24196000
1.91286302 0.40484601 -0.24073800
1.38163602 1.17378700 -0.16032900
1.38531697 1.16944098 -0.16032900
1.38135195 1.15868199 -0.15944800
1.38498604 1.15433598 -0.15944800
1.38093305 1.14362597 -0.15856700
1.39201105 1.14585400 -0.15944800
1.39560401 1.14147496 -0.15944800
1.39918303 1.13708496 -0.15944800
1.39499903 1.12642598 -0.15856700
1.39853001 1.12203801 -0.15856700
1.40983796 1.12384796 -0.15944800
1.40535796 1.11347401 -0.15856700
1.41667604 1.11521494 -0.15944800
1.41232705 1.10462201 -0.15856700
1.42365503 1.10629201 -0.15944800
1.42712402 1.10181296 -0.15944800
1.43057799 1.09732497 -0.15944800
1.43382800 1.09307599 -0.15944800
1.44519603 1.09457898 -0.16032900
1.44862700 1.09003401 -0.16032900
1.44406605 1.07951295 -0.15944800
1.45544696 1.08090997 -0.16032900
1.45081997 1.07041895 -0.15944800
1.45417595 1.06585598 -0.15944800
1.45751703 1.06128204 -0.15944800
1.46065998 1.05695200 -0.15944800
1.46397305 1.05235898 -0.15944800
1.47537804 1.05354297 -0.16032900
1.47055602 1.04313898 -0.15944800
1.46568298 1.03277695 -0.15856700
1.48524201 1.03959095 -0.16032900
1.49649704 1.04086804 -0.16121000
1.49976003 1.03616095 -0.16121000
1.48658204 1.02017200 -0.15944800
1.50624096 1.02671802 -0.16121000
1.50121105 1.01639605 -0.16032900
1.50439596 1.01167500 -0.16032900
1.51567400 1.01274097 -0.16121000
1.51884794 1.00797403 -0.16121000
1.52200699 1.00319803 -0.16121000
1.53348505 1.00386703 -0.16209100
1.53663099 0.99904501 -0.16209100
1.52302599 0.98340601 -0.16032900
1.52610803 0.97861600 -0.16032900
1.53757703 0.97916698 -0.16121000
1.54047501 0.97460097 -0.16121000
1.55196404 0.97505599 -0.16209100
1.53811705 0.95963001 -0.16032900
1.54112506 0.95479298 -0.16032900
1.54395103 0.95021600 -0.16032900
1.53842795 0.94016701 -0.15944800
1.54137397 0.93532997 -0.15944800
1.55283701 0.93562299 -0.16032900
1.55576897 0.93073899 -0.16032900
1.55868602 0.92584801 -0.16032900
1.57000506 0.92628098 -0.16121000
1.56431198 0.91630900 -0.16032900
1.57579398 0.91639799 -0.16121000
1.58729196 0.91642302 -0.16209100
1.58152103 0.90647900 -0.16121000
1.57570302 0.89657998 -0.16032900
1.58702803 0.89680099 -0.16121000
1.58983803 0.89181101 -0.16121000
1.59263206 0.88681102 -0.16121000
1.59540999 0.88180399 -0.16121000
1.59817195 0.87678802 -0.16121000
1.58342195 0.86223501 -0.15944800
1.59488702 0.86199200 -0.16032900
1.60636497 0.86168599 -0.16121000
1.60027099 0.85195398 -0.16032900
1.60293996 0.84692299 -0.16032900
1.61426699 0.84679002 -0.16121000
1.60808301 0.83711499 -0.16032900
1.62840605 0.84120202 -0.16209100
1.62217498 0.83153898 -0.16121000
1.63365901 0.83095503 -0.16209100
1.62736905 0.82133001 -0.16121000
1.63870394 0.82095999 -0.16209100
1.64127600 0.81580698 -0.16209100
1.64382994 0.81064802 -0.16209100
1.63742101 0.80110198 -0.16121000
1.64889097 0.80030203 -0.16209100
1.65139699 0.79511899 -0.16209100
1.66287506 0.79421997 -0.16297200
1.65636003 0.78472799 -0.16209100
1.65881705 0.77951998 -0.16209100
1.66125798 0.77430397 -0.16209100
1.67258894 0.77355301 -0.16297200
1.67501104 0.76829499 -0.16297200
1.68648398 0.76715398 -0.16385300
1.68888605 0.76185203 -0.16385300
1.70036399 0.76060897 -0.16473401
1.70274496 0.75526398 -0.16473401
1.69586098 0.74619699 -0.16385300
1.70732605 0.74484903 -0.16473401
1.70965803 0.73948097 -0.16473401
1.73028302 0.74195701 -0.16649500
1.71427095 0.72872400 -0.16473401
1.71655095 0.72333503 -0.16473401
1.71881497 0.71793902 -0.16473401
1.72106194 0.71253598 -0.16473401
1.71395397 0.70364201 -0.16385300
1.71615601 0.69825500 -0.16385300
1.72757995 0.69658500 -0.16473401
1.72976005 0.69115502 -0.16473401
1.73192298 0.68571699 -0.16473401
1.72479498 0.67663401 -0.16385300
1.73619699 0.67482102 -0.16473401
1.73830795 0.66936398 -0.16473401
1.74028599 0.66420299 -0.16473401
1.74236500 0.65873200 -0.16473401
1.75375402 0.65674800 -0.16561501
1.75580895 0.65123600 -0.16561501
1.75784600 0.64571702 -0.16561501
1.76922703 0.64359701 -0.16649500
1.77124000 0.63803500 -0.16649500
1.76385403 0.62911999 -0.16561501
1.78449595 0.63052201 -0.16737600
1.77706599 0.62162298 -0.16649500
1.77901006 0.61603802 -0.16649500
1.79035997 0.61367500 -0.16737600
1.81114495 0.61444801 -0.16913800
1.80362296 0.60558498 -0.16825700
1.81497002 0.60305703 -0.16913800
1.80739295 0.59424001 -0.16825700
1.80914795 0.58887500 -0.16825700
1.82995200 0.58929598 -0.17001900
1.82230306 0.58052099 -0.16913800
1.83361900 0.57778603 -0.17001900
1.83542502 0.57202202 -0.17001900
1.82769299 0.56331903 -0.16913800
1.83898199 0.56047899 -0.17001900
1.83119702 0.55182499 -0.16913800
1.84246802 0.54891300 -0.17001900
1.84418297 0.54312199 -0.17001900
1.84578705 0.53764802 -0.17001900
1.84746599 0.53184700 -0.17001900
1.84912801 0.52604097 -0.17001900
1.86036098 0.52292401 -0.17090000
1.85239697 0.51441097 -0.17001900
1.87321603 0.51385999 -0.17178100
1.86520696 0.50536799 -0.17090000
1.86678505 0.49950600 -0.17090000
1.86825895 0.49396399 -0.17090000
1.87943995 0.49060801 -0.17178100
1.89061797 0.48718700 -0.17266200
1.89213896 0.48124501 -0.17266200
1.89364195 0.47529900 -0.17266200
1.89512599 0.46934700 -0.17266200
1.89659095 0.46339101 -0.17266200
1.89803696 0.45743001 -0.17266200
1.89946496 0.45146599 -0.17266200
1.91057205 0.44776899 -0.17354301
1.92159700 0.44434199 -0.17442399
1.91327202 0.43608901 -0.17354301
1.92435098 0.43226001 -0.17442399
1.91597402 0.42405999 -0.17354301
1.91729701 0.41803899 -0.17354301
1.91860104 0.41201299 -0.17354301
1.39664698 1.17858803 -0.09594400
1.39269102 1.16777897 -0.09542000
1.39635301 1.16339695 -0.09542000
1.39230800 1.15263700 -0.09489500
1.40343404 1.15484595 -0.09542000
1.40705502 1.15043104 -0.09542000
1.39515996 1.13341200 -0.09437100
1.40648496 1.13529503 -0.09489500
1.40225399 1.12462294 -0.09437100
1.39797103 1.11398900 -0.09384700
1.40126896 1.10983598 -0.09384700
1.44398797 1.13630700 -0.09646800
1.47115195 1.15021706 -0.09804100
1.45109904 1.12721097 -0.09646800
1.47044504 1.13484895 -0.09751700
1.48192704 1.13630104 -0.09804100
1.47734904 1.12584603 -0.09751700
1.47291696 1.11517096 -0.09699200
1.48439395 1.11654198 -0.09751700
1.49589396 1.11784995 -0.09804100
1.49137998 1.10719299 -0.09751700
1.50288796 1.10843003 -0.09804100
1.49830699 1.09780002 -0.09751700
1.50982296 1.09896505 -0.09804100
1.51307702 1.09448004 -0.09804100
1.50839806 1.08389401 -0.09751700
1.51992404 1.08495200 -0.09804100
1.48259401 1.05128896 -0.09542000
1.49405396 1.05237806 -0.09594400
1.48916996 1.04195297 -0.09542000
1.49225497 1.03753102 -0.09542000
1.49550700 1.03283799 -0.09542000
1.49874496 1.02813399 -0.09542000
1.49371505 1.01779699 -0.09489500
1.48863494 1.00750196 -0.09437100
1.50007999 1.00839305 -0.09489500
1.51136994 1.00948298 -0.09542000
1.51453400 1.00472999 -0.09542000
1.50934398 0.99447298 -0.09489500
1.52081597 0.99519497 -0.09542000
1.53230798 0.99585402 -0.09594400
1.51864898 0.98020399 -0.09489500
1.52172101 0.97542799 -0.09489500
1.53320205 0.97600502 -0.09542000
1.53609097 0.97145200 -0.09542000
1.53067803 0.96131098 -0.09489500
1.54216504 0.96178102 -0.09542000
1.52819896 0.94641501 -0.09437100
1.59053898 0.97850603 -0.09804100
1.60212696 0.97871101 -0.09856500
1.60519302 0.97367299 -0.09856500
1.60824502 0.96862501 -0.09856500
1.61127996 0.96356702 -0.09856500
1.61429906 0.95850098 -0.09856500
1.61713600 0.95370698 -0.09856500
1.62874103 0.95366800 -0.09909000
1.63172996 0.94854599 -0.09909000
1.63470197 0.94341499 -0.09909000
1.63765705 0.93827498 -0.09909000
1.64059699 0.93312502 -0.09909000
1.64335799 0.92825401 -0.09909000
1.64626598 0.92308599 -0.09909000
1.64915800 0.91790903 -0.09909000
1.65203404 0.91272402 -0.09909000
1.61986899 0.88832301 -0.09699200
1.61388099 0.87845498 -0.09646800
1.62541795 0.87812698 -0.09699200
1.61936796 0.86829698 -0.09646800
1.62208796 0.86320603 -0.09646800
1.63362205 0.86276901 -0.09699200
1.62733102 0.85328102 -0.09646800
1.63000298 0.84816402 -0.09646800
1.63266003 0.84303898 -0.09646800
1.63530004 0.83790702 -0.09646800
1.63792396 0.83276498 -0.09646800
1.64053297 0.82761401 -0.09646800
1.65190995 0.82721502 -0.09699200
1.64555800 0.81757700 -0.09646800
1.64811802 0.81240499 -0.09646800
1.65963304 0.81160998 -0.09699200
1.66217506 0.80639100 -0.09699200
1.65570104 0.79683501 -0.09646800
1.65819597 0.79163003 -0.09646800
1.66970098 0.79069102 -0.09699200
1.71737099 0.80666900 -0.09961400
1.71989703 0.80127001 -0.09961400
1.73133099 0.80035400 -0.10013800
1.73383605 0.79491103 -0.10013800
1.72723401 0.78532702 -0.09961400
1.74790001 0.78810602 -0.10066200
1.74125099 0.77853400 -0.10013800
1.74368894 0.77306002 -0.10013800
1.75511599 0.77190399 -0.10066200
1.74837804 0.76239502 -0.10013800
1.75993097 0.76086098 -0.10066200
1.77149200 0.75926203 -0.10118700
1.76467705 0.74978799 -0.10066200
1.77622700 0.74811703 -0.10118700
1.76013803 0.73483902 -0.10013800
1.73475504 0.71785003 -0.09856500
1.73687804 0.71269900 -0.09856500
1.73910797 0.70723897 -0.09856500
1.73205900 0.69804001 -0.09804100
1.75279105 0.70000303 -0.09909000
1.74569595 0.69081801 -0.09856500
1.74785805 0.68532902 -0.09856500
1.75000298 0.67983502 -0.09856500
1.75212896 0.67433500 -0.09856500
1.76345301 0.67269200 -0.09909000
1.76555800 0.66714901 -0.09909000
1.76764500 0.66159803 -0.09909000
1.76971495 0.65604198 -0.09909000
1.76239204 0.64703798 -0.09856500
1.77380204 0.64490998 -0.09909000
1.78521502 0.64271700 -0.09961400
1.77781904 0.63375199 -0.09909000
1.77969098 0.62847501 -0.09909000
1.77223003 0.61958498 -0.09856500
1.82135296 0.63034397 -0.10118700
1.86111403 0.63756400 -0.10328400
1.85364997 0.62850797 -0.10276000
1.87454998 0.62903601 -0.10380800
1.87651706 0.62314302 -0.10380800
1.86897802 0.61412698 -0.10328400
1.88028896 0.61166799 -0.10380800
1.89170694 0.60881799 -0.10433200
1.89361000 0.60287201 -0.10433200
1.89549506 0.59692001 -0.10433200
1.90689600 0.59393102 -0.10485700
1.89920795 0.58499801 -0.10433200
1.91058898 0.58193898 -0.10485700
1.92197001 0.57881403 -0.10538100
1.91420805 0.56992298 -0.10485700
1.85851002 0.54698902 -0.10171100
1.86012399 0.54147202 -0.10171100
1.86181605 0.53562599 -0.10171100
1.86348999 0.52977502 -0.10171100
1.87475896 0.52661800 -0.10223500
1.86678195 0.51805502 -0.10171100
1.87803102 0.51482803 -0.10223500
1.87000000 0.50631601 -0.10171100
1.87158096 0.50043899 -0.10171100
1.87305796 0.49488300 -0.10171100
1.88426602 0.49151599 -0.10223500
1.89547205 0.48808500 -0.10276000
1.89699602 0.48212799 -0.10276000
1.89850104 0.47616699 -0.10276000
1.89998806 0.47019899 -0.10276000
1.90145600 0.46422699 -0.10276000
1.91261303 0.46059000 -0.10328400
1.90433502 0.45227200 -0.10276000
1.91546905 0.44856399 -0.10328400
1.92652202 0.44512701 -0.10380800
1.91817403 0.43685400 -0.10328400
1.92928004 0.43301401 -0.10380800
1.93063104 0.42695001 -0.10380800
1.91244805 0.41663200 -0.10276000
1.93327606 0.41481099 -0.10380800
1.41406298 1.19244003 -0.03179300
1.39481103 1.16872704 -0.03127700
1.40595603 1.17098200 -0.03144900
1.40192401 1.16018498 -0.03127700
1.41328502 1.16212499 -0.03144900
1.40918601 1.15135396 -0.03127700
1.42055905 1.15322304 -0.03144900
1.41639304 1.14247704 -0.03127700
1.41197503 1.13201499 -0.03110600
1.43116605 1.14003301 -0.03144900
1.42690003 1.12932599 -0.03127700
1.42258096 1.11865795 -0.03110600
1.43396795 1.12033796 -0.03127700
1.42958200 1.10969698 -0.03110600
1.44078505 1.11155796 -0.03127700
1.44427001 1.10702598 -0.03127700
1.44754803 1.10273600 -0.03127700
1.45100498 1.09818304 -0.03127700
1.44664598 1.08735800 -0.03110600
1.45005500 1.08280694 -0.03110600
1.45344996 1.07824695 -0.03110600
1.46487904 1.07960701 -0.03127700
1.46000898 1.06934798 -0.03110600
1.47953105 1.07652104 -0.03144900
1.47480297 1.06601000 -0.03127700
1.47814405 1.06137300 -0.03127700
1.47333097 1.05091703 -0.03110600
1.48478401 1.05206394 -0.03127700
1.47972405 1.04189801 -0.03110600
1.49937606 1.04870498 -0.03144900
1.52729702 1.06110501 -0.03196500
1.53885198 1.06198001 -0.03213700
1.55042803 1.06279302 -0.03230900
1.54549503 1.05228996 -0.03213700
1.54860997 1.04770005 -0.03213700
1.55189300 1.04282999 -0.03213700
1.54684603 1.03239799 -0.03196500
1.55008197 1.02753305 -0.03196500
1.55330205 1.02265894 -0.03196500
1.56487501 1.02324605 -0.03213700
1.57646799 1.02376997 -0.03230900
1.57127404 1.01339304 -0.03213700
1.58269203 1.01412106 -0.03230900
1.56899905 0.99840802 -0.03196500
1.58903301 1.00415695 -0.03230900
1.59218001 0.99915999 -0.03230900
1.56968296 0.97856301 -0.03179300
1.56424797 0.96836299 -0.03162100
1.55876505 0.95820802 -0.03144900
1.56176698 0.95330697 -0.03144900
1.56475401 0.94839501 -0.03144900
1.56772602 0.94347501 -0.03144900
1.56193697 0.93368900 -0.03127700
1.56486201 0.92877799 -0.03127700
1.57638597 0.92893302 -0.03144900
1.57929695 0.92397600 -0.03144900
1.59083796 0.92403197 -0.03162100
1.58507097 0.91403502 -0.03144900
1.59645295 0.91429698 -0.03162100
1.59062505 0.90433598 -0.03144900
1.60216606 0.90424800 -0.03162100
1.60499895 0.89920998 -0.03162100
1.60781598 0.89416301 -0.03162100
1.61061704 0.88910800 -0.03162100
1.60463297 0.87923998 -0.03144900
1.60738802 0.87419403 -0.03144900
1.64532006 0.88813800 -0.03213700
1.66572905 0.89240700 -0.03248000
1.67719698 0.89215702 -0.03265200
1.67999101 0.88688397 -0.03265200
1.70048296 0.89088100 -0.03299600
1.69440198 0.88092202 -0.03282400
1.69716096 0.87559497 -0.03282400
1.69990301 0.87026000 -0.03282400
1.71139097 0.86974102 -0.03299600
1.70518804 0.85985798 -0.03282400
1.72576404 0.86344498 -0.03316800
1.71055698 0.84912801 -0.03282400
1.72218502 0.84816802 -0.03299600
1.73382497 0.84714198 -0.03316800
1.72748101 0.83732897 -0.03299600
1.73911405 0.83623099 -0.03316800
1.66953599 0.79632801 -0.03179300
1.68106699 0.79535598 -0.03196500
1.68341994 0.79036403 -0.03196500
1.68589497 0.78507102 -0.03196500
1.67927599 0.77557898 -0.03179300
1.69079399 0.77446300 -0.03196500
1.69321895 0.76914799 -0.03196500
1.69562697 0.76382399 -0.03196500
1.69788599 0.75878900 -0.03196500
1.70026100 0.75345200 -0.03196500
1.70262003 0.74810702 -0.03196500
1.71412802 0.74674797 -0.03213700
1.70728695 0.73739398 -0.03196500
1.71878600 0.73596197 -0.03213700
1.73029399 0.73446602 -0.03230900
1.72337604 0.72514898 -0.03213700
1.72552001 0.72003299 -0.03213700
1.72777402 0.71460801 -0.03213700
1.73926198 0.71296799 -0.03230900
1.76002002 0.71502799 -0.03265200
1.79935706 0.72443199 -0.03334000
1.81091106 0.72248000 -0.03351200
1.80387402 0.71311200 -0.03334000
1.81541502 0.71108699 -0.03351200
1.80819595 0.70207900 -0.03334000
1.81972504 0.69998503 -0.03351200
1.83125806 0.69782501 -0.03368300
1.84279501 0.69559902 -0.03385500
1.83560598 0.68630499 -0.03368300
1.83775306 0.68053597 -0.03368300
1.84926903 0.67820102 -0.03385500
1.84199297 0.66897398 -0.03368300
1.85337806 0.66689199 -0.03385500
1.85546398 0.66106498 -0.03385500
1.85753095 0.65523398 -0.03385500
1.80294394 0.62961602 -0.03282400
1.81436300 0.62721503 -0.03299600
1.80686402 0.61827499 -0.03282400
1.81826794 0.61580402 -0.03299600
1.81071305 0.60691100 -0.03282400
1.81250596 0.60153502 -0.03282400
1.83338594 0.60207701 -0.03316800
1.82575905 0.59322500 -0.03299600
1.83713198 0.59054601 -0.03316800
1.82945001 0.58174199 -0.03299600
1.84080601 0.57899201 -0.03316800
1.84261703 0.57320499 -0.03316800
1.84440804 0.56741399 -0.03316800
1.85574698 0.56452698 -0.03334000
1.84793699 0.55581498 -0.03316800
1.84957802 0.55032903 -0.03316800
1.85129797 0.54451501 -0.03316800
1.86259997 0.54148799 -0.03334000
1.91234100 0.54943901 -0.03419900
1.94291198 0.55162102 -0.03471500
1.94463599 0.54551399 -0.03471500
1.93670499 0.53673100 -0.03454300
1.95766902 0.53592497 -0.03488600
1.94959903 0.52750301 -0.03471500
1.94158697 0.51879501 -0.03454300
1.96254206 0.51779300 -0.03488600
1.95448399 0.50910401 -0.03471500
1.95607400 0.50296199 -0.03471500
1.96733499 0.49927399 -0.03488600
1.97859299 0.49552000 -0.03505800
1.96072698 0.48450500 -0.03471500
1.97195399 0.48071000 -0.03488600
1.92484701 0.46282500 -0.03402700
1.92621100 0.45711201 -0.03402700
1.92763805 0.45105800 -0.03402700
1.92904496 0.44500101 -0.03402700
1.93043399 0.43893799 -0.03402700
1.94156003 0.43505800 -0.03419900
1.94291699 0.42895600 -0.03419900
1.93448496 0.42072499 -0.03402700
1.51251101 1.28224802 0.38542399
1.45647001 1.22689700 0.37015900
1.43020797 1.19711304 0.36252701
1.43396199 1.19261301 0.36252701
1.43749404 1.18835402 0.36252701
1.44122100 1.18383205 0.36252701
1.45253694 1.18550503 0.36443499
1.44862998 1.17475295 0.36252701
1.44466996 1.16403699 0.36061901
1.45598304 1.16562796 0.36252701
1.45175397 1.15518999 0.36061901
1.46307600 1.15671206 0.36252701
1.46670198 1.15210998 0.36252701
1.47805297 1.15353596 0.36443499
1.46615505 1.13685703 0.36061901
1.47749603 1.13823497 0.36252701
1.47307205 1.12787902 0.36061901
1.48442101 1.12918901 0.36252701
1.47993505 1.11886001 0.36061901
1.49148703 1.11984003 0.36252701
1.49499798 1.11514795 0.36252701
1.49849296 1.11044705 0.36252701
1.50197399 1.10573399 0.36252701
1.50544095 1.10100901 0.36252701
1.50870097 1.09653795 0.36252701
1.50417995 1.08604598 0.36061901
1.52353799 1.09275806 0.36443499
1.51097405 1.07657397 0.36061901
1.52236104 1.07749295 0.36252701
1.52573800 1.07270503 0.36252701
1.52086794 1.06255102 0.36061901
1.53226304 1.06336498 0.36252701
1.52751398 1.05297506 0.36061901
1.53891397 1.05371594 0.36252701
1.53410006 1.04335594 0.36061901
1.54550397 1.04402697 0.36252701
1.54859495 1.03943598 0.36252701
1.55185294 1.03456604 0.36252701
1.55509603 1.02968502 0.36252701
1.55832303 1.02479506 0.36252701
1.56153405 1.01989496 0.36252701
1.56473100 1.01498401 0.36252701
1.56791198 1.01006305 0.36252701
1.57934594 1.01042199 0.36443499
1.57405198 1.00046599 0.36252701
1.57718801 0.99551702 0.36252701
1.58030796 0.99055600 0.36252701
1.58341098 0.98558700 0.36252701
1.59467804 0.98604703 0.36443499
1.58940303 0.97589600 0.36252701
1.59246099 0.97089797 0.36252701
1.59550297 0.96588999 0.36252701
1.59852898 0.96087301 0.36252701
1.60153997 0.95584601 0.36252701
1.61281300 0.95609599 0.36443499
1.61580896 0.95102501 0.36443499
1.61878896 0.94594401 0.36443499
1.62175298 0.94085401 0.36443499
1.63320696 0.94065303 0.36634299
1.62763202 0.93064499 0.36443499
1.63038599 0.92581201 0.36443499
1.63328695 0.92068499 0.36443499
1.64473701 0.92034298 0.36634299
1.63903904 0.91040498 0.36443499
1.64189100 0.90525103 0.36443499
1.64472699 0.90008903 0.36443499
1.65617299 0.89960200 0.36634299
1.65034997 0.88973701 0.36443499
1.66179204 0.88917899 0.36634299
1.66457701 0.88395399 0.36634299
1.66719306 0.87901098 0.36634299
1.67864394 0.87831998 0.36825100
1.67268300 0.86851901 0.36634299
1.67540300 0.86325902 0.36634299
1.67810702 0.85799199 0.36634299
1.68954802 0.85715699 0.36825100
1.69208395 0.85214001 0.36825100
1.68597198 0.84243202 0.36634299
1.69740498 0.84149200 0.36825100
1.70003998 0.83615500 0.36825100
1.70265806 0.83081001 0.36825100
1.70526004 0.82545602 0.36825100
1.70784497 0.82009500 0.36825100
1.71041298 0.81472600 0.36825100
1.71296406 0.80934799 0.36825100
1.71549797 0.80396301 0.36825100
1.71787596 0.79886901 0.36825100
1.72037697 0.79346901 0.36825100
1.72286105 0.78806102 0.36825100
1.72532904 0.78264397 0.36825100
1.73673105 0.78124702 0.37015900
1.73917699 0.77578598 0.37015900
1.75044799 0.77459502 0.37206700
1.73489404 0.76120502 0.36825100
1.75528002 0.76358199 0.37206700
1.74865699 0.75417602 0.37015900
1.75101697 0.74867898 0.37015900
1.76239896 0.74700499 0.37206700
1.75568700 0.73766202 0.37015900
1.76705801 0.73591697 0.37206700
1.76923299 0.73067099 0.37206700
1.78060496 0.72882700 0.37397599
1.77378905 0.71954000 0.37206700
1.77604103 0.71396399 0.37206700
1.78739500 0.71201301 0.37397599
1.79875302 0.70999902 0.37588400
1.80097497 0.70434397 0.37588400
1.79402602 0.69513601 0.37397599
1.79607999 0.68980998 0.37397599
1.80741298 0.68765497 0.37588400
1.81875002 0.68543500 0.37779200
1.81169796 0.67628503 0.37588400
1.81381297 0.67059100 0.37588400
1.82512903 0.66826397 0.37779200
1.80876303 0.65583402 0.37397599
1.82929206 0.65678298 0.37779200
1.83123302 0.65135199 0.37779200
1.84252906 0.64885801 0.37970001
1.83528900 0.63983399 0.37779200
1.83729005 0.63406402 0.37779200
1.84856200 0.63146299 0.37970001
1.85053694 0.62565303 0.37970001
1.86180198 0.62295002 0.38160801
1.86374998 0.61709797 0.38160801
1.86557305 0.61156499 0.38160801
1.86748505 0.60570198 0.38160801
1.86937904 0.59983200 0.38160801
1.88060999 0.59692597 0.38351601
1.88247597 0.59101498 0.38351601
1.89369905 0.58800900 0.38542399
1.88615298 0.57917500 0.38351601
1.89735603 0.57609898 0.38542399
1.89915597 0.57013500 0.38542399
1.91034806 0.56695902 0.38733199
1.90260398 0.55852300 0.38542399
1.91377604 0.55527902 0.38733199
1.90607500 0.54655898 0.38542399
1.91722703 0.54324299 0.38733199
1.91892397 0.53721797 0.38733199
1.93006396 0.53380299 0.38924000
1.92226195 0.52515000 0.38733199
1.93338001 0.52166599 0.38924000
1.93491900 0.51592702 0.38924000
1.94602299 0.51234502 0.39114800
1.94762301 0.50622898 0.39114800
1.94920397 0.50010800 0.39114800
1.95076501 0.49398199 0.39114800
1.95230806 0.48785099 0.39114800
1.95383000 0.48171499 0.39114800
1.96487296 0.47789401 0.39305601
1.96636403 0.47171900 0.39305601
1.96783602 0.46553999 0.39305601
1.96920896 0.45969799 0.39305601
1.98020995 0.45571199 0.39496401
1.98163199 0.44948801 0.39496401
1.98303401 0.44326100 0.39496401
1.98441696 0.43702900 0.39496401
1.98578000 0.43079200 0.39496401
1.96792400 0.42045000 0.39114800
1.41657102 1.20049000 0.29419401
1.40522599 1.18331003 0.29106399
1.41651106 1.18522799 0.29262900
1.42782199 1.18708599 0.29419401
1.43895197 1.18913603 0.29575899
1.43504703 1.17834198 0.29419401
1.43874204 1.17382801 0.29419401
1.44242203 1.16930199 0.29419401
1.44608903 1.16476500 0.29419401
1.45745206 1.16638696 0.29575899
1.44544804 1.14976096 0.29262900
1.45680106 1.15133798 0.29419401
1.46041095 1.14675605 0.29419401
1.46400702 1.14216197 0.29419401
1.45978105 1.13150704 0.29262900
1.47115397 1.13294101 0.29419401
1.47450900 1.12857103 0.29419401
1.48590899 1.12991202 0.29575899
1.47349596 1.11358798 0.29262900
1.47718000 1.10869598 0.29262900
1.48857498 1.10995305 0.29419401
1.49205399 1.10527098 0.29419401
1.49551904 1.10057902 0.29419401
1.49896896 1.09587502 0.29419401
1.50221395 1.09142303 0.29419401
1.50563598 1.08669698 0.29419401
1.50904202 1.08196199 0.29419401
1.50438905 1.07148600 0.29262900
1.51581001 1.07245898 0.29419401
1.51917195 1.06769204 0.29419401
1.53043103 1.06883502 0.29575899
1.52566600 1.05839205 0.29419401
1.52898300 1.05359399 0.29419401
1.53228605 1.04878497 0.29419401
1.53557301 1.04396605 0.29419401
1.53884494 1.03913701 0.29419401
1.54192197 1.03456604 0.29419401
1.54516399 1.02971697 0.29419401
1.55662799 1.03030896 0.29575899
1.55985701 1.02541399 0.29575899
1.56307006 1.02050900 0.29575899
1.56626904 1.01559305 0.29575899
1.56114697 1.00531995 0.29419401
1.56429803 1.00040996 0.29419401
1.57559597 1.00106096 0.29575899
1.57873297 0.99610698 0.29575899
1.57348502 0.98589802 0.29419401
1.56818902 0.97573203 0.29262900
1.57947898 0.97626698 0.29419401
1.58253801 0.97130102 0.29419401
1.58558095 0.96632397 0.29419401
1.58860898 0.96133798 0.29419401
1.60008705 0.96143001 0.29575899
1.60309994 0.95639801 0.29575899
1.60593104 0.95163703 0.29575899
1.60039902 0.94157898 0.29419401
1.62040699 0.94651002 0.29732400
1.61482799 0.93646002 0.29575899
1.62632203 0.93630999 0.29732400
1.62925506 0.93119597 0.29732400
1.63201106 0.92635798 0.29732400
1.62630796 0.91637701 0.29575899
1.63779902 0.91608602 0.29732400
1.64066899 0.91093498 0.29732400
1.63487303 0.90100998 0.29575899
1.63769495 0.89586902 0.29575899
1.64050198 0.89071900 0.29575899
1.64329195 0.88556200 0.29575899
1.65477502 0.88505203 0.29732400
1.64882302 0.87521899 0.29575899
1.66015005 0.87492800 0.29732400
1.66289103 0.86970800 0.29732400
1.66561496 0.86448002 0.29732400
1.66832304 0.85924202 0.29732400
1.67101395 0.85399699 0.29732400
1.68249702 0.85321099 0.29888901
1.67620003 0.84377301 0.29732400
1.68767798 0.84291703 0.29888901
1.69916701 0.84199601 0.30045301
1.69294095 0.83229601 0.29888901
1.69554698 0.82697397 0.29888901
1.70702803 0.82594401 0.30045301
1.70071006 0.81630403 0.29888901
1.70326602 0.81095701 0.29888901
1.69687402 0.80138397 0.29732400
1.70832705 0.80023903 0.29888901
1.71965098 0.79933000 0.30045301
1.72215402 0.79392397 0.30045301
1.71565700 0.78440303 0.29888901
1.72710800 0.78308702 0.30045301
1.73856699 0.78170800 0.30201799
1.74101496 0.77624202 0.30201799
1.73427796 0.76707798 0.30045301
1.73667896 0.76162601 0.30045301
1.74812102 0.76010400 0.30201799
1.75049996 0.75460899 0.30201799
1.76194406 0.75298703 0.30358300
1.75520694 0.74359500 0.30201799
1.75753403 0.73807800 0.30201799
1.76896298 0.73634797 0.30358300
1.77113998 0.73109603 0.30358300
1.77342796 0.72552800 0.30358300
1.78485096 0.72366399 0.30514801
1.78711605 0.71805400 0.30514801
1.78936303 0.71243602 0.30514801
1.78240502 0.70318598 0.30358300
1.79380405 0.70117801 0.30514801
1.79599798 0.69554001 0.30514801
1.79805398 0.69020802 0.30514801
1.80944502 0.68806601 0.30671301
1.81159794 0.68237901 0.30671301
1.81373298 0.67668301 0.30671301
1.80658495 0.66755998 0.30514801
1.82722402 0.66866899 0.30827799
1.82002997 0.65956002 0.30671301
1.83138895 0.65717500 0.30827799
1.83333099 0.65173799 0.30827799
1.83536899 0.64597499 0.30827799
1.84671605 0.64345598 0.30984300
1.83939195 0.63443100 0.30827799
1.84137595 0.62864900 0.30827799
1.85269904 0.62602299 0.30984300
1.85465598 0.62019902 0.30984300
1.84721899 0.61126697 0.30827799
1.85841000 0.60885799 0.30984300
1.86031401 0.60301697 0.30984300
1.87160397 0.60018599 0.31140801
1.87348104 0.59430301 0.31140801
1.87533796 0.58841503 0.31140801
1.88661098 0.58544701 0.31297201
1.88844097 0.57951701 0.31297201
1.89025199 0.57358199 0.31297201
1.90150499 0.57047898 0.31453699
1.90328801 0.56450200 0.31453699
1.89547706 0.55607200 0.31297201
1.89721406 0.55011499 0.31297201
1.89893305 0.54415202 0.31297201
1.91013706 0.54087400 0.31453699
1.91182601 0.53487098 0.31453699
1.92301702 0.53149301 0.31610200
1.92467701 0.52544898 0.31610200
1.92631805 0.51940000 0.31610200
1.93739498 0.51622498 0.31766701
1.93900704 0.51013601 0.31766701
1.95016003 0.50652498 0.31923199
1.94217396 0.49794301 0.31766701
1.94372904 0.49183899 0.31766701
1.95484698 0.48812300 0.31923199
1.95637095 0.48197901 0.31923199
1.94827795 0.47349799 0.31766701
1.96896505 0.47198001 0.32079700
1.96082604 0.46351999 0.31923199
1.97181201 0.45994300 0.32079700
1.97324705 0.45374700 0.32079700
1.97466302 0.44754499 0.32079700
1.97605896 0.44134000 0.32079700
1.96779001 0.43300700 0.31923199
1.96914005 0.42682201 0.31923199
1.42386305 1.20624304 0.22801700
1.40486395 1.18258703 0.22437800
1.43902802 1.20364106 0.22923000
1.42753506 1.18642497 0.22680400
1.43870103 1.18850601 0.22801700
1.44242799 1.18397999 0.22801700
1.44614005 1.17944300 0.22801700
1.44212604 1.16864502 0.22680400
1.45352197 1.17033398 0.22801700
1.45719194 1.16576195 0.22801700
1.46064496 1.16143298 0.22801700
1.46428597 1.15683806 0.22801700
1.46791303 1.15223300 0.22801700
1.46369803 1.14151096 0.22680400
1.47512400 1.14298701 0.22801700
1.47870696 1.13834703 0.22801700
1.48207796 1.13395405 0.22801700
1.47773099 1.12328601 0.22680400
1.48105800 1.11889601 0.22680400
1.48475897 1.11397898 0.22680400
1.49621105 1.11524105 0.22801700
1.49172997 1.10462797 0.22680400
1.50318801 1.10581803 0.22801700
1.49864101 1.09523296 0.22680400
1.50188398 1.09078205 0.22680400
1.51335299 1.09186602 0.22801700
1.51677597 1.08710599 0.22801700
1.51209700 1.07657897 0.22680400
1.52357602 1.07755494 0.22801700
1.51071000 1.06135094 0.22559100
1.51385200 1.05686295 0.22559100
1.51716495 1.05210197 0.22559100
1.53681099 1.05859303 0.22801700
1.52374601 1.04254901 0.22559100
1.53522301 1.04333699 0.22680400
1.53026605 1.03295505 0.22559100
1.54156804 1.03393900 0.22680400
1.53654695 1.02358794 0.22559100
1.54803395 1.02423203 0.22680400
1.55124402 1.01936400 0.22680400
1.55443799 1.01448596 0.22680400
1.56594706 1.01499605 0.22801700
1.55243504 0.99932700 0.22559100
1.56393099 0.99979001 0.22680400
1.57526898 1.00046802 0.22801700
1.57000804 0.99021900 0.22680400
1.58993602 0.99581897 0.22923000
1.58462799 0.98557699 0.22801700
1.60443401 0.99130499 0.23044300
1.59907997 0.98106998 0.22923000
1.60215402 0.97604102 0.22923000
1.60521305 0.97100300 0.22923000
1.60825503 0.96595502 0.22923000
1.61128199 0.96089798 0.22923000
1.61412597 0.95611298 0.22923000
1.61712098 0.95103800 0.22923000
1.61152899 0.94094700 0.22801700
1.63165295 0.94583601 0.23044300
1.62601304 0.93575400 0.22923000
1.63756299 0.93556499 0.23044300
1.63169801 0.92580402 0.22923000
1.64324796 0.92554498 0.23044300
1.63748300 0.91553402 0.22923000
1.64035201 0.91038400 0.22923000
1.65189803 0.91001701 0.23044300
1.65474796 0.90482301 0.23044300
1.64013505 0.89015001 0.22801700
1.63418400 0.88028598 0.22680400
1.66320300 0.88918698 0.23044300
1.65722001 0.87930501 0.22923000
1.65982103 0.87438399 0.22923000
1.67135704 0.87376398 0.23044300
1.65647101 0.85936701 0.22801700
1.65916300 0.85415798 0.22801700
1.66183805 0.84894198 0.22801700
1.68220401 0.85269302 0.23044300
1.67586005 0.84323603 0.22923000
1.68738198 0.84240103 0.23044300
1.69001997 0.83709598 0.23044300
1.69264102 0.83178198 0.23044300
1.68632400 0.82211101 0.22923000
1.68889797 0.81680900 0.22923000
1.70935500 0.82008600 0.23165500
1.71192300 0.81471300 0.23165500
1.72344995 0.81356698 0.23286800
1.72599697 0.80814898 0.23286800
1.73739004 0.80720598 0.23408100
1.73991704 0.80174500 0.23408100
1.74242699 0.79627502 0.23408100
1.74492002 0.79079598 0.23408100
1.73834205 0.78124201 0.23286800
1.74078798 0.77577698 0.23286800
1.75216103 0.77462202 0.23408100
1.75458503 0.76911402 0.23408100
1.75699306 0.76359701 0.23408100
1.75938296 0.75807399 0.23408100
1.76175594 0.75254297 0.23408100
1.77325201 0.75087500 0.23529400
1.77560198 0.74530101 0.23529400
1.77793503 0.73971897 0.23529400
1.78012204 0.73444003 0.23529400
1.77323306 0.72508699 0.23408100
1.78470099 0.72324097 0.23529400
1.76854205 0.71023297 0.23286800
1.78920996 0.71201301 0.23529400
1.80067301 0.71003002 0.23650700
1.78440297 0.69714499 0.23408100
1.80509806 0.69870198 0.23650700
1.81643105 0.69689900 0.23772000
1.79077601 0.68060899 0.23408100
1.79290497 0.67497998 0.23408100
1.81361794 0.67628002 0.23650700
1.80642200 0.66714102 0.23529400
1.81783104 0.66487199 0.23650700
1.81057799 0.65577698 0.23529400
1.84065902 0.66013902 0.23893200
1.81455004 0.64470500 0.23529400
1.78847504 0.62911999 0.23165500
1.83731306 0.63981998 0.23772000
1.85808301 0.64051402 0.24014500
1.85069096 0.63146901 0.23893200
1.85266602 0.62565202 0.23893200
1.85462201 0.61982799 0.23893200
1.85655999 0.61399901 0.23893200
1.85837400 0.60848701 0.23893200
1.86971998 0.60570502 0.24014500
1.86215997 0.59679902 0.23893200
1.87348795 0.59394503 0.24014500
1.87534499 0.58805698 0.24014500
1.87718296 0.58216202 0.24014500
1.88849294 0.57917303 0.24135800
1.88080394 0.57035702 0.24014500
1.89209497 0.56729501 0.24135800
1.89386702 0.56134897 0.24135800
1.87647402 0.55014098 0.23893200
1.89726102 0.54976898 0.24135800
1.89897895 0.54380602 0.24135800
1.89112699 0.53513497 0.24014500
1.90235806 0.53186399 0.24135800
1.91358805 0.52852702 0.24257100
1.90566301 0.51990098 0.24135800
1.89770198 0.51132900 0.24014500
1.90880299 0.50825000 0.24135800
1.92958999 0.50729901 0.24378400
1.92156601 0.49873999 0.24257100
1.94235504 0.49762800 0.24499699
1.92466199 0.48665699 0.24257100
1.95507395 0.48781699 0.24620999
1.94695902 0.47929999 0.24499699
1.92916298 0.46849599 0.24257100
1.95958495 0.46937001 0.24620999
1.96105003 0.46321100 0.24620999
1.97208297 0.45964301 0.24742199
1.97351694 0.45344600 0.24742199
1.97493196 0.44724301 0.24742199
1.97632694 0.44103700 0.24742199
1.97770298 0.43482599 0.24742199
1.97905898 0.42861101 0.24742199
1.41020894 1.18666506 0.16011500
1.44450104 1.20779097 0.16357701
1.44062603 1.19687998 0.16271199
1.44417000 1.19260097 0.16271199
1.45561194 1.19437695 0.16357701
1.44391406 1.17720795 0.16184600
1.45534599 1.17893696 0.16271199
1.45904303 1.17435896 0.16271199
1.45494401 1.16354704 0.16184600
1.45839095 1.15922499 0.16184600
1.45420694 1.14846301 0.16098100
1.45780694 1.14388895 0.16098100
1.46139395 1.13930404 0.16098100
1.47284198 1.14080799 0.16184600
1.46062803 1.12402296 0.16011500
1.47186995 1.12573695 0.16098100
1.47539902 1.12110806 0.16098100
1.48667002 1.12272799 0.16184600
1.49038398 1.11779296 0.16184600
1.48590004 1.10715199 0.16098100
1.48937094 1.10247898 0.16098100
1.49282706 1.09779501 0.16098100
1.50431299 1.09897602 0.16184600
1.49950504 1.08865499 0.16098100
1.51099801 1.08976603 0.16184600
1.51441395 1.08501399 0.16184600
1.52593195 1.08602798 0.16271199
1.52120197 1.07547700 0.16184600
1.51642001 1.06496704 0.16098100
1.53591299 1.07186604 0.16271199
1.54745996 1.07271099 0.16357701
1.54261696 1.06219494 0.16271199
1.53772295 1.05171895 0.16184600
1.54102004 1.04688203 0.16184600
1.54430103 1.04203701 0.16184600
1.54738605 1.03744996 0.16184600
1.55063701 1.03258395 0.16184600
1.56218398 1.03320205 0.16271199
1.55709505 1.02282000 0.16184600
1.56864405 1.02336705 0.16271199
1.56349099 1.01301599 0.16184600
1.57504296 1.01349103 0.16271199
1.56982505 1.00317299 0.16184600
1.58120501 1.00384998 0.16271199
1.58435094 0.99887800 0.16271199
1.58748102 0.99389601 0.16271199
1.58213496 0.98364401 0.16184600
1.57657099 0.97371000 0.16098100
1.57962203 0.96875203 0.16098100
1.59116602 0.96896702 0.16184600
1.58567703 0.95880800 0.16098100
1.59722304 0.95894998 0.16184600
1.60022795 0.95392698 0.16184600
1.60305095 0.94917500 0.16184600
1.60602498 0.94413501 0.16184600
1.60898304 0.93908399 0.16184600
1.61192501 0.93402499 0.16184600
1.62348795 0.93392301 0.16271199
1.61776197 0.92387801 0.16184600
1.62049603 0.91907501 0.16184600
1.63205695 0.91886598 0.16271199
1.63493502 0.91373497 0.16271199
1.63779795 0.90859300 0.16271199
1.64937103 0.90824902 0.16357701
1.64347398 0.89828598 0.16271199
1.65504503 0.89786798 0.16357701
1.65785801 0.89266503 0.16357701
1.66065395 0.88745099 0.16357701
1.66343403 0.88222998 0.16357701
1.66604400 0.87729102 0.16357701
1.66879201 0.87205201 0.16357701
1.67152297 0.86680597 0.16357701
1.67423797 0.86154997 0.16357701
1.66806400 0.85175502 0.16271199
1.67961800 0.85101402 0.16357701
1.68213606 0.84602600 0.16357701
1.67587101 0.83628899 0.16271199
1.68741798 0.83544099 0.16357701
1.69897699 0.83452702 0.16444300
1.68367898 0.82045799 0.16271199
1.69521701 0.81950003 0.16357701
1.69778299 0.81417000 0.16357701
1.70932901 0.81311297 0.16444300
1.71187496 0.80773801 0.16444300
1.72342801 0.80657899 0.16530800
1.72581398 0.80146199 0.16530800
1.71927404 0.79186898 0.16444300
1.73081505 0.79060298 0.16530800
1.72421503 0.78105003 0.16444300
1.73574805 0.77971202 0.16530800
1.73818898 0.77425498 0.16530800
1.74047899 0.76909500 0.16530800
1.74288595 0.76362300 0.16530800
1.74527705 0.75814301 0.16530800
1.75680006 0.75659800 0.16617399
1.75916803 0.75107402 0.16617399
1.76151896 0.74554402 0.16617399
1.76385200 0.74000698 0.16617399
1.76616895 0.73446202 0.16617399
1.76833999 0.72921801 0.16617399
1.77984405 0.72742802 0.16703901
1.77288699 0.71809298 0.16617399
1.78437996 0.71623099 0.16703901
1.79587805 0.71430302 0.16790500
1.79811299 0.70865798 0.16790500
1.80033100 0.70300502 0.16790500
1.80253005 0.69734597 0.16790500
1.81389296 0.69556201 0.16877000
1.80675697 0.68632197 0.16790500
1.81822801 0.68415201 0.16877000
1.82036901 0.67843598 0.16877000
1.83183706 0.67616302 0.16963600
1.82459497 0.66698498 0.16877000
1.83604896 0.66464001 0.16963600
1.83812797 0.65886903 0.16963600
1.84946299 0.65674597 0.17050099
1.85151696 0.65093201 0.17050099
1.81591702 0.63201398 0.16703901
1.84615099 0.63604099 0.16963600
1.85757005 0.63345402 0.17050099
1.85955000 0.62761497 0.17050099
1.85206401 0.61861402 0.16963600
1.86345696 0.61591899 0.17050099
1.86527705 0.61038703 0.17050099
1.86718500 0.60452402 0.17050099
1.86907494 0.59865600 0.17050099
1.87094605 0.59277999 0.17050099
1.87279904 0.58690000 0.17050099
1.88415003 0.58396202 0.17136700
1.88597500 0.57804102 0.17136700
1.88778198 0.57211298 0.17136700
1.88957000 0.56617898 0.17136700
1.89133894 0.56023997 0.17136700
1.90255404 0.55742699 0.17223200
1.89644098 0.54272097 0.17136700
1.93648303 0.54760402 0.17482901
1.92859805 0.53883702 0.17396300
1.93028200 0.53277498 0.17396300
1.94155705 0.52932900 0.17482901
1.94321096 0.52322698 0.17482901
1.96401000 0.52258199 0.17656000
1.94637096 0.51134700 0.17482901
1.94796801 0.50522900 0.17482901
1.95919597 0.50157797 0.17569400
1.96076202 0.49542099 0.17569400
1.96230900 0.48925799 0.17569400
1.95416200 0.48071200 0.17482901
1.96534503 0.47691900 0.17569400
1.94745600 0.46610501 0.17396300
1.97799802 0.46685001 0.17656000
1.97937500 0.46097901 0.17656000
1.99052298 0.45698801 0.17742500
1.99194896 0.45073199 0.17742500
1.98363101 0.44230399 0.17656000
1.99474204 0.43820801 0.17742500
1.98637104 0.42983100 0.17656000
1.43295002 1.21308196 0.09739500
1.39854205 1.17643094 0.09480500
1.44054401 1.20405495 0.09739500
1.42895401 1.18676198 0.09635900
1.43246901 1.18251705 0.09635900
1.44389904 1.18434405 0.09687700
1.43987095 1.17349398 0.09635900
1.44354999 1.16896498 0.09635900
1.44721603 1.16442299 0.09635900
1.45086706 1.15987098 0.09635900
1.45430195 1.15556097 0.09635900
1.45008600 1.14479899 0.09584100
1.46153295 1.14640105 0.09635900
1.47300506 1.14794195 0.09687700
1.47660398 1.14330900 0.09687700
1.48018897 1.13866401 0.09687700
1.49942696 1.14639902 0.09791400
1.49506903 1.13564205 0.09739500
1.50640202 1.13721800 0.09791400
1.50217497 1.12622595 0.09739500
1.50570595 1.12150097 0.09739500
1.50922203 1.11676502 0.09739500
1.51272202 1.11201894 0.09739500
1.51620901 1.10725999 0.09739500
1.51140499 1.09689105 0.09687700
1.52294397 1.09797800 0.09739500
1.52638602 1.09318805 0.09739500
1.52981305 1.08838797 0.09739500
1.53322506 1.08357596 0.09739500
1.52844799 1.07301497 0.09687700
1.52343404 1.06276202 0.09635900
1.52676499 1.05797100 0.09635900
1.53830695 1.05883205 0.09687700
1.54162705 1.05399299 0.09687700
1.53666902 1.04353404 0.09635900
1.54821801 1.04428697 0.09687700
1.55960596 1.04524803 0.09739500
1.55456901 1.03480995 0.09687700
1.55781198 1.02991998 0.09687700
1.55269301 1.01953995 0.09635900
1.56425202 1.02011299 0.09687700
1.56744897 1.01519299 0.09687700
1.57063103 1.01026404 0.09687700
1.57379699 1.00532401 0.09687700
1.57677305 1.00065100 0.09687700
1.57146001 0.99036801 0.09635900
1.57456398 0.98542601 0.09635900
1.57765198 0.98047501 0.09635900
1.57205606 0.97054201 0.09584100
1.59212601 0.97603798 0.09687700
1.62077498 0.98661000 0.09843200
1.61531997 0.97634703 0.09791400
1.61837900 0.97126800 0.09791400
1.63000202 0.97128999 0.09843200
1.64147103 0.97153699 0.09895000
1.63590395 0.96131599 0.09843200
1.64754295 0.96120399 0.09895000
1.64191198 0.95101798 0.09843200
1.64489198 0.94585502 0.09843200
1.64785504 0.94068301 0.09843200
1.65932703 0.94071501 0.09895000
1.66227400 0.93549699 0.09895000
1.66520500 0.93027002 0.09895000
1.65938604 0.92019099 0.09843200
1.67101705 0.91978902 0.09895000
1.64760602 0.90017098 0.09739500
1.66798401 0.90451097 0.09843200
1.66202402 0.89453399 0.09791400
1.65601695 0.88460201 0.09739500
1.66761100 0.88407302 0.09791400
1.66138995 0.87447000 0.09739500
1.67298102 0.87387002 0.09791400
1.67571795 0.86861002 0.09791400
1.67843902 0.86334097 0.09791400
1.68114197 0.85806400 0.09791400
1.69273901 0.85729003 0.09843200
1.68635297 0.84777802 0.09791400
1.69794405 0.84693402 0.09843200
1.68269503 0.83273703 0.09739500
1.68530297 0.82744598 0.09739500
1.69687200 0.82652098 0.09791400
1.69946098 0.82118499 0.09791400
1.70203197 0.81584299 0.09791400
1.70458698 0.81049198 0.09791400
1.70712495 0.80513197 0.09791400
1.71869099 0.80399698 0.09843200
1.73918605 0.80730301 0.09946800
1.74171400 0.80183500 0.09946800
1.75330806 0.80050802 0.09998600
1.75581503 0.79499501 0.09998600
1.75830305 0.78947598 0.09998600
1.75165200 0.77988499 0.09946800
1.76309299 0.77872002 0.09998600
1.76553094 0.77317703 0.09998600
1.77711201 0.77160400 0.10050400
1.77952695 0.76601702 0.10050400
1.78192496 0.76042300 0.10050400
1.78430498 0.75482100 0.10050400
1.78666699 0.74921203 0.10050400
1.79823399 0.74742800 0.10102200
1.76351202 0.72686702 0.09895000
1.78427601 0.72887599 0.09998600
1.77730095 0.71951997 0.09946800
1.78882098 0.71765101 0.09998600
1.79106700 0.71202803 0.09998600
1.80258596 0.71005797 0.10050400
1.79550505 0.70076001 0.09998600
1.80701196 0.69871801 0.10050400
1.80907702 0.69335300 0.10050400
1.82058299 0.69121099 0.10102200
1.81339800 0.68197298 0.10050400
1.81553197 0.67627198 0.10050400
1.81764698 0.67056501 0.10050400
1.82912505 0.66827899 0.10102200
1.82182503 0.65913099 0.10050400
1.83328795 0.65677297 0.10102200
1.82581699 0.64798999 0.10050400
1.82784402 0.64225101 0.10050400
1.82042003 0.63322502 0.09998600
1.83184302 0.63075399 0.10050400
1.87162602 0.63788301 0.10257600
1.89254606 0.63838398 0.10361200
1.88506997 0.62927198 0.10309400
1.89652002 0.62647998 0.10361200
1.88887894 0.61774498 0.10309400
1.90981305 0.61795700 0.10413000
1.92125595 0.61499900 0.10464800
1.92317903 0.60895997 0.10464800
1.91555202 0.59993100 0.10413000
1.93650603 0.59981900 0.10516600
1.91928399 0.58788300 0.10413000
1.93067896 0.58474600 0.10464800
1.92294002 0.57581198 0.10413000
1.90558803 0.56409901 0.10309400
1.89766896 0.55563599 0.10257600
1.90899801 0.55244797 0.10309400
1.91072404 0.54644799 0.10309400
1.90282094 0.53772700 0.10257600
1.91411996 0.53443199 0.10309400
1.92541599 0.53107101 0.10361200
1.92707503 0.52502000 0.10361200
1.92871499 0.51896298 0.10361200
1.93989801 0.51580399 0.10413000
1.94150805 0.50970799 0.10413000
1.95276701 0.50611103 0.10464800
1.95434797 0.49997401 0.10464800
1.95590901 0.49383199 0.10464800
1.96714103 0.49009800 0.10516600
1.96867096 0.48391601 0.10516600
1.95077097 0.47302201 0.10413000
1.96195996 0.46921399 0.10464800
1.97314405 0.46534100 0.10516600
1.99397004 0.46401101 0.10620200
1.98568404 0.45551199 0.10568400
1.98710501 0.44927099 0.10568400
1.98850703 0.44302601 0.10568400
1.98988795 0.43677801 0.10568400
1.99125099 0.43052301 0.10568400
1.94375598 0.41386700 0.10309400
1.43487704 1.21428299 0.03230900
1.43103194 1.20333505 0.03213700
1.44247794 1.20524395 0.03230900
1.44625795 1.20070601 0.03230900
1.44210196 1.19004595 0.03213700
1.44583404 1.18550897 0.03213700
1.45730197 1.18727696 0.03230900
1.45325303 1.17640197 0.03213700
1.45694196 1.17183006 0.03213700
1.46061695 1.16724706 0.03213700
1.46407402 1.16290796 0.03213700
1.46771896 1.15830302 0.03213700
1.47921896 1.15985703 0.03230900
1.48285604 1.15520298 0.03230900
1.48647797 1.15053904 0.03230900
1.48215902 1.13976800 0.03213700
1.49347794 1.14143705 0.03230900
1.48909295 1.13069403 0.03213700
1.49244201 1.12627006 0.03213700
1.50416994 1.12731099 0.03230900
1.49968398 1.11660898 0.03213700
1.50318396 1.11189198 0.03213700
1.50667000 1.10716498 0.03213700
1.51014102 1.10242498 0.03213700
1.52149904 1.10381103 0.03230900
1.51684701 1.09317994 0.03213700
1.52027404 1.08840895 0.03213700
1.52368498 1.08362806 0.03213700
1.52708304 1.07883501 0.03213700
1.53046501 1.07403195 0.03213700
1.52544296 1.06376803 0.03196500
1.52877700 1.05896997 0.03196500
1.54033399 1.05982995 0.03213700
1.55191100 1.06062698 0.03230900
1.55523503 1.05574596 0.03230900
1.55025399 1.04526603 0.03213700
1.56165504 1.04622698 0.03230900
1.55660999 1.03577697 0.03213700
1.56819797 1.03639400 0.03230900
1.57144594 1.03146195 0.03230900
1.57467794 1.02652001 0.03230900
1.57789600 1.02156794 0.03230900
1.58109701 1.01660597 0.03230900
1.58428299 1.01163399 0.03230900
1.58727801 1.00692904 0.03230900
1.59043300 1.00193799 0.03230900
1.59357297 0.99693602 0.03230900
1.59669697 0.99192500 0.03230900
1.59963298 0.98718202 0.03230900
1.60272706 0.98215199 0.03230900
1.60580397 0.97711301 0.03230900
1.60886598 0.97206300 0.03230900
1.62048602 0.97214699 0.03248000
1.61494195 0.96193498 0.03230900
1.61778903 0.95713902 0.03230900
1.62078798 0.95205200 0.03230900
1.63240802 0.95199198 0.03248000
1.63539100 0.94685900 0.03248000
1.63835704 0.94171602 0.03248000
1.63262296 0.93160999 0.03230900
1.64407897 0.93169099 0.03248000
1.64699805 0.92652100 0.03248000
1.64990103 0.92134303 0.03248000
1.65278697 0.91615498 0.03248000
1.65565705 0.91095799 0.03248000
1.64973497 0.90096003 0.03230900
1.64376795 0.89100802 0.03213700
1.67297399 0.90005100 0.03265200
1.67579401 0.89478999 0.03265200
1.67859602 0.88952100 0.03265200
1.69007695 0.88919300 0.03282400
1.69286203 0.88387799 0.03282400
1.68675303 0.87395602 0.03265200
1.70727396 0.87779599 0.03299600
1.70111704 0.86788499 0.03282400
1.70383501 0.86253601 0.03282400
1.71532094 0.86196601 0.03299600
1.70907199 0.85211200 0.03282400
1.71174002 0.84673899 0.03282400
1.71439195 0.84135699 0.03282400
1.71702695 0.83596700 0.03282400
1.72864795 0.83491701 0.03299600
1.72224605 0.82516199 0.03282400
1.71579897 0.81545597 0.03265200
1.72739601 0.81432402 0.03282400
1.72994602 0.80889398 0.03282400
1.73233902 0.80375701 0.03282400
1.73485506 0.79831100 0.03282400
1.73735404 0.79285699 0.03282400
1.73983705 0.78739500 0.03282400
1.75142395 0.78601903 0.03299600
1.75388503 0.78051299 0.03299600
1.75619304 0.77530599 0.03299600
1.75861895 0.76978499 0.03299600
1.76102901 0.76425600 0.03299600
1.76342106 0.75871998 0.03299600
1.76579702 0.75317597 0.03299600
1.77736294 0.75151902 0.03316800
1.77971494 0.74593198 0.03316800
1.78205001 0.74033600 0.03316800
1.77499402 0.73123699 0.03299600
1.76802599 0.72187799 0.03282400
1.77955306 0.72007000 0.03299600
1.80036700 0.72191900 0.03334000
1.80262601 0.71625900 0.03334000
1.81417096 0.71425498 0.03351200
1.82572103 0.71218598 0.03368300
1.83727503 0.71005100 0.03385500
1.82070005 0.69744402 0.03351200
1.84157896 0.69881397 0.03385500
1.84376502 0.69302601 0.03385500
1.84593296 0.68722999 0.03385500
1.84808302 0.68142700 0.03385500
1.85960603 0.67904800 0.03402700
1.85232794 0.66980201 0.03385500
1.85442305 0.66398001 0.03385500
1.86580801 0.66181701 0.03402700
1.82070994 0.63938802 0.03316800
1.85104096 0.64351499 0.03368300
1.86250806 0.64094901 0.03385500
1.85504794 0.63187099 0.03368300
1.86649895 0.62923503 0.03385500
1.86846602 0.62336701 0.03385500
1.87041497 0.61749500 0.03385500
1.87223899 0.61194199 0.03385500
1.88366604 0.60913402 0.03402700
1.88557005 0.60321301 0.03402700
1.89698899 0.60030299 0.03419900
1.88932300 0.59135401 0.03402700
1.90072298 0.58837199 0.03419900
1.89300203 0.57947099 0.03402700
1.90438199 0.57641798 0.03419900
1.90618396 0.57043201 0.03419900
1.90796697 0.56444103 0.03419900
1.90963304 0.55877697 0.03419900
1.91137898 0.55277598 0.03419900
1.91310596 0.54676801 0.03419900
1.94368100 0.54890698 0.03471500
1.93576503 0.54011101 0.03454300
1.95673096 0.53934002 0.03488600
1.94876802 0.53056401 0.03471500
1.95042503 0.52443999 0.03471500
1.97129905 0.52378500 0.03505800
1.96326399 0.51505297 0.03488600
1.97455096 0.51138902 0.03505800
1.95677400 0.50023001 0.03471500
1.96802998 0.49652699 0.03488600
1.96958101 0.49034101 0.03488600
1.98082101 0.48653701 0.03505800
1.94347095 0.47089300 0.03437100
1.98383904 0.47408101 0.03505800
1.97558701 0.46555299 0.03488600
1.98669803 0.46195301 0.03505800
1.97839403 0.45347601 0.03488600
1.98956203 0.44946101 0.03505800
2.00072289 0.44538200 0.03523000
1.99234605 0.43695301 0.03505800
1.98393595 0.42857900 0.03488600
