1.18843305 0.87875301 -0.39537400
1.19118798 0.87501502 -0.39537400
1.18612802 0.86557299 -0.39278999
1.15755606 0.83916199 -0.38245299
1.15234697 0.82987601 -0.37986901
1.15494895 0.82625198 -0.37986901
1.14966404 0.81702399 -0.37728500
1.15222502 0.81340802 -0.37728500
1.15477502 0.80978400 -0.37728500
1.16524005 0.81167400 -0.37986901
1.15983999 0.80251300 -0.37728500
1.16235495 0.79886502 -0.37728500
1.18081701 0.80610299 -0.38245299
1.19933498 0.81323200 -0.38762200
1.21790802 0.82025301 -0.39278999
1.22836494 0.82200801 -0.39537400
1.25221503 0.82098901 -0.40054199
1.26243305 0.80518800 -0.40054199
1.30613804 0.77091002 -0.40571100
1.29188395 0.75703502 -0.40054199
1.27755594 0.74325699 -0.39537400
1.27988505 0.73923898 -0.39537400
1.25705898 0.72079903 -0.38762200
1.25931799 0.71684599 -0.38762200
1.25315297 0.70813400 -0.38503799
1.25537097 0.70419401 -0.38503799
1.26601803 0.70494598 -0.38762200
1.25131702 0.69161898 -0.38245299
1.26195204 0.69233102 -0.38503799
1.27260494 0.69298297 -0.38762200
1.27477598 0.68898100 -0.38762200
1.25990903 0.67584002 -0.38245299
1.27055299 0.67641801 -0.38503799
1.27267098 0.67242402 -0.38503799
1.27477801 0.66842198 -0.38503799
1.27687097 0.66441399 -0.38503799
1.28753603 0.66483098 -0.38762200
1.28961802 0.66078401 -0.38762200
1.29168797 0.65672898 -0.38762200
1.29374504 0.65266699 -0.38762200
1.28715003 0.64427602 -0.38503799
1.30647194 0.64882201 -0.39020601
1.29983795 0.64044601 -0.38762200
1.30184400 0.63635898 -0.38762200
1.31252897 0.63647997 -0.39020601
1.34063804 0.64491701 -0.39795801
1.36009502 0.64902401 -0.40312701
1.36212695 0.64474797 -0.40312701
1.41419196 0.57424402 -0.40829501
1.40702701 0.56619197 -0.40571100
1.38187897 0.55103397 -0.39795801
1.38360405 0.54668999 -0.39795801
1.38531399 0.54234099 -0.39795801
1.38710499 0.53774399 -0.39795801
1.38878798 0.53338403 -0.39795801
1.39036405 0.52926099 -0.39795801
1.39201999 0.52489001 -0.39795801
1.39366198 0.52051401 -0.39795801
1.39529002 0.51613402 -0.39795801
1.39690495 0.51174802 -0.39795801
1.39850605 0.50735599 -0.39795801
1.39100099 0.49969500 -0.39537400
1.39265096 0.49507901 -0.39537400
1.40331197 0.49390900 -0.39795801
1.40485597 0.48949799 -0.39795801
1.40638697 0.48508200 -0.39795801
1.41704595 0.48378199 -0.40054199
1.42771101 0.48242101 -0.40312701
1.42921996 0.47793299 -0.40312701
1.42146099 0.47065401 -0.40054199
1.41375196 0.46317801 -0.39795801
1.42438996 0.46171299 -0.40054199
1.46271098 0.46878099 -0.41087899
1.48259401 0.47002199 -0.41604701
1.53362501 0.39747900 -0.42379999
1.53486598 0.39265901 -0.42379999
1.49862599 0.37837601 -0.41346300
1.50918102 0.37600100 -0.41604701
1.50097406 0.36895201 -0.41346300
1.50212598 0.36423501 -0.41346300
1.51265800 0.36176100 -0.41604701
1.51378703 0.35700700 -0.41604701
1.50549102 0.35006201 -0.41346300
1.51600003 0.34748900 -0.41604701
1.52650702 0.34485301 -0.41863099
1.53701305 0.34215501 -0.42121601
1.52864397 0.33525500 -0.41863099
1.52969003 0.33045101 -0.41863099
1.54961801 0.32966399 -0.42379999
1.55064595 0.32479501 -0.42379999
1.55165899 0.31992099 -0.42379999
1.55265605 0.31504500 -0.42379999
1.55363798 0.31016499 -0.42379999
1.55460501 0.30528301 -0.42379999
1.55555606 0.30039799 -0.42379999
1.57547402 0.29911301 -0.42896801
1.60489500 0.29947901 -0.43672001
1.65549803 0.22883600 -0.44705701
1.66578197 0.22492599 -0.44964099
1.63774800 0.21590500 -0.44188899
1.62883699 0.20952600 -0.43930501
1.62948704 0.20440701 -0.43930501
1.63970995 0.20046000 -0.44188899
1.64992499 0.19644900 -0.44447300
1.63134098 0.18904100 -0.43930501
1.63192701 0.18391600 -0.43930501
1.65173399 0.18060200 -0.44447300
1.66190004 0.17643200 -0.44705701
1.66244602 0.17121001 -0.44705701
1.65336299 0.16502801 -0.44447300
1.66348898 0.16076200 -0.44705701
1.66395903 0.15582500 -0.44705701
1.66444004 0.15059701 -0.44705701
1.67452896 0.14620700 -0.44964099
1.68463099 0.14146200 -0.45222500
1.68506706 0.13617000 -0.45222500
1.68548596 0.13087501 -0.45222500
1.68588901 0.12557800 -0.45222500
1.69591105 0.12097000 -0.45480901
1.70592105 0.11629800 -0.45739400
1.69663799 0.11031200 -0.45480901
1.69697595 0.10498100 -0.45480901
1.69729698 0.09964900 -0.45480901
1.73618400 0.09646000 -0.46514601
1.15964699 0.85715503 -0.33302301
1.17018795 0.85927403 -0.33527300
1.14926696 0.83836699 -0.32852301
1.13611603 0.82331699 -0.32402301
1.13869596 0.81974399 -0.32402301
1.13334000 0.81049502 -0.32177201
1.13588095 0.80693102 -0.32177201
1.13045001 0.79773998 -0.31952199
1.14092898 0.79977697 -0.32177201
1.14343500 0.79619002 -0.32177201
1.15394497 0.79813600 -0.32402301
1.15644705 0.79450601 -0.32402301
1.15893698 0.79086900 -0.32402301
1.16141605 0.78722399 -0.32402301
1.16388297 0.78357297 -0.32402301
1.16620302 0.78011501 -0.32402301
1.17676401 0.78184003 -0.32627299
1.17921400 0.77813900 -0.32627299
1.17350304 0.76909000 -0.32402301
1.17591405 0.76539999 -0.32402301
1.18649495 0.76699102 -0.32627299
1.18069994 0.75799501 -0.32402301
1.17485905 0.74904501 -0.32177201
1.18543899 0.75056201 -0.32402301
1.18779099 0.74683499 -0.32402301
1.19013095 0.74309897 -0.32402301
1.19245994 0.73935598 -0.32402301
1.20307398 0.74071503 -0.32627299
1.20539498 0.73693198 -0.32627299
1.20770395 0.73314202 -0.32627299
1.21000195 0.72934401 -0.32627299
1.20392597 0.72053498 -0.32402301
1.20618403 0.71674901 -0.32402301
1.20843005 0.71295601 -0.32402301
1.21907103 0.71408200 -0.32627299
1.21288502 0.70534998 -0.32402301
1.22353399 0.70640701 -0.32627299
1.22574699 0.70256001 -0.32627299
1.27875900 0.72761798 -0.33977401
1.28952301 0.72838902 -0.34202400
1.28330600 0.71956903 -0.33977401
1.28556001 0.71553302 -0.33977401
1.27927399 0.70677900 -0.33752400
1.29003096 0.70744199 -0.33977401
1.30936301 0.71270198 -0.34427401
1.31821501 0.69619298 -0.34427401
1.29450595 0.67847800 -0.33752400
1.32256305 0.68789601 -0.34427401
1.29874301 0.67033100 -0.33752400
1.31818700 0.67513198 -0.34202400
1.32030201 0.67098701 -0.34202400
1.33110297 0.67122197 -0.34427401
1.31577802 0.65831798 -0.33977401
1.32656705 0.65851402 -0.34202400
1.32862902 0.65434301 -0.34202400
1.33067799 0.65016598 -0.34202400
1.31517899 0.63748199 -0.33752400
1.28205001 0.61645800 -0.32852301
1.29277503 0.61662197 -0.33077300
1.28589797 0.60839099 -0.32852301
1.28780305 0.60434800 -0.32852301
1.29852903 0.60440999 -0.33077300
1.30042100 0.60032803 -0.33077300
1.30230105 0.59623998 -0.33077300
1.30416799 0.59214503 -0.33077300
1.30602098 0.58804601 -0.33077300
1.29886401 0.58019400 -0.32852301
1.31849802 0.58400202 -0.33302301
1.32032597 0.57985801 -0.33302301
1.32214105 0.57570601 -0.33302301
1.32394302 0.57155001 -0.33302301
1.33478999 0.57098901 -0.33527300
1.32760704 0.56298900 -0.33302301
1.33835101 0.56259102 -0.33527300
1.34011197 0.55838299 -0.33527300
1.33285403 0.55045199 -0.33302301
1.34349799 0.55018699 -0.33527300
1.33619106 0.54229897 -0.33302301
1.33788800 0.53809899 -0.33302301
1.33957195 0.53389299 -0.33302301
1.35936797 0.53684002 -0.33752400
1.37012100 0.53611702 -0.33977401
1.39914799 0.54213202 -0.34652400
1.40994000 0.54122603 -0.34877399
1.42064703 0.54050398 -0.35102400
1.42233801 0.53603899 -0.35102400
1.41488600 0.52815998 -0.34877399
1.41653800 0.52371299 -0.34877399
1.40902698 0.51591003 -0.34652400
1.41980100 0.51480198 -0.34877399
1.41224098 0.50704598 -0.34652400
1.41391504 0.50235999 -0.34652400
1.44306004 0.50761598 -0.35327500
1.44464803 0.50308001 -0.35327500
1.42779803 0.49218801 -0.34877399
1.42011595 0.48455301 -0.34652400
1.45855606 0.49256000 -0.35552499
1.44161499 0.48179799 -0.35102400
1.45228803 0.48058000 -0.35327500
1.45379102 0.47601399 -0.35327500
1.44600999 0.46844199 -0.35102400
1.45683396 0.46661699 -0.35327500
1.42113900 0.45026600 -0.34427401
1.42254698 0.44579899 -0.34427401
1.42393994 0.44132799 -0.34427401
1.42531896 0.43685201 -0.34427401
1.42668498 0.43237299 -0.34427401
1.42803597 0.42788801 -0.34427401
1.42937303 0.42340001 -0.34427401
1.43069601 0.41890699 -0.34427401
1.44129205 0.41736999 -0.34652400
1.44259596 0.41284099 -0.34652400
1.44388604 0.40830600 -0.34652400
1.46400106 0.40875700 -0.35102400
1.45588601 0.40156400 -0.34877399
1.45713997 0.39698899 -0.34877399
1.45837998 0.39240900 -0.34877399
1.45960498 0.38782501 -0.34877399
1.46074998 0.38349301 -0.34877399
1.45258105 0.37620401 -0.34652400
1.46319604 0.37405199 -0.34877399
1.47381103 0.37183699 -0.35102400
1.46551704 0.36485100 -0.34877399
1.47611797 0.36256999 -0.35102400
1.51512802 0.36710799 -0.36002499
1.52575099 0.36461100 -0.36227500
1.53637195 0.36205101 -0.36452499
1.53750205 0.35722199 -0.36452499
1.56710994 0.35891601 -0.37127599
1.55872500 0.35184500 -0.36902601
1.55031204 0.34483200 -0.36677599
1.55138695 0.33996001 -0.36677599
1.54292405 0.33302799 -0.36452499
1.58208501 0.33628300 -0.37352601
1.56405902 0.32731900 -0.36902601
1.57462299 0.32436901 -0.37127599
1.57563400 0.31942099 -0.37127599
1.57663000 0.31446901 -0.37127599
1.57761097 0.30951399 -0.37127599
1.57857502 0.30455801 -0.37127599
1.56995106 0.29778099 -0.36902601
1.58045697 0.29463300 -0.37127599
1.54303896 0.28264400 -0.36227500
1.54391897 0.27779499 -0.36227500
1.53518903 0.27124801 -0.36002499
1.54563403 0.26808900 -0.36227500
1.54646897 0.26323199 -0.36227500
1.56650901 0.26158100 -0.36677599
1.55770802 0.25508401 -0.36452499
1.56812203 0.25173399 -0.36677599
1.57852995 0.24832000 -0.36902601
1.59856200 0.24632800 -0.37352601
1.61859703 0.24421200 -0.37802601
1.61935604 0.23912600 -0.37802601
1.62974298 0.23543100 -0.38027599
1.62082696 0.22894600 -0.37802601
1.64084196 0.22651801 -0.38252699
1.64154601 0.22136199 -0.38252699
1.65189302 0.21747600 -0.38477701
1.63323998 0.20980300 -0.38027599
1.60488701 0.20103700 -0.37352601
1.61518204 0.19717500 -0.37577599
1.60611796 0.19094899 -0.37352601
1.61638904 0.18702300 -0.37577599
1.61696899 0.18194400 -0.37577599
1.61756301 0.17658100 -0.37577599
1.62779999 0.17252401 -0.37802601
1.62833297 0.16741000 -0.37802601
1.63854694 0.16326000 -0.38027599
1.63905203 0.15811200 -0.38027599
1.63951397 0.15324700 -0.38027599
1.63998699 0.14809600 -0.38027599
1.64044404 0.14294299 -0.38027599
1.67003798 0.13994300 -0.38702700
1.66075695 0.13391300 -0.38477701
1.65145504 0.12794200 -0.38252699
1.65184903 0.12275300 -0.38252699
1.67166400 0.11894700 -0.38702700
1.65258801 0.11237200 -0.38252699
1.66265500 0.10781100 -0.38477701
1.67271101 0.10318600 -0.38702700
1.68275404 0.09850100 -0.38927701
1.68305504 0.09321400 -0.38927701
1.69307005 0.08843400 -0.39152700
1.68360806 0.08263600 -0.38927701
1.68385899 0.07734700 -0.38927701
1.17614198 0.86902899 -0.28562000
1.14721799 0.84210002 -0.27795199
1.12606800 0.82114297 -0.27220199
1.11274600 0.80608600 -0.26836801
1.12323904 0.80831897 -0.27028501
1.12577295 0.80478603 -0.27028501
1.12829602 0.80124599 -0.27028501
1.12278795 0.79203999 -0.26836801
1.12527096 0.78850800 -0.26836801
1.12774205 0.78496999 -0.26836801
1.13020205 0.78142297 -0.26836801
1.14074194 0.78342402 -0.27028501
1.15130603 0.78536701 -0.27220199
1.15376699 0.78174597 -0.27220199
1.16435897 0.78359801 -0.27411801
1.15852106 0.77468401 -0.27220199
1.16094899 0.77104002 -0.27220199
1.17155802 0.77279401 -0.27411801
1.16577101 0.76373100 -0.27220199
1.17639005 0.76541799 -0.27411801
1.17054605 0.75639099 -0.27220199
1.18117702 0.75801098 -0.27411801
1.18355203 0.75429600 -0.27411801
1.18591595 0.75057501 -0.27411801
1.18826795 0.74684501 -0.27411801
1.18228304 0.73791200 -0.27220199
1.19293702 0.73936403 -0.27411801
1.19525397 0.73561299 -0.27411801
1.19755900 0.73185402 -0.27411801
1.19985199 0.72808897 -0.27411801
1.19372702 0.71925002 -0.27220199
1.21282601 0.72557402 -0.27603501
1.20666099 0.71674800 -0.27411801
1.20890701 0.71295398 -0.27411801
1.21960998 0.71411198 -0.27603501
1.21336305 0.70534402 -0.27411801
1.20707202 0.69662201 -0.27220199
1.22628701 0.70258498 -0.27603501
1.21995604 0.69387698 -0.27411801
1.21358395 0.68521500 -0.27220199
1.21573102 0.68139899 -0.27220199
1.20071197 0.66803300 -0.26836801
1.21139705 0.66900301 -0.27028501
1.22209799 0.66991198 -0.27220199
1.22419703 0.66606802 -0.27220199
1.22628403 0.66222000 -0.27220199
1.21970797 0.65372699 -0.27028501
1.23908496 0.65911102 -0.27411801
1.24115002 0.65521502 -0.27411801
1.24320197 0.65131199 -0.27411801
1.23653400 0.64287603 -0.27220199
1.25599205 0.64798802 -0.27603501
1.24928498 0.63956702 -0.27411801
1.25128806 0.63563901 -0.27411801
1.24451494 0.62728697 -0.27220199
1.25525701 0.62776399 -0.27411801
1.26601505 0.62818003 -0.27603501
1.25917697 0.61986500 -0.27411801
1.26111805 0.61590600 -0.27411801
1.28071201 0.62049901 -0.27795199
1.26496303 0.60797000 -0.27411801
1.27572596 0.60821700 -0.27603501
1.28650296 0.60840201 -0.27795199
1.28840804 0.60435700 -0.27795199
1.28140199 0.59616601 -0.27603501
1.29217994 0.59625000 -0.27795199
1.29404604 0.59218800 -0.27795199
1.29590094 0.58811897 -0.27795199
1.29774201 0.58404499 -0.27795199
1.29050696 0.57619101 -0.27603501
1.30128503 0.57610703 -0.27795199
1.30308902 0.57201600 -0.27795199
1.31387901 0.57183599 -0.27986899
1.30665696 0.56381702 -0.27795199
1.31754398 0.56333899 -0.27986899
1.31930697 0.55919701 -0.27986899
1.32105696 0.55505002 -0.27986899
1.33185506 0.55466998 -0.28178599
1.33359098 0.55048400 -0.28178599
1.32613504 0.54280603 -0.27986899
1.32783401 0.53863698 -0.27986899
1.32041299 0.53080302 -0.27795199
1.32207406 0.52665198 -0.27795199
1.33285105 0.52609903 -0.27986899
1.33449805 0.52190900 -0.27986899
1.35452497 0.52456999 -0.28370300
1.36532998 0.52382803 -0.28562000
1.38522601 0.52675098 -0.28945401
1.35932004 0.51201802 -0.28370300
1.37011695 0.51117498 -0.28562000
1.39012802 0.51367301 -0.28945401
1.37330198 0.50255698 -0.28562000
1.37487400 0.49823999 -0.28562000
1.38566995 0.49723300 -0.28753701
1.41505802 0.50248802 -0.29328799
1.39811099 0.49153000 -0.28945401
1.39964795 0.48713499 -0.28945401
1.41045105 0.48593199 -0.29137099
1.41197097 0.48149899 -0.29137099
1.41347599 0.47706100 -0.29137099
1.41496801 0.47261801 -0.29137099
1.40704596 0.46533599 -0.28945401
1.40850103 0.46091300 -0.28945401
1.44729197 0.46857899 -0.29712099
1.42079496 0.45480099 -0.29137099
1.43157399 0.45329699 -0.29328799
1.42362499 0.44586399 -0.29137099
1.39689398 0.43267801 -0.28562000
1.40762997 0.43116200 -0.28753701
1.41837096 0.42958301 -0.28945401
1.41031098 0.42230901 -0.28753701
1.42104197 0.42066199 -0.28945401
1.41293705 0.41343901 -0.28753701
1.42358506 0.41197401 -0.28945401
1.42487204 0.40749899 -0.28945401
1.42614496 0.40302101 -0.28945401
1.42747402 0.39829001 -0.28945401
1.43817997 0.39641100 -0.29137099
1.42994797 0.38931200 -0.28945401
1.44064200 0.38736701 -0.29137099
1.44185197 0.38283899 -0.29137099
1.44298196 0.37855899 -0.29137099
1.45373094 0.37623101 -0.29328799
1.43588698 0.36680400 -0.28945401
1.44654906 0.36469099 -0.29137099
1.45721197 0.36251301 -0.29328799
1.47740698 0.36261299 -0.29712099
1.47853899 0.35796899 -0.29712099
1.47965598 0.35332301 -0.29712099
1.47120500 0.34642300 -0.29520500
1.51052797 0.35067701 -0.30287200
1.51162195 0.34593001 -0.30287200
1.51270103 0.34117901 -0.30287200
1.54250801 0.34281299 -0.30862299
1.51481497 0.33166799 -0.30287200
1.51584899 0.32690701 -0.30287200
1.54567099 0.32826000 -0.30862299
1.55630100 0.32541201 -0.31053999
1.52847600 0.31458500 -0.30478901
1.55831504 0.31562701 -0.31053999
1.55929899 0.31072900 -0.31053999
1.56026697 0.30582899 -0.31053999
1.59013200 0.30649900 -0.31629100
1.57180095 0.29784700 -0.31245700
1.59202600 0.29650199 -0.31629100
1.55433297 0.28443199 -0.30862299
1.55521905 0.27954799 -0.30862299
1.53675902 0.27124900 -0.30478901
1.53760302 0.26641899 -0.30478901
1.53843296 0.26158801 -0.30478901
1.53924704 0.25675300 -0.30478901
1.54004598 0.25191599 -0.30478901
1.54083002 0.24707700 -0.30478901
1.56098998 0.24528199 -0.30862299
1.57145298 0.24187000 -0.31053999
1.58191001 0.23839401 -0.31245700
1.57294202 0.23199099 -0.31053999
1.58337700 0.22845100 -0.31245700
1.58408594 0.22347499 -0.31245700
1.59450305 0.21983799 -0.31437400
1.58545899 0.21351700 -0.31245700
1.58612204 0.20853500 -0.31245700
1.58676898 0.20355199 -0.31245700
1.57766294 0.19734700 -0.31053999
1.56853199 0.19120200 -0.30862299
1.57887101 0.18742999 -0.31053999
1.57945204 0.18246999 -0.31053999
1.58977103 0.17860299 -0.31245700
1.61962497 0.17652000 -0.31820700
1.62993205 0.17246300 -0.32012400
1.65975499 0.17034800 -0.32587501
1.64074898 0.16319001 -0.32204100
1.65102303 0.15897600 -0.32395801
1.65148795 0.15407600 -0.32395801
1.68128800 0.15152900 -0.32970899
1.66220105 0.14454700 -0.32587501
1.66267097 0.13903400 -0.32587501
1.66310000 0.13381000 -0.32587501
1.65372598 0.12782800 -0.32395801
1.69327104 0.12553400 -0.33162600
1.67407703 0.11882500 -0.32779199
1.66464996 0.11290100 -0.32587501
1.68458402 0.10893700 -0.32970899
1.63593805 0.10063100 -0.32012400
1.63624597 0.09549200 -0.32012400
1.64633799 0.09089200 -0.32204100
1.67601895 0.08725000 -0.32779199
1.66648197 0.08150400 -0.32587501
1.67653406 0.07671700 -0.32779199
1.68657196 0.07186800 -0.32970899
1.70640397 0.06734400 -0.33354300
1.70660698 0.06198200 -0.33354300
1.70679295 0.05662000 -0.33354300
1.68734205 0.05066900 -0.32970899
1.19673800 0.88974899 -0.23720300
1.18364000 0.87424999 -0.23406100
1.13860595 0.83547199 -0.22463500
1.12526500 0.82025599 -0.22149400
1.11983705 0.81092399 -0.21992300
1.10634506 0.79586798 -0.21678101
1.12491000 0.80387300 -0.21992300
1.11937702 0.79461801 -0.21835200
1.12993896 0.79678899 -0.21992300
1.13243699 0.79323500 -0.21992300
1.12681603 0.78403300 -0.21835200
1.14552200 0.79171902 -0.22149400
1.14800406 0.78811598 -0.22149400
1.14231503 0.77894199 -0.21992300
1.14475596 0.77534902 -0.21992300
1.18815696 0.79931200 -0.22777700
1.19052398 0.79578298 -0.22777700
1.18479002 0.78657597 -0.22620600
1.22023499 0.80459702 -0.23249000
1.20623302 0.78993797 -0.22934800
1.20870805 0.78614497 -0.22934800
1.21946800 0.78770202 -0.23091900
1.23856199 0.79453200 -0.23406100
1.22439301 0.78002399 -0.23091900
1.23518300 0.78145403 -0.23249000
1.22090697 0.76706201 -0.22934800
1.21493196 0.75799501 -0.22777700
1.24249399 0.76977801 -0.23249000
1.25331700 0.77104598 -0.23406100
1.25573301 0.76710498 -0.23406100
1.24969304 0.75803399 -0.23249000
1.26052797 0.75919998 -0.23406100
1.27138305 0.76030397 -0.23563200
1.27376497 0.75630599 -0.23563200
1.26762700 0.74728602 -0.23406100
1.26996899 0.74330002 -0.23406100
1.27229798 0.73930597 -0.23406100
1.26605999 0.73036999 -0.23249000
1.22549796 0.70184898 -0.22463500
1.24486804 0.70775801 -0.22777700
1.22128296 0.68928099 -0.22306500
1.22344303 0.68544102 -0.22306500
1.21695900 0.67679399 -0.22149400
1.21907902 0.67296797 -0.22149400
1.22984803 0.67388099 -0.22306500
1.22328401 0.66529500 -0.22149400
1.24274898 0.67083102 -0.22463500
1.24485004 0.66692299 -0.22463500
1.24693894 0.66301000 -0.22463500
1.24028099 0.65447998 -0.22306500
1.23358297 0.64599800 -0.22149400
1.24436903 0.64667398 -0.22306500
1.22883999 0.63370800 -0.21992300
1.25719905 0.64334202 -0.22463500
1.24160302 0.63044602 -0.22149400
1.24357796 0.62654197 -0.22149400
1.25437295 0.62704802 -0.22306500
1.25633705 0.62310499 -0.22306500
1.25828803 0.61915499 -0.22306500
1.26910198 0.61953098 -0.22463500
1.25326598 0.60693198 -0.22149400
1.27296996 0.61154503 -0.22463500
1.28380001 0.61179101 -0.22620600
1.27678704 0.60353398 -0.22463500
1.30550206 0.61209798 -0.22934800
1.33428395 0.62048602 -0.23406100
1.34519398 0.62042803 -0.23563200
1.34713602 0.61619902 -0.23563200
1.34906602 0.61196297 -0.23563200
1.35098195 0.60772198 -0.23563200
1.36179805 0.60773599 -0.23720300
1.34563804 0.59546202 -0.23406100
1.34750199 0.59123200 -0.23406100
1.37652099 0.59881401 -0.23877300
1.36932695 0.59057599 -0.23720300
1.38035905 0.58991200 -0.23877300
1.38220501 0.58557302 -0.23877300
1.39314401 0.58505201 -0.24034400
1.41321003 0.58826202 -0.24348600
1.38766301 0.57252002 -0.23877300
1.38935602 0.56840003 -0.23877300
1.38198197 0.56032199 -0.23720300
1.36540794 0.54861403 -0.23406100
1.39465106 0.55528098 -0.23877300
1.39638805 0.55089700 -0.23877300
1.39811206 0.54650700 -0.23877300
1.34465694 0.52047801 -0.22934800
1.35550594 0.51978701 -0.23091900
1.34781098 0.51225400 -0.22934800
1.34941399 0.50801802 -0.22934800
1.36025703 0.50722599 -0.23091900
1.35257900 0.49952900 -0.22934800
1.35414100 0.49527800 -0.22934800
1.35569096 0.49102101 -0.22934800
1.36652303 0.49009299 -0.23091900
1.36814106 0.48555899 -0.23091900
1.36965895 0.48125899 -0.23091900
1.36183703 0.47370899 -0.22934800
1.36331797 0.46942800 -0.22934800
1.37413394 0.46832901 -0.23091900
1.37559795 0.46401000 -0.23091900
1.36768198 0.45655799 -0.22934800
1.37840700 0.45559800 -0.23091900
1.37983203 0.45126501 -0.23091900
1.39063895 0.44996801 -0.23249000
1.38271701 0.44234601 -0.23091900
1.38409996 0.43799901 -0.23091900
1.40431905 0.43954900 -0.23406100
1.38682497 0.42929399 -0.23091900
1.39760995 0.42782599 -0.23249000
1.41785204 0.42915499 -0.23563200
1.46649897 0.43885499 -0.24348600
1.47734106 0.43704799 -0.24505700
1.48818600 0.43517601 -0.24662800
1.47049606 0.42527100 -0.24348600
1.46232903 0.41793600 -0.24191500
1.49214697 0.42139101 -0.24662800
1.50304902 0.41909400 -0.24819900
1.46627402 0.40387899 -0.24191500
1.47706497 0.40186301 -0.24348600
1.49739504 0.40234700 -0.24662800
1.49865198 0.39763999 -0.24662800
1.49982500 0.39319199 -0.24662800
1.50112104 0.38821599 -0.24662800
1.53103995 0.39082599 -0.25134000
1.53225994 0.38601500 -0.25134000
1.53346503 0.38119900 -0.25134000
1.50588000 0.36932299 -0.24662800
1.52623105 0.36923400 -0.24977000
1.53699005 0.36673000 -0.25134000
1.49968100 0.35285199 -0.24505700
1.49116194 0.34590700 -0.24348600
1.47298598 0.33681801 -0.24034400
1.47403705 0.33218801 -0.24034400
1.46543205 0.32541499 -0.23877300
1.46644700 0.32080999 -0.23877300
1.48675704 0.32036200 -0.24191500
1.48775601 0.31568900 -0.24191500
1.48873997 0.31101400 -0.24191500
1.48003602 0.30434600 -0.24034400
1.50034499 0.30361301 -0.24348600
1.49160504 0.29696900 -0.24191500
1.50222301 0.29417899 -0.24348600
1.51283705 0.29132700 -0.24505700
1.50404096 0.28473499 -0.24348600
1.51463795 0.28181601 -0.24505700
1.50580096 0.27527899 -0.24348600
1.50665796 0.27054799 -0.24348600
1.52695203 0.26924300 -0.24662800
1.52778995 0.26444399 -0.24662800
1.50914097 0.25633600 -0.24348600
1.51968002 0.25321701 -0.24505700
1.54970801 0.25321901 -0.24977000
1.59925401 0.25615901 -0.25762400
1.60005105 0.25113299 -0.25762400
1.60083199 0.24610600 -0.25762400
1.61136305 0.24254499 -0.25919500
1.62188697 0.23892100 -0.26076600
1.63240504 0.23523401 -0.26233700
1.63313603 0.23010400 -0.26233700
1.63384998 0.22497100 -0.26233700
1.65412402 0.22247000 -0.26547799
1.63523197 0.21470200 -0.26233700
1.64569402 0.21081901 -0.26390699
1.63654804 0.20442300 -0.26233700
1.61757600 0.19689400 -0.25919500
1.63780105 0.19413599 -0.26233700
1.66783500 0.19238500 -0.26704901
1.66843104 0.18714499 -0.26704901
1.58068097 0.17199600 -0.25291100
1.60085595 0.16910399 -0.25605300
1.58173096 0.16206101 -0.25291100
1.61171496 0.16001800 -0.25762400
1.60237896 0.15401000 -0.25605300
1.61266196 0.15017000 -0.25762400
1.61312604 0.14510199 -0.25762400
1.61357403 0.14003500 -0.25762400
1.59434605 0.13304000 -0.25448200
1.61444402 0.12961200 -0.25762400
1.62469006 0.12529799 -0.25919500
1.62507606 0.12019300 -0.25919500
1.61559403 0.11439100 -0.25762400
1.62579894 0.10998100 -0.25919500
1.62613595 0.10487200 -0.25919500
1.63631499 0.10036800 -0.26076600
1.63662195 0.09522700 -0.26076600
1.63691401 0.09008500 -0.26076600
1.64705098 0.08545400 -0.26233700
1.65717602 0.08075900 -0.26390699
1.65742099 0.07555300 -0.26390699
1.64778304 0.06992700 -0.26233700
1.65786302 0.06513800 -0.26390699
1.67779803 0.06064200 -0.26704901
1.66811001 0.05504500 -0.26547799
1.67814600 0.05009900 -0.26704901
1.67829502 0.04482700 -0.26704901
1.14709496 0.85252899 -0.17597100
1.11783004 0.82534099 -0.17108300
1.12041700 0.82182401 -0.17108300
1.09892905 0.80076599 -0.16741700
1.07732105 0.77985001 -0.16375101
1.07170701 0.77066702 -0.16252901
1.07412302 0.76729703 -0.16252901
1.08462298 0.76966202 -0.16375101
1.08703494 0.76625103 -0.16375101
1.08130705 0.75713903 -0.16252901
1.09182799 0.75940597 -0.16375101
1.08604300 0.75032997 -0.16252901
1.08839500 0.74691403 -0.16252901
1.09073603 0.74349201 -0.16252901
1.09306598 0.74006099 -0.16252901
1.11185706 0.74770099 -0.16497301
1.10581899 0.73888499 -0.16375101
1.11640501 0.74089497 -0.16497301
1.12701297 0.74284601 -0.16619501
1.12103701 0.73386598 -0.16497301
1.12333703 0.73034102 -0.16497301
1.13396394 0.73219198 -0.16619501
1.14461398 0.73398298 -0.16741700
1.13854206 0.72505200 -0.16619501
1.14081395 0.72147202 -0.16619501
1.14307499 0.71788502 -0.16619501
1.14532495 0.71429002 -0.16619501
1.14756405 0.71068799 -0.16619501
1.14133596 0.70187998 -0.16497301
1.15200603 0.70346397 -0.16619501
1.15421104 0.69984102 -0.16619501
1.15640295 0.69621199 -0.16619501
1.15006602 0.68748200 -0.16497301
1.15222001 0.68386602 -0.16497301
1.15436304 0.68024302 -0.16497301
1.16506100 0.68162501 -0.16619501
1.16719604 0.67796201 -0.16619501
1.17791903 0.67924899 -0.16741700
1.16281998 0.66568398 -0.16497301
1.16490495 0.66202700 -0.16497301
1.18426800 0.66811800 -0.16741700
1.19501996 0.66924399 -0.16863900
1.19711697 0.66548598 -0.16863900
1.20789194 0.66651702 -0.16986100
1.20998001 0.66271901 -0.16986100
1.21205604 0.65891403 -0.16986100
1.22285402 0.65981603 -0.17108300
1.21617198 0.65128601 -0.16986100
1.20944798 0.64280498 -0.16863900
1.22024000 0.64363199 -0.16986100
1.22225595 0.63979501 -0.16986100
1.22425997 0.63595200 -0.16986100
1.22625196 0.63210201 -0.16986100
1.21939504 0.62372798 -0.16863900
1.23904896 0.62887800 -0.17108300
1.22328997 0.61605299 -0.16863900
1.24297595 0.62107998 -0.17108300
1.27159798 0.63039702 -0.17474900
1.25769401 0.61369002 -0.17230500
1.22388303 0.59243798 -0.16741700
1.27047205 0.61007202 -0.17352700
1.26530695 0.59783798 -0.17230500
1.24021697 0.58122402 -0.16863900
1.23303699 0.57314098 -0.16741700
1.24384499 0.57341999 -0.16863900
1.23661399 0.56538302 -0.16741700
1.24742305 0.56559402 -0.16863900
1.24919403 0.56167197 -0.16863900
1.25991905 0.56200600 -0.16986100
1.25260198 0.55403101 -0.16863900
1.25433600 0.55009300 -0.16863900
1.25605798 0.54614902 -0.16863900
1.26688194 0.54613000 -0.16986100
1.26868606 0.54192501 -0.16986100
1.26124299 0.53406698 -0.16863900
1.26291394 0.53010303 -0.16863900
1.27373695 0.52994502 -0.16986100
1.27539599 0.52594101 -0.16986100
1.26776397 0.51839697 -0.16863900
1.27858496 0.51814002 -0.16986100
1.28020597 0.51412100 -0.16986100
1.28181505 0.51009601 -0.16986100
1.30187702 0.51334798 -0.17230500
1.29423904 0.50564402 -0.17108300
1.28665197 0.49776801 -0.16986100
1.29747701 0.49727601 -0.17108300
1.30822504 0.49694800 -0.17230500
1.29120195 0.48584500 -0.16986100
1.31132197 0.48871800 -0.17230500
1.30353999 0.48116001 -0.17108300
1.31436706 0.48047000 -0.17230500
1.31587005 0.47633800 -0.17230500
1.31736004 0.47220200 -0.17230500
1.30956399 0.46451300 -0.17108300
1.32038200 0.46368501 -0.17230500
1.34058106 0.46605301 -0.17474900
1.31388402 0.45214999 -0.17108300
1.34348297 0.45762101 -0.17474900
1.33550894 0.45022699 -0.17352700
1.34633195 0.44916999 -0.17474900
1.32880998 0.43894801 -0.17230500
1.33961594 0.43785399 -0.17352700
1.33154202 0.43059000 -0.17230500
1.34241605 0.42919499 -0.17352700
1.33429503 0.42198199 -0.17230500
1.34508598 0.42075101 -0.17352700
1.33692002 0.41359001 -0.17230500
1.34770298 0.41229200 -0.17352700
1.36799204 0.41380301 -0.17597100
1.36928499 0.40950301 -0.17597100
1.36104703 0.40238601 -0.17474900
1.40041101 0.40924299 -0.17963700
1.40161896 0.40508699 -0.17963700
1.42197096 0.40613300 -0.18208100
1.41368794 0.39896801 -0.18085900
1.41500401 0.39427799 -0.18085900
1.45451200 0.40036601 -0.18574700
1.43660796 0.39058700 -0.18330300
1.44741297 0.38864601 -0.18452500
1.42944002 0.37900901 -0.18208100
1.44015896 0.37728199 -0.18330300
1.45101202 0.37498701 -0.18452500
1.45218301 0.37042701 -0.18452500
1.47258902 0.37070900 -0.18696900
1.45448101 0.36129501 -0.18452500
1.44596899 0.35436201 -0.18330300
1.45672297 0.35214901 -0.18452500
1.46747601 0.34987301 -0.18574700
1.45890701 0.34299001 -0.18452500
1.46964598 0.34064499 -0.18574700
1.47070897 0.33602601 -0.18574700
1.44270897 0.32486400 -0.18208100
1.43403304 0.31817999 -0.18085900
1.44472206 0.31579301 -0.18208100
1.44570696 0.31125200 -0.18208100
1.42725897 0.30259201 -0.17963700
1.42820299 0.29810700 -0.17963700
1.44857597 0.29761299 -0.18208100
1.43977594 0.29109499 -0.18085900
1.44068301 0.28657001 -0.18085900
1.43183601 0.28013599 -0.17963700
1.45220101 0.27938801 -0.18208100
1.45307195 0.27482301 -0.18208100
1.45392799 0.27025700 -0.18208100
1.45476997 0.26568800 -0.18208100
1.47513604 0.26462200 -0.18452500
1.44663596 0.25482100 -0.18085900
1.45720994 0.25196600 -0.18208100
1.45799398 0.24738701 -0.18208100
1.47834504 0.24606401 -0.18452500
1.47911000 0.24141900 -0.18452500
1.47006094 0.23520300 -0.18330300
1.49040306 0.23365700 -0.18574700
1.52056003 0.23349300 -0.18941300
1.54091597 0.23166600 -0.19185700
1.54163599 0.22682400 -0.19185700
1.57181203 0.22622199 -0.19552299
1.57251501 0.22128201 -0.19552299
1.56336999 0.21498901 -0.19430099
1.57387495 0.21139801 -0.19552299
1.57453096 0.20645200 -0.19552299
1.57517195 0.20150501 -0.19552299
1.59549499 0.19901200 -0.19796699
1.58625901 0.19280100 -0.19674499
1.59671402 0.18898299 -0.19796699
1.59729898 0.18396600 -0.19796699
1.59786904 0.17894800 -0.19796699
1.58858705 0.17257600 -0.19674499
1.61873198 0.17070600 -0.20041101
1.61926103 0.16562100 -0.20041101
1.59014297 0.15759601 -0.19674499
1.56099105 0.14975700 -0.19307899
1.55154598 0.14420600 -0.19185700
1.54210603 0.13844299 -0.19063500
1.55242205 0.13445500 -0.19185700
1.55285895 0.12930600 -0.19185700
1.55325699 0.12442600 -0.19185700
1.56353700 0.12030800 -0.19307899
1.55400896 0.11466400 -0.19185700
1.56426096 0.11048200 -0.19307899
1.56460094 0.10556700 -0.19307899
1.57482898 0.10128700 -0.19430099
1.57514000 0.09634000 -0.19430099
1.56552601 0.09081600 -0.19307899
1.57571399 0.08644100 -0.19430099
1.57597804 0.08149000 -0.19430099
1.56631303 0.07605700 -0.19307899
1.57645905 0.07158600 -0.19430099
1.57667601 0.06663400 -0.19430099
1.58679497 0.06206800 -0.19552299
1.58698201 0.05708300 -0.19552299
1.58715403 0.05209600 -0.19552299
1.59722996 0.04740500 -0.19674499
1.61721396 0.04291300 -0.19918901
1.60741901 0.03760100 -0.19796699
1.63729799 0.03315300 -0.20163301
1.62747002 0.02783900 -0.20041101
1.61762595 0.02258800 -0.19918901
1.16740501 0.86730802 -0.12861601
1.14608002 0.84588999 -0.12597300
1.11660004 0.81872499 -0.12244900
1.08695996 0.79175401 -0.11892500
1.07330298 0.77665597 -0.11716300
1.06764901 0.76746601 -0.11628300
1.07005501 0.76410800 -0.11628300
1.07245004 0.76074302 -0.11628300
1.08297706 0.76310700 -0.11716300
1.08536899 0.75970101 -0.11716300
1.07957196 0.75060201 -0.11628300
1.08192503 0.74720597 -0.11628300
1.09248102 0.74943799 -0.11716300
1.08659804 0.74039400 -0.11628300
1.09716797 0.74255902 -0.11716300
1.09122801 0.73355198 -0.11628300
1.10168397 0.73584300 -0.11716300
1.09568906 0.72687203 -0.11628300
1.11460304 0.73438698 -0.11804400
1.10856998 0.72542799 -0.11716300
1.10249102 0.71651399 -0.11628300
1.11310601 0.71844798 -0.11716300
1.11535800 0.71494699 -0.11716300
1.11759806 0.71144003 -0.11716300
1.11982799 0.70792598 -0.11716300
1.12204599 0.70440400 -0.11716300
1.12425303 0.70087600 -0.11716300
1.12644994 0.69734001 -0.11716300
1.12014902 0.68858099 -0.11628300
1.12230694 0.68505901 -0.11628300
1.12445295 0.68153000 -0.11628300
1.13512397 0.68313003 -0.11716300
1.13726401 0.67956001 -0.11716300
1.13082695 0.67090201 -0.11628300
1.13292897 0.66734600 -0.11628300
1.14361799 0.66881198 -0.11716300
1.14571404 0.66521603 -0.11716300
1.14779794 0.66161299 -0.11716300
1.14122498 0.65305698 -0.11628300
1.14327097 0.64946902 -0.11628300
1.15398300 0.65076602 -0.11716300
1.17340505 0.65686899 -0.11892500
1.21899903 0.67737103 -0.12333000
1.24728703 0.68797201 -0.12597300
1.24944198 0.68405002 -0.12597300
1.26033795 0.68487698 -0.12685400
1.27125001 0.68564302 -0.12773500
1.25583398 0.67224401 -0.12597300
1.25793898 0.66829598 -0.12597300
1.26884401 0.66898602 -0.12685400
1.27976596 0.66961402 -0.12773500
1.28186297 0.66559100 -0.12773500
1.28394794 0.66156000 -0.12773500
1.27715099 0.65298802 -0.12685400
1.27919602 0.64897299 -0.12685400
1.28122795 0.64495099 -0.12685400
1.29216003 0.64537400 -0.12773500
1.28525496 0.63688898 -0.12685400
1.29618895 0.63724202 -0.12773500
1.28923202 0.62879997 -0.12685400
1.30913401 0.63342398 -0.12861601
1.29315698 0.62068701 -0.12685400
1.29509997 0.61662197 -0.12685400
1.30603898 0.61680400 -0.12773500
1.32601094 0.62114900 -0.12949599
1.26471996 0.58759999 -0.12333000
1.23941898 0.57111800 -0.12068700
1.23214698 0.56308103 -0.11980600
1.22483695 0.55509502 -0.11892500
1.22657502 0.55124497 -0.11892500
1.22820497 0.54760301 -0.11892500
1.23903000 0.54776901 -0.11980600
1.24074495 0.54387403 -0.11980600
1.23331201 0.53600299 -0.11892500
1.23508203 0.53191102 -0.11892500
1.24590802 0.53193903 -0.11980600
1.24757302 0.52802199 -0.11980600
1.24922597 0.52410102 -0.11980600
1.25086606 0.52017301 -0.11980600
1.25249398 0.51624101 -0.11980600
1.25402105 0.51252198 -0.11980600
1.24639201 0.50484103 -0.11892500
1.25721598 0.50463301 -0.11980600
1.25879502 0.50068098 -0.11980600
1.26036203 0.49672401 -0.11980600
1.27119505 0.49638501 -0.12068700
1.26354301 0.48857400 -0.11980600
1.26507199 0.48460299 -0.11980600
1.28512895 0.48791799 -0.12156800
1.26800799 0.47686601 -0.11980600
1.26950002 0.47287899 -0.11980600
1.33639801 0.49302301 -0.12597300
1.36600900 0.49907801 -0.12861601
1.37693703 0.49817199 -0.12949599
1.37858105 0.49360400 -0.12949599
1.39890206 0.49592701 -0.13125800
1.38165498 0.48493201 -0.12949599
1.39258099 0.48385900 -0.13037699
1.39409494 0.47948101 -0.13037699
1.40502405 0.47830901 -0.13125800
1.40651906 0.47389299 -0.13125800
1.40800095 0.46947199 -0.13125800
1.41884696 0.46841499 -0.13213900
1.41084301 0.46086201 -0.13125800
1.41236305 0.45618099 -0.13125800
1.42327797 0.45477399 -0.13213900
1.41520202 0.44729799 -0.13125800
1.41659999 0.44284999 -0.13125800
1.41798401 0.43839699 -0.13125800
1.41935396 0.43393999 -0.13125800
1.42071104 0.42947900 -0.13125800
1.43159699 0.42786601 -0.13213900
1.44248700 0.42618901 -0.13302000
1.41513395 0.41327801 -0.13037699
1.36850405 0.39525700 -0.12597300
1.36015999 0.38822201 -0.12509200
1.36143994 0.38370901 -0.12509200
1.35304296 0.37675801 -0.12421100
1.35422003 0.37250599 -0.12421100
1.35538304 0.36825001 -0.12421100
1.35653305 0.36399001 -0.12421100
1.37692797 0.36482900 -0.12597300
1.35879397 0.35545900 -0.12421100
1.35990405 0.35118800 -0.12421100
1.37065303 0.34937501 -0.12509200
1.37174404 0.34506801 -0.12509200
1.37282097 0.34075600 -0.12509200
1.38355994 0.33881000 -0.12597300
1.36525202 0.32978499 -0.12421100
1.39535105 0.33241999 -0.12685400
1.39638901 0.32803500 -0.12685400
1.39741194 0.32364601 -0.12685400
1.39842200 0.31925401 -0.12685400
1.40913701 0.31704599 -0.12773500
1.40040100 0.31046101 -0.12685400
1.39163697 0.30393499 -0.12597300
1.43153906 0.30794099 -0.12949599
1.48122394 0.31376299 -0.13390100
1.50170398 0.31317601 -0.13566300
1.50268102 0.30845600 -0.13566300
1.51340699 0.30570599 -0.13654400
1.51435900 0.30094999 -0.13654400
1.51529801 0.29619101 -0.13654400
1.51621997 0.29143000 -0.13654400
1.53670394 0.29036301 -0.13830601
1.53760898 0.28553501 -0.13830601
1.53849900 0.28070199 -0.13830601
1.54917800 0.27762499 -0.13918699
1.55004203 0.27275699 -0.13918699
1.54107594 0.26618999 -0.13830601
1.56154597 0.26467600 -0.14006799
1.55254400 0.25813600 -0.13918699
1.56317902 0.25486001 -0.14006799
1.55413496 0.24837600 -0.13918699
1.54506695 0.24195100 -0.13830601
1.54581904 0.23709500 -0.13830601
1.52685499 0.22927999 -0.13654400
1.46843600 0.21579300 -0.13125800
1.46910703 0.21117900 -0.13125800
1.47962701 0.20794800 -0.13213900
1.47040498 0.20194300 -0.13125800
1.49077702 0.19997101 -0.13302000
1.49139798 0.19528700 -0.13302000
1.49200404 0.19060101 -0.13302000
1.49259603 0.18591300 -0.13302000
1.49317300 0.18122201 -0.13302000
1.49373400 0.17653100 -0.13302000
1.50417697 0.17297500 -0.13390100
1.50474298 0.16798700 -0.13390100
1.49536002 0.16218400 -0.13302000
1.50576901 0.15852800 -0.13390100
1.50625896 0.15379700 -0.13390100
1.50673497 0.14906400 -0.13390100
1.50719595 0.14432999 -0.13390100
1.51753604 0.14077801 -0.13478200
1.50804901 0.13512000 -0.13390100
1.55811000 0.13440000 -0.13830601
1.60816002 0.13362800 -0.14271000
1.62843001 0.13016200 -0.14447200
1.62883103 0.12504600 -0.14447200
1.62921596 0.11992800 -0.14447200
1.63952100 0.11551000 -0.14535300
1.64981496 0.11102700 -0.14623401
1.64021504 0.10520500 -0.14535300
1.64053702 0.10005200 -0.14535300
1.64084303 0.09489800 -0.14535300
1.65108001 0.09028700 -0.14623401
1.66130304 0.08561200 -0.14711501
1.65161395 0.07991000 -0.14623401
1.66180801 0.07517200 -0.14711501
1.66203594 0.06995100 -0.14711501
1.67220104 0.06511700 -0.14799599
1.69230700 0.06057500 -0.14975800
1.64270997 0.05363300 -0.14535300
1.61300004 0.04759100 -0.14271000
1.59322596 0.04199900 -0.14094900
1.59335005 0.03699300 -0.14094900
1.60341799 0.03218700 -0.14182900
1.60351098 0.02714900 -0.14182900
1.60358799 0.02211200 -0.14182900
1.60364997 0.01707400 -0.14182900
1.60369599 0.01203600 -0.14182900
1.63360906 0.00712800 -0.14447200
1.14645004 0.85142899 -0.07497300
1.13304806 0.83596599 -0.07392400
1.10345101 0.80878699 -0.07182700
1.05754900 0.77004802 -0.06868100
1.05996299 0.76672101 -0.06868100
1.04614699 0.75173301 -0.06763300
1.04850304 0.74844301 -0.06763300
1.05085003 0.74514502 -0.06763300
1.05318499 0.74184000 -0.06763300
1.05551100 0.73852700 -0.06763300
1.04962504 0.72950900 -0.06710800
1.06013000 0.73188102 -0.06763300
1.06242394 0.72854698 -0.06763300
1.06470799 0.72520602 -0.06763300
1.07525206 0.72745299 -0.06815700
1.07753205 0.72407198 -0.06815700
1.07967603 0.72087097 -0.06815700
1.09025800 0.72299498 -0.06868100
1.10086298 0.72505897 -0.06920500
1.08642101 0.71066397 -0.06815700
1.08027399 0.70180702 -0.06763300
1.09925699 0.70923799 -0.06868100
1.09307098 0.70039302 -0.06815700
1.09526598 0.69695503 -0.06815700
1.10589194 0.69884598 -0.06868100
1.10808206 0.69536799 -0.06868100
1.10178602 0.68660200 -0.06815700
1.11242902 0.68839198 -0.06868100
1.12309504 0.69012201 -0.06920500
1.11673200 0.68138897 -0.06868100
1.12740898 0.68305200 -0.06920500
1.12954903 0.67950702 -0.06920500
1.12310505 0.67083400 -0.06868100
1.12520695 0.66730201 -0.06868100
1.12729800 0.66376400 -0.06868100
1.12937701 0.66021901 -0.06868100
1.14872003 0.66669399 -0.06973000
1.14215600 0.65809602 -0.06920500
1.13555002 0.64954603 -0.06868100
1.13758397 0.64597601 -0.06868100
1.13960803 0.64239800 -0.06868100
1.14162099 0.63881499 -0.06868100
1.15235198 0.64007401 -0.06920500
1.16310203 0.64127302 -0.06973000
1.15635097 0.63282198 -0.06920500
1.15833294 0.62918502 -0.06920500
1.16030395 0.62554300 -0.06920500
1.17106903 0.62660599 -0.06973000
1.17303205 0.62292397 -0.06973000
1.16614795 0.61457998 -0.06920500
1.16807306 0.61091298 -0.06920500
1.16998696 0.60724097 -0.06920500
1.17188895 0.60356200 -0.06920500
1.18267095 0.60442197 -0.06973000
1.17565799 0.59618700 -0.06920500
1.18644595 0.59697902 -0.06973000
1.18831503 0.59324902 -0.06973000
1.19017303 0.58951300 -0.06973000
1.20098197 0.59017497 -0.07025400
1.19385302 0.58202398 -0.06973000
1.19567597 0.57827002 -0.06973000
1.19748700 0.57451099 -0.06973000
1.19928598 0.57074600 -0.06973000
1.20107305 0.56697500 -0.06973000
1.20284796 0.56319898 -0.06973000
1.19555497 0.55521101 -0.06920500
1.25171494 0.57651901 -0.07235100
1.18993604 0.54354000 -0.06868100
1.22802401 0.55628097 -0.07077800
1.21154594 0.54423600 -0.06973000
1.23139906 0.54876900 -0.07077800
1.22398198 0.54086202 -0.07025400
1.26226294 0.55304402 -0.07235100
1.25483501 0.54509699 -0.07182700
1.25663495 0.54093301 -0.07182700
1.26751399 0.54090202 -0.07235100
1.25081205 0.52913600 -0.07130300
1.26167798 0.52906603 -0.07182700
1.25411201 0.52126598 -0.07130300
1.26497698 0.52112800 -0.07182700
1.25727296 0.51359499 -0.07130300
1.27739298 0.51713800 -0.07235100
1.24193895 0.49825001 -0.07025400
1.28061700 0.50910199 -0.07235100
1.24504495 0.49043599 -0.07025400
1.26518500 0.49378401 -0.07130300
1.26681602 0.48958600 -0.07130300
1.25902104 0.48203301 -0.07077800
1.26044595 0.47829500 -0.07077800
1.28063798 0.48135999 -0.07182700
1.27278495 0.47385001 -0.07130300
1.27426696 0.46984899 -0.07130300
1.29449797 0.47269499 -0.07235100
1.30536795 0.47202101 -0.07287500
1.30692601 0.46768999 -0.07287500
1.28956294 0.45691201 -0.07182700
1.29099202 0.45285800 -0.07182700
1.29240799 0.44880000 -0.07182700
1.30325603 0.44798401 -0.07235100
1.29520297 0.44067001 -0.07182700
1.30604506 0.43978700 -0.07235100
1.30742002 0.43568099 -0.07235100
1.30870700 0.43180001 -0.07235100
1.31955004 0.43078601 -0.07287500
1.32097101 0.42640799 -0.07287500
1.32230401 0.42225599 -0.07287500
1.32362497 0.41809899 -0.07287500
1.34399498 0.41989499 -0.07392400
1.32622600 0.40977401 -0.07287500
1.34660697 0.41144201 -0.07392400
1.33833301 0.40432200 -0.07340000
1.33959699 0.40011501 -0.07340000
1.35042500 0.39873299 -0.07392400
1.33249795 0.38889199 -0.07287500
1.38161898 0.39878401 -0.07549700
1.35405505 0.38622400 -0.07392400
1.36494100 0.38443899 -0.07444800
1.33728004 0.37211800 -0.07287500
1.35770094 0.37320799 -0.07392400
1.36850405 0.37155801 -0.07444800
1.36966395 0.36725700 -0.07444800
1.37081099 0.36295199 -0.07444800
1.37194502 0.35864300 -0.07444800
1.38273394 0.35682699 -0.07497300
1.38384795 0.35248101 -0.07497300
1.38494897 0.34813201 -0.07497300
1.36665106 0.33897099 -0.07392400
1.37740898 0.33704901 -0.07444800
1.38816798 0.33506399 -0.07497300
1.38921404 0.33070099 -0.07497300
1.39024603 0.32633600 -0.07497300
1.38153505 0.31971401 -0.07444800
1.39226902 0.31759301 -0.07497300
1.38351703 0.31102800 -0.07444800
1.38448703 0.30667999 -0.07444800
1.39520001 0.30445799 -0.07497300
1.39614999 0.30007300 -0.07497300
1.37754595 0.29155001 -0.07392400
1.40778399 0.29333299 -0.07549700
1.42826402 0.29292101 -0.07654500
1.42917705 0.28843299 -0.07654500
1.43007600 0.28394100 -0.07654500
1.44076204 0.28136101 -0.07707000
1.44163895 0.27683401 -0.07707000
1.44250202 0.27230299 -0.07707000
1.45316899 0.26959199 -0.07759400
1.44418395 0.26323399 -0.07707000
1.46466398 0.26221499 -0.07811800
1.46547997 0.25761300 -0.07811800
1.46628296 0.25300699 -0.07811800
1.48676300 0.25173399 -0.07916700
1.48754597 0.24706200 -0.07916700
1.48831499 0.24238800 -0.07916700
1.49892998 0.23928501 -0.07969100
1.48980796 0.23303100 -0.07916700
1.52014601 0.23288600 -0.08074000
1.51099503 0.22662801 -0.08021500
1.53146005 0.22478101 -0.08126400
1.49261904 0.21429200 -0.07916700
1.45372796 0.20404901 -0.07707000
1.49393594 0.20490900 -0.07916700
1.45498097 0.19491100 -0.07707000
1.45558596 0.19034000 -0.07707000
1.47598898 0.18829399 -0.07811800
1.46666300 0.18242300 -0.07759400
1.47714305 0.17901500 -0.07811800
1.45786297 0.17203300 -0.07707000
1.46831703 0.16859201 -0.07759400
1.47879303 0.16482800 -0.07811800
1.47930396 0.16018100 -0.07811800
1.48973095 0.15657701 -0.07864300
1.48028100 0.15088300 -0.07811800
1.48074806 0.14623199 -0.07811800
1.48119998 0.14157900 -0.07811800
1.48161304 0.13718399 -0.07811800
1.49198401 0.13341799 -0.07864300
1.51231694 0.13018399 -0.07969100
1.51271796 0.12543100 -0.07969100
1.49319601 0.11909000 -0.07864300
1.53339100 0.11745000 -0.08074000
1.58354902 0.11628800 -0.08336100
1.60382998 0.11271400 -0.08441000
1.60417604 0.10767400 -0.08441000
1.61447299 0.10327100 -0.08493400
1.60482097 0.09759300 -0.08441000
1.62505901 0.09370100 -0.08545800
1.62534499 0.08859500 -0.08545800
1.62561595 0.08348800 -0.08545800
1.63584495 0.07886100 -0.08598200
1.63608396 0.07372200 -0.08598200
1.63630795 0.06858200 -0.08598200
1.63651502 0.06344000 -0.08598200
1.63670599 0.05829900 -0.08598200
1.63688195 0.05315700 -0.08598200
1.62705898 0.04772100 -0.08545800
1.65714896 0.04339400 -0.08703100
1.61734295 0.03726700 -0.08493400
1.56753004 0.03119300 -0.08231200
1.57760501 0.02643500 -0.08283700
1.57768095 0.02147900 -0.08283700
1.57773995 0.01652300 -0.08283700
1.57778502 0.01156600 -0.08283700
1.57781303 0.00660900 -0.08283700
1.57782602 0.00165200 -0.08283700
1.58781004 -0.00332600 -0.08336100
1.58779097 -0.00831400 -0.08336100
1.11604095 0.82824099 -0.02388800
1.09449399 0.80693102 -0.02337200
1.09702396 0.80348802 -0.02337200
1.06720304 0.77650702 -0.02268500
1.06153405 0.76729298 -0.02251300
1.03957403 0.74646002 -0.02199700
1.05819404 0.75480199 -0.02234100
1.03608596 0.73413199 -0.02182500
1.04656303 0.73662901 -0.02199700
1.04887199 0.73333699 -0.02199700
1.05117095 0.73003900 -0.02199700
1.04522896 0.72105497 -0.02182500
1.05573702 0.72341901 -0.02199700
1.05800402 0.72009897 -0.02199700
1.06841803 0.72255802 -0.02216900
1.05408394 0.70804799 -0.02182500
1.08957195 0.72692901 -0.02251300
1.12519002 0.74559402 -0.02320000
1.13587797 0.74755198 -0.02337200
1.14658999 0.74945098 -0.02354400
1.14893901 0.74584502 -0.02354400
1.14287305 0.73681402 -0.02337200
1.15360296 0.73861098 -0.02354400
1.14748001 0.72961801 -0.02337200
1.15822101 0.73134899 -0.02354400
1.15204203 0.72239399 -0.02337200
1.16279304 0.72405702 -0.02354400
1.13954997 0.70462501 -0.02302800
1.16732001 0.71673602 -0.02354400
1.16956496 0.71306598 -0.02354400
1.14613998 0.69385302 -0.02302800
1.18259203 0.71085399 -0.02371600
1.17623401 0.70201099 -0.02354400
1.17843401 0.69831198 -0.02354400
1.16338599 0.68446702 -0.02320000
1.16553104 0.68080801 -0.02320000
1.18496203 0.68717498 -0.02354400
1.16978502 0.67347097 -0.02320000
1.18057597 0.67475498 -0.02337200
1.19138598 0.67597699 -0.02354400
1.18479204 0.66732401 -0.02337200
1.19561005 0.66847801 -0.02354400
1.17147696 0.65016198 -0.02302800
1.14724100 0.63200498 -0.02251300
1.14044797 0.62360102 -0.02234100
1.14240205 0.62001503 -0.02234100
1.14434397 0.61642301 -0.02234100
1.13745701 0.60811102 -0.02216900
1.13936198 0.60453498 -0.02216900
1.14125597 0.60095298 -0.02216900
1.15199995 0.60199499 -0.02234100
1.15388501 0.59837300 -0.02234100
1.14686894 0.59017003 -0.02216900
1.14871705 0.58656400 -0.02216900
1.15055394 0.58295202 -0.02216900
1.15237999 0.57933497 -0.02216900
1.16314101 0.58017498 -0.02234100
1.16495800 0.57651800 -0.02234100
1.16676402 0.57285500 -0.02234100
1.17754698 0.57356501 -0.02251300
1.17934299 0.56986302 -0.02251300
1.17211103 0.56183302 -0.02234100
1.17386997 0.55814803 -0.02234100
1.18466103 0.55872202 -0.02251300
1.17735398 0.55076200 -0.02234100
1.18814802 0.55126798 -0.02251300
1.18079102 0.54335302 -0.02234100
1.18249202 0.53964102 -0.02234100
1.19319701 0.54025400 -0.02251300
1.20400906 0.54059798 -0.02268500
1.23310399 0.54901302 -0.02320000
1.25311697 0.55321300 -0.02354400
1.27316701 0.55729198 -0.02388800
1.28408396 0.55726999 -0.02406000
1.26745903 0.54532999 -0.02371600
1.28755999 0.54919100 -0.02406000
1.28937399 0.54491800 -0.02406000
1.29107904 0.54086500 -0.02406000
1.26497805 0.52552402 -0.02354400
1.29435897 0.53296798 -0.02406000
1.29602695 0.52889901 -0.02406000
1.28841305 0.52107602 -0.02388800
1.28076303 0.51330602 -0.02371600
1.30095506 0.51666099 -0.02406000
1.30257106 0.51257098 -0.02406000
1.30417502 0.50847602 -0.02406000
1.31509304 0.50797999 -0.02423100
1.29800606 0.49669901 -0.02388800
1.29955995 0.49261901 -0.02388800
1.31046200 0.49204800 -0.02406000
1.31200099 0.48792899 -0.02406000
1.33229196 0.49071601 -0.02440300
1.32443404 0.48310199 -0.02423100
1.30713701 0.47214499 -0.02388800
1.26154196 0.45120001 -0.02302800
1.27237797 0.45057300 -0.02320000
1.25499296 0.43973801 -0.02285700
1.24692202 0.43251699 -0.02268500
1.26718795 0.43509099 -0.02302800
1.27801502 0.43432501 -0.02320000
1.26982200 0.42734301 -0.02302800
1.27115798 0.42335099 -0.02302800
1.28197801 0.42248499 -0.02320000
1.26428699 0.41225600 -0.02285700
1.28460705 0.41442201 -0.02320000
1.28590298 0.41038400 -0.02320000
1.28725696 0.40611801 -0.02320000
1.28852606 0.40207201 -0.02320000
1.28978300 0.39802101 -0.02320000
1.30059004 0.39688599 -0.02337200
1.30183101 0.39279801 -0.02337200
1.31263995 0.39156401 -0.02354400
1.31379604 0.38766801 -0.02354400
1.30540895 0.38073900 -0.02337200
1.30659795 0.37663600 -0.02337200
1.30777502 0.37253001 -0.02337200
1.30893898 0.36841899 -0.02337200
1.31972301 0.36698401 -0.02354400
1.33057499 0.36525199 -0.02371600
1.37031603 0.37153599 -0.02440300
1.40038502 0.37523299 -0.02491900
1.39189196 0.36827299 -0.02474700
1.40271604 0.36642501 -0.02491900
1.41354203 0.36451399 -0.02509100
1.39536202 0.35489601 -0.02474700
1.40616798 0.35294500 -0.02491900
1.39756501 0.34612101 -0.02474700
1.42778397 0.34884799 -0.02526300
1.40943205 0.33967599 -0.02491900
1.42994702 0.33987099 -0.02526300
1.41153800 0.33081400 -0.02491900
1.45153797 0.33538100 -0.02560600
1.43308699 0.32637799 -0.02526300
1.43410504 0.32187501 -0.02526300
1.43510902 0.31736800 -0.02526300
1.45563805 0.31711501 -0.02560600
1.42729902 0.30624700 -0.02509100
1.43803704 0.30382800 -0.02526300
1.45856202 0.30338201 -0.02560600
1.44971299 0.29679200 -0.02543400
1.43103504 0.28828701 -0.02509100
1.38289499 0.27407101 -0.02423100
1.38374901 0.26972601 -0.02423100
1.37477005 0.26349500 -0.02406000
1.37559104 0.25917500 -0.02406000
1.38622999 0.25667199 -0.02423100
1.39686596 0.25410500 -0.02440300
1.38781500 0.24795701 -0.02423100
1.39843500 0.24532400 -0.02440300
1.39919901 0.24092899 -0.02440300
1.39994895 0.23653200 -0.02440300
1.40068495 0.23213300 -0.02440300
1.42114496 0.23093900 -0.02474700
1.41199005 0.22490101 -0.02457500
1.42256796 0.22200499 -0.02474700
1.41337502 0.21602400 -0.02457500
1.42393506 0.21306300 -0.02474700
1.42459798 0.20858800 -0.02474700
1.42524600 0.20411199 -0.02474700
1.42587996 0.19963300 -0.02474700
1.43640602 0.19650701 -0.02491900
1.40728498 0.18802200 -0.02440300
1.45744205 0.19006500 -0.02526300
1.49770606 0.19053200 -0.02595000
1.51814198 0.18828700 -0.02629400
1.51872599 0.18351699 -0.02629400
1.51929498 0.17874500 -0.02629400
1.53971696 0.17624500 -0.02663700
1.52038896 0.16919500 -0.02629400
1.54079401 0.16656800 -0.02663700
1.53139400 0.16041499 -0.02646600
1.53189003 0.15560400 -0.02646600
1.54229498 0.15203901 -0.02663700
1.53281200 0.14624301 -0.02646600
1.54322004 0.14234500 -0.02663700
1.54366004 0.13749599 -0.02663700
1.55404603 0.13350300 -0.02680900
1.55445802 0.12861900 -0.02680900
1.54490805 0.12267200 -0.02663700
1.55525601 0.11857800 -0.02680900
1.57556403 0.11514900 -0.02715300
1.52604699 0.10671200 -0.02629400
1.50642300 0.10058500 -0.02595000
1.51671004 0.09648600 -0.02612200
1.50702500 0.09111800 -0.02595000
1.50730395 0.08638300 -0.02595000
1.50756800 0.08164700 -0.02595000
1.51780200 0.07742000 -0.02612200
1.50805104 0.07217300 -0.02595000
1.51825905 0.06788200 -0.02612200
1.52845395 0.06352700 -0.02629400
1.52864599 0.05872500 -0.02629400
1.51883101 0.05357000 -0.02612200
1.52898502 0.04911800 -0.02629400
1.53912604 0.04460500 -0.02646600
1.53925896 0.03977000 -0.02646600
1.53937602 0.03493300 -0.02646600
1.52948201 0.02990200 -0.02629400
1.54956198 0.02542400 -0.02663700
1.53963697 0.02042400 -0.02646600
1.54969203 0.01568800 -0.02663700
1.54973304 0.01081900 -0.02663700
1.55975795 0.00598900 -0.02680900
1.56976795 0.00109600 -0.02698100
1.56976295 -0.00383600 -0.02698100
1.55974495 -0.00871100 -0.02680900
1.55971003 -0.01361100 -0.02680900
1.55965996 -0.01851100 -0.02680900
1.55958998 -0.02368300 -0.02680900
1.07783198 0.80426902 0.26140100
1.02515197 0.75995803 0.24804500
1.01406205 0.74190998 0.24422900
0.98462600 0.71563500 0.23659700
1.01074505 0.72977698 0.24232100
0.98112601 0.70371300 0.23468900
0.98333198 0.70062798 0.23468900
0.96950400 0.68619299 0.23087300
0.97968501 0.68879002 0.23278099
0.98989201 0.69132900 0.23468900
1.00012398 0.69381100 0.23659700
0.99421602 0.68509603 0.23468900
0.99636298 0.68196899 0.23468900
0.99850100 0.67883497 0.23468900
1.00876403 0.68118900 0.23659700
1.00262904 0.67272300 0.23468900
1.01290596 0.67501402 0.23659700
1.01502204 0.67182797 0.23659700
1.00892496 0.66324401 0.23468900
1.01100302 0.66007102 0.23468900
0.99659902 0.64621001 0.23087300
0.99862403 0.64307600 0.23087300
1.01717901 0.65051299 0.23468900
1.01921797 0.64731503 0.23468900
1.01294398 0.63887298 0.23278099
1.01494598 0.63568699 0.23278099
1.01693797 0.63249600 0.23278099
1.02727199 0.63445598 0.23468900
1.02926004 0.63122600 0.23468900
1.03123796 0.62798899 0.23468900
1.01640499 0.61458701 0.23087300
1.03516304 0.62149698 0.23468900
1.02867901 0.61321503 0.23278099
1.03904796 0.61498100 0.23468900
1.03251100 0.60674000 0.23278099
1.03441203 0.60349298 0.23278099
1.03630304 0.60024101 0.23278099
1.04669404 0.60187501 0.23468900
1.04857898 0.59858400 0.23468900
1.05899501 0.60012698 0.23659700
1.06087506 0.59679699 0.23659700
1.06274402 0.59346098 0.23659700
1.06460404 0.59011900 0.23659700
1.05785203 0.58204001 0.23468900
1.06829000 0.58341902 0.23659700
1.06148803 0.57538199 0.23468900
1.07193506 0.57669502 0.23659700
1.06508195 0.56870103 0.23468900
1.05818999 0.56075603 0.23278099
1.05994594 0.55742902 0.23278099
1.07909703 0.56317902 0.23659700
1.06342804 0.55075699 0.23278099
1.08261395 0.55638897 0.23659700
1.07561195 0.54852498 0.23468900
1.07732999 0.54514301 0.23468900
1.08781004 0.54615998 0.23659700
1.08952105 0.54273999 0.23659700
1.10002005 0.54366398 0.23850501
1.09290898 0.53588402 0.23659700
1.10341501 0.53674197 0.23850501
1.09625494 0.52900600 0.23659700
1.09791100 0.52556002 0.23659700
1.09955704 0.52210802 0.23659700
1.11007202 0.52283400 0.23850501
1.10281599 0.51518899 0.23659700
1.11333501 0.51584899 0.23850501
1.10603094 0.50825000 0.23659700
1.10762203 0.50477302 0.23659700
1.11814797 0.50533301 0.23850501
1.10172796 0.49398100 0.23468900
1.11224401 0.49450499 0.23659700
1.12277400 0.49496800 0.23850501
1.11532903 0.48750699 0.23659700
1.12586200 0.48790401 0.23850501
1.12738895 0.48436499 0.23850501
1.12898898 0.48062301 0.23850501
1.13049400 0.47707400 0.23850501
1.14104199 0.47730899 0.24041300
1.12440097 0.46620199 0.23659700
1.13485801 0.46659601 0.23850501
1.14540899 0.46673301 0.24041300
1.14687002 0.46313301 0.24041300
1.13920498 0.45588100 0.23850501
1.14975703 0.45591700 0.24041300
1.15118396 0.45230299 0.24041300
1.15259898 0.44868401 0.24041300
1.15408003 0.44486001 0.24041300
1.15539503 0.44143400 0.24041300
1.15677595 0.43780199 0.24041300
1.13976300 0.42727301 0.23659700
1.13189697 0.42027399 0.23468900
1.17006397 0.43026799 0.24232100
1.16218603 0.42323101 0.24041300
1.16350996 0.41957799 0.24041300
1.16482306 0.41591999 0.24041300
1.17545104 0.41532600 0.24232100
1.14895296 0.40190700 0.23659700
1.18731296 0.41114399 0.24422900
1.16074097 0.39786300 0.23850501
1.18057704 0.40052199 0.24232100
1.18183005 0.39681199 0.24232100
1.19231701 0.39640000 0.24422900
1.17490697 0.38651699 0.24041300
1.19478405 0.38890001 0.24422900
1.17731202 0.37912700 0.24041300
1.18791699 0.37819901 0.24232100
1.18909895 0.37446499 0.24232100
1.19026995 0.37072700 0.24232100
1.19142795 0.36698601 0.24232100
1.19257498 0.36324200 0.24232100
1.18431103 0.35666299 0.24041300
1.20424199 0.35854301 0.24422900
1.19594598 0.35198599 0.24232100
1.21583498 0.35392299 0.24613699
1.19807398 0.34467399 0.24232100
1.20859301 0.34359300 0.24422900
1.21911705 0.34244901 0.24613699
1.22024596 0.33840400 0.24613699
1.23076999 0.33716199 0.24804500
1.22234797 0.33072999 0.24613699
1.22338104 0.32688901 0.24613699
1.23383605 0.32576299 0.24804500
1.22535503 0.31940901 0.24613699
1.21689999 0.31290001 0.24422900
1.23690605 0.31390500 0.24804500
1.23788702 0.31001699 0.24804500
1.22932506 0.30377200 0.24613699
1.23980999 0.30223301 0.24804500
1.24075305 0.29833701 0.24804500
1.24168396 0.29443699 0.24804500
1.25216198 0.29277000 0.24995300
1.24351001 0.28663000 0.24804500
1.24440396 0.28272101 0.24804500
1.24528599 0.27881101 0.24804500
1.24615598 0.27489701 0.24804500
1.25660598 0.27306500 0.24995300
1.25745797 0.26911601 0.24995300
1.25829697 0.26516399 0.24995300
1.26873505 0.26320499 0.25186101
1.25993800 0.25725400 0.24995300
1.27036405 0.25522700 0.25186101
1.27116001 0.25123501 0.25186101
1.27194202 0.24724101 0.25186101
1.27271295 0.24324401 0.25186101
1.27347100 0.23924400 0.25186101
1.27421606 0.23524199 0.25186101
1.28460801 0.23299000 0.25376901
1.28533304 0.22895300 0.25376901
1.28604603 0.22491400 0.25376901
1.28674698 0.22087200 0.25376901
1.28743398 0.21682800 0.25376901
1.27842402 0.21118300 0.25186101
1.28877103 0.20873600 0.25376901
1.29911494 0.20622399 0.25567701
1.29975700 0.20214200 0.25567701
1.30038500 0.19805799 0.25567701
1.29129195 0.19252400 0.25376901
1.30160403 0.18988401 0.25567701
1.30219400 0.18579300 0.25567701
1.31249404 0.18305799 0.25758499
1.31306195 0.17893299 0.25758499
1.31361794 0.17480700 0.25758499
1.31416094 0.17068000 0.25758499
1.31468999 0.16655000 0.25758499
1.32494903 0.16362201 0.25949299
1.32545698 0.15945899 0.25949299
1.33570099 0.15643600 0.26140100
1.33618605 0.15223899 0.26140100
1.33665800 0.14804000 0.26140100
1.34690106 0.14465600 0.26330900
1.33758605 0.13940600 0.26140100
1.32825100 0.13421600 0.25949299
1.34820497 0.13195500 0.26330900
1.33881795 0.12702700 0.26140100
1.32943499 0.12192400 0.25949299
1.33958995 0.11861200 0.26140100
1.34973598 0.11523900 0.26330900
1.34032798 0.10996000 0.26140100
1.36023796 0.10729200 0.26521701
1.36056900 0.10301800 0.26521701
1.36088598 0.09874400 0.26521701
1.36118901 0.09446700 0.26521701
1.37127399 0.09084000 0.26712501
1.37155294 0.08653100 0.26712501
1.38161600 0.08280900 0.26903301
1.39166999 0.07902500 0.27094099
1.37230694 0.07360100 0.26712501
1.37253201 0.06928900 0.26712501
1.38254797 0.06544100 0.26903301
1.38274705 0.06109700 0.26903301
1.39274001 0.05715600 0.27094099
1.38310301 0.05240800 0.26903301
1.39307106 0.04840400 0.27094099
1.39321601 0.04402700 0.27094099
1.40315998 0.03992900 0.27285001
1.41309202 0.03576900 0.27475801
1.40338302 0.03111200 0.27285001
1.40347397 0.02670300 0.27285001
1.40355098 0.02229400 0.27285001
1.40361404 0.01788400 0.27285001
1.41347897 0.01356900 0.27475801
1.41351497 0.00912800 0.27475801
1.41353703 0.00468800 0.27475801
1.41354501 0.00024600 0.27475801
1.42335498 -0.00422300 0.27666599
1.41351795 -0.00863500 0.27475801
1.42330003 -0.01316600 0.27666599
1.42324805 -0.01788600 0.27666599
1.42318499 -0.02235700 0.27666599
1.42310798 -0.02682800 0.27666599
1.42301702 -0.03129900 0.27666599
1.43272400 -0.03601600 0.27857399
1.43260396 -0.04051700 0.27857399
1.44228101 -0.04532600 0.28048199
1.44213200 -0.04985600 0.28048199
1.45177698 -0.05475700 0.28239000
1.44178998 -0.05891600 0.28048199
1.45140505 -0.06387700 0.28239000
1.45119703 -0.06843700 0.28239000
1.46077895 -0.07348900 0.28429800
1.45073795 -0.07755300 0.28239000
1.47008896 -0.08322000 0.28620601
1.46982002 -0.08783800 0.28620601
1.47933400 -0.09307200 0.28811401
1.46923900 -0.09707200 0.28620601
1.46892703 -0.10168700 0.28620601
1.46860003 -0.10630100 0.28620601
1.45847094 -0.11017500 0.28429800
1.50666702 -0.12334100 0.29383799
1.45734596 -0.12417000 0.28429800
1.03468096 0.77686000 0.20499700
1.00544906 0.74998403 0.19873700
0.99192899 0.73506099 0.19560800
0.97832501 0.72022998 0.19247800
0.98855603 0.72298300 0.19404300
0.98283100 0.71406901 0.19247800
0.99307901 0.71675801 0.19404300
0.98729903 0.70788002 0.19247800
0.98951799 0.70477498 0.19247800
0.99979001 0.70736700 0.19404300
0.99392599 0.69854301 0.19247800
0.99611598 0.69541699 0.19247800
0.99829602 0.69228399 0.19247800
1.00046599 0.68914503 0.19247800
1.00262594 0.68599802 0.19247800
1.00477600 0.68284500 0.19247800
1.00691605 0.67968500 0.19247800
1.00892901 0.67669499 0.19247800
1.01104903 0.67352200 0.19247800
1.01315999 0.67034203 0.19247800
0.99875301 0.65630800 0.18934800
1.00908101 0.65856498 0.19091301
1.00285697 0.65001899 0.18934800
1.02150404 0.65755802 0.19247800
1.01524305 0.64902502 0.19091301
1.02561498 0.65112603 0.19247800
1.02765596 0.64790100 0.19247800
1.03805804 0.64991099 0.19404300
1.03170598 0.64143199 0.19247800
1.03371596 0.63818699 0.19247800
1.03571606 0.63493598 0.19247800
1.02926898 0.62654400 0.19091301
1.03123200 0.62330699 0.19091301
1.04165399 0.62514699 0.19247800
1.03512800 0.61681497 0.19091301
1.04556203 0.61859000 0.19247800
1.04750001 0.61530203 0.19247800
1.05796003 0.61698401 0.19404300
1.05134499 0.60870802 0.19247800
1.05325198 0.60540199 0.19247800
1.06372702 0.60698599 0.19404300
1.06562901 0.60364097 0.19404300
1.06752002 0.60029000 0.19404300
1.06077600 0.59211898 0.19247800
1.07127094 0.59357101 0.19404300
1.06447601 0.58544302 0.19247800
1.07497895 0.58682799 0.19404300
1.06813300 0.57874298 0.19247800
1.06994700 0.57538402 0.19247800
1.07174897 0.57201999 0.19247800
1.08226800 0.57327300 0.19404300
1.08406401 0.56987101 0.19404300
1.08584905 0.56646198 0.19404300
1.08762300 0.56304801 0.19404300
1.08938706 0.55962902 0.19404300
1.09113896 0.55620301 0.19404300
1.09288096 0.55277300 0.19404300
1.09461296 0.54933602 0.19404300
1.09633303 0.54589498 0.19404300
1.09804201 0.54244798 0.19404300
1.09974098 0.53899598 0.19404300
1.10142899 0.53553802 0.19404300
1.10310602 0.53207499 0.19404300
1.10477197 0.52860701 0.19404300
1.11535001 0.52936900 0.19560800
1.10807204 0.52165502 0.19404300
1.10970497 0.51817203 0.19404300
1.12029004 0.51883298 0.19560800
1.12191403 0.51531100 0.19560800
1.12352800 0.51178497 0.19560800
1.12513006 0.50825202 0.19560800
1.12663305 0.50491202 0.19560800
1.12821400 0.50136900 0.19560800
1.12074494 0.49384001 0.19404300
1.13134098 0.49427101 0.19560800
1.13288903 0.49071401 0.19560800
1.13442504 0.48715201 0.19560800
1.13603401 0.48338801 0.19560800
1.14664698 0.48365599 0.19717300
1.13904905 0.47624099 0.19560800
1.14053905 0.47266001 0.19560800
1.14193702 0.46927401 0.19560800
1.15255296 0.46940899 0.19717300
1.15402198 0.46578699 0.19717300
1.15547895 0.46215901 0.19717300
1.15692496 0.45852599 0.19717300
1.15836000 0.45488900 0.19717300
1.16898799 0.45482901 0.19873700
1.16127396 0.44740000 0.19717300
1.17182302 0.44747600 0.19873700
1.16398501 0.44029799 0.19717300
1.16536295 0.43663800 0.19717300
1.16672802 0.43297499 0.19717300
1.16808295 0.42930800 0.19717300
1.17870700 0.42901501 0.19873700
1.18004894 0.42530900 0.19873700
1.18137896 0.42159900 0.19873700
1.17345798 0.41439101 0.19717300
1.18407702 0.41396201 0.19873700
1.18537199 0.41023999 0.19873700
1.18665504 0.40651399 0.19873700
1.19728005 0.40595600 0.20030200
1.18918502 0.39905101 0.19873700
1.19973695 0.39863399 0.20030200
1.20098400 0.39486301 0.20030200
1.19282603 0.38803300 0.19873700
1.19403899 0.38428399 0.19873700
1.19530702 0.38032201 0.19873700
1.19649601 0.37656501 0.19873700
1.20710301 0.37573901 0.20030200
1.19883800 0.36904001 0.19873700
1.19999194 0.36527199 0.19873700
1.21059096 0.36434701 0.20030200
1.21173000 0.36054200 0.20030200
1.21285605 0.35673299 0.20030200
1.21390998 0.35313299 0.20030200
1.21501303 0.34931800 0.20030200
1.22560501 0.34819800 0.20186700
1.22669303 0.34434599 0.20186700
1.22782803 0.34027600 0.20186700
1.22889102 0.33641699 0.20186700
1.22994196 0.33255500 0.20186700
1.24052298 0.33123699 0.20343199
1.23195004 0.32503501 0.20186700
1.24252295 0.32365301 0.20343199
1.23402405 0.31707299 0.20186700
1.23501396 0.31319499 0.20186700
1.24557304 0.31171101 0.20343199
1.24654603 0.30779600 0.20343199
1.24750698 0.30387801 0.20343199
1.24845505 0.29995799 0.20343199
1.25900197 0.29831201 0.20499700
1.25993299 0.29435501 0.20499700
1.25122702 0.28817800 0.20343199
1.26175797 0.28643200 0.20499700
1.27228999 0.28462401 0.20656200
1.26353204 0.27849901 0.20499700
1.26440096 0.27452800 0.20499700
1.27491605 0.27261999 0.20656200
1.27576602 0.26861301 0.20656200
1.26693201 0.26260000 0.20499700
1.27742898 0.26059201 0.20656200
1.27824104 0.25657800 0.20656200
1.28873003 0.25447401 0.20812701
1.27982795 0.24854200 0.20656200
1.29030395 0.24637200 0.20812701
1.29107106 0.24231701 0.20812701
1.29182601 0.23826000 0.20812701
1.29256797 0.23420000 0.20812701
1.29329801 0.23013900 0.20812701
1.30374396 0.22777399 0.20969100
1.30445302 0.22367699 0.20969100
1.29540896 0.21793900 0.20812701
1.30583298 0.21547700 0.20969100
1.31625295 0.21295100 0.21125600
1.30716097 0.20726800 0.20969100
1.32732499 0.20619300 0.21282101
1.31820202 0.20053600 0.21125600
1.31882501 0.19639400 0.21125600
1.32920897 0.19367400 0.21282101
1.32981098 0.18949699 0.21282101
1.33039999 0.18531799 0.21282101
1.33097601 0.18113799 0.21282101
1.33153796 0.17695600 0.21282101
1.33208799 0.17277201 0.21282101
1.34242201 0.16982500 0.21438600
1.34294903 0.16560701 0.21438600
1.35326898 0.16256499 0.21595100
1.35377300 0.15831301 0.21595100
1.35426402 0.15406001 0.21595100
1.35474098 0.14980400 0.21595100
1.36505103 0.14636400 0.21751601
1.36550403 0.14207400 0.21751601
1.36594403 0.13778400 0.21751601
1.35653996 0.13253200 0.21595100
1.35692704 0.12850600 0.21595100
1.35732400 0.12424300 0.21595100
1.36754596 0.12084700 0.21751601
1.36791897 0.11655000 0.21751601
1.36829805 0.11201400 0.21751601
1.36864305 0.10771400 0.21751601
1.37882400 0.10415800 0.21908100
1.37914395 0.09982600 0.21908100
1.38930404 0.09617500 0.22064599
1.38959897 0.09181000 0.22064599
1.38002396 0.08682400 0.21908100
1.39014900 0.08307700 0.22064599
1.40026402 0.07926800 0.22221000
1.39064300 0.07434100 0.22064599
1.40073395 0.07046800 0.22221000
1.40094900 0.06606700 0.22221000
1.40114903 0.06166600 0.22221000
1.41120505 0.05766700 0.22377500
1.41137898 0.05323300 0.22377500
1.41153896 0.04879900 0.22377500
1.41168594 0.04436400 0.22377500
1.42169094 0.04020800 0.22533999
1.41193700 0.03549400 0.22377500
1.42191505 0.03127400 0.22533999
1.43188202 0.02699400 0.22690500
1.42208397 0.02234000 0.22533999
1.43202305 0.01799600 0.22690500
1.44194901 0.01359100 0.22847000
1.44198406 0.00906000 0.22847000
1.44200599 0.00453000 0.22847000
1.44201303 0.00000000 0.22847000
1.44200599 -0.00453000 0.22847000
1.44198406 -0.00906000 0.22847000
1.44194901 -0.01359000 0.22847000
1.46164799 -0.01862400 0.23160000
1.45170701 -0.02305900 0.23003501
1.45162702 -0.02761900 0.23003501
1.45153296 -0.03217900 0.23003501
1.47117198 -0.03723900 0.23316400
1.47104800 -0.04186100 0.23316400
1.46103704 -0.04617000 0.23160000
1.47075605 -0.05110300 0.23316400
1.48045802 -0.05609700 0.23472901
1.49014294 -0.06115300 0.23629400
1.48994303 -0.06583400 0.23629400
1.48972905 -0.07051400 0.23629400
1.48950005 -0.07519400 0.23629400
1.48925698 -0.07987300 0.23629400
1.49885905 -0.08511100 0.23785900
1.48872495 -0.08922900 0.23629400
1.48843801 -0.09390500 0.23629400
1.46811199 -0.10188800 0.23316400
1.46778500 -0.10650000 0.23316400
1.06380606 0.79843801 0.16252300
0.97081900 0.72388899 0.14796799
0.98106402 0.72674501 0.14918099
0.98334199 0.72365898 0.14918099
0.99362397 0.72642398 0.15039399
1.00393295 0.72913200 0.15160701
0.99816900 0.72016698 0.15039399
1.00042605 0.71702802 0.15039399
1.01075995 0.71963799 0.15160701
1.00491202 0.71072799 0.15039399
1.01526201 0.71327299 0.15160701
1.01749802 0.71008003 0.15160701
1.01972306 0.70687997 0.15160701
1.03011405 0.70930302 0.15282001
1.01595199 0.69485497 0.15039399
1.02634001 0.69723803 0.15160701
1.03675401 0.69956303 0.15282001
1.02233601 0.68542802 0.15039399
1.03274596 0.68771499 0.15160701
1.04317999 0.68994200 0.15282001
1.03704703 0.68121201 0.15160701
1.04749501 0.68337500 0.15282001
1.05796695 0.68547797 0.15403301
1.04341996 0.67140800 0.15160701
1.04552495 0.66812700 0.15160701
1.04761899 0.66483903 0.15160701
1.04970205 0.66154498 0.15160701
1.06018901 0.66350901 0.15282001
1.05383801 0.65493602 0.15160701
1.05588996 0.65162200 0.15160701
1.04946899 0.64311498 0.15039399
1.07692301 0.65529501 0.15403301
1.06198502 0.64164197 0.15160701
1.05548298 0.63319600 0.15039399
1.07452297 0.64003599 0.15282001
1.07652903 0.63665700 0.15282001
1.07852304 0.63327199 0.15282001
1.07193196 0.62488198 0.15160701
1.07388997 0.62151098 0.15160701
1.09305096 0.62802398 0.15403301
1.06915200 0.60983300 0.15039399
1.08833694 0.61625302 0.15282001
1.08161497 0.60796702 0.15160701
1.09218800 0.60940200 0.15282001
1.08541405 0.60115898 0.15160701
1.09599495 0.60252899 0.15282001
1.09788299 0.59908301 0.15282001
1.09975898 0.59562999 0.15282001
1.09288204 0.58747202 0.15160701
1.10347998 0.58870798 0.15282001
1.09655201 0.58059400 0.15160701
1.09836996 0.57714701 0.15160701
1.10897899 0.57828200 0.15282001
1.10197496 0.57023299 0.15160701
1.11259103 0.57130402 0.15282001
1.12322497 0.57231200 0.15403301
1.11615801 0.56430203 0.15282001
1.12679803 0.56524301 0.15403301
1.11968195 0.55727702 0.15282001
1.13032699 0.55815202 0.15403301
1.12316203 0.55023098 0.15282001
1.12488401 0.54670000 0.15282001
1.12659705 0.54316300 0.15282001
1.14620697 0.54818702 0.15524501
1.13895500 0.54032898 0.15403301
1.14962900 0.54097402 0.15524501
1.14232802 0.53316200 0.15403301
1.13498902 0.52539998 0.15282001
1.14565504 0.52597398 0.15403301
1.14730203 0.52237201 0.15403301
1.13988996 0.51468003 0.15282001
1.15047097 0.51535398 0.15403301
1.14301300 0.50770700 0.15282001
1.15368700 0.50811499 0.15403301
1.15527701 0.50448799 0.15403301
1.15685701 0.50085598 0.15403301
1.15842402 0.49721900 0.15403301
1.16920102 0.49726000 0.15524501
1.17990398 0.49744099 0.15645801
1.16314399 0.48607701 0.15403301
1.16466498 0.48242000 0.15403301
1.15690994 0.47519100 0.15282001
1.16759002 0.47529599 0.15403301
1.17828298 0.47534001 0.15524501
1.17976999 0.47163600 0.15524501
1.17201805 0.46427101 0.15403301
1.17347097 0.46058699 0.15403301
1.17491198 0.45689800 0.15403301
1.18568397 0.45656699 0.15524501
1.17775905 0.44950700 0.15403301
1.19773495 0.45282501 0.15645801
1.18985605 0.44557899 0.15524501
1.20055699 0.44529101 0.15645801
1.21126699 0.44494000 0.15767100
1.23131502 0.44791901 0.16009700
1.21403897 0.43731999 0.15767100
1.21540701 0.43350399 0.15767100
1.19811702 0.42286399 0.15524501
1.20880997 0.42237201 0.15645801
1.21013105 0.41857201 0.15645801
1.22083104 0.41798401 0.15767100
1.22213805 0.41414699 0.15767100
1.21402204 0.40714899 0.15645801
1.22464502 0.40667301 0.15767100
1.21648705 0.39972499 0.15645801
1.22717702 0.39897099 0.15767100
1.22842395 0.39511400 0.15767100
1.23918700 0.39404601 0.15888400
1.24041903 0.39015099 0.15888400
1.24163795 0.38625199 0.15888400
1.25233305 0.38526800 0.16009700
1.24404001 0.37844300 0.15888400
1.24522305 0.37453300 0.15888400
1.22736502 0.36496100 0.15645801
1.24755204 0.36670101 0.15888400
1.23910296 0.36022699 0.15767100
1.24022806 0.35633299 0.15767100
1.24134195 0.35243499 0.15767100
1.27111495 0.35657600 0.16131000
1.26272404 0.34970900 0.16009700
1.27339101 0.34836000 0.16131000
1.25531399 0.33917999 0.15888400
1.27555501 0.34035200 0.16131000
1.25736201 0.33150500 0.15888400
1.27760994 0.33255401 0.16131000
1.28831995 0.33078399 0.16252300
1.28935301 0.32673499 0.16252300
1.29037297 0.32268301 0.16252300
1.29138005 0.31862801 0.16252300
1.29237497 0.31456900 0.16252300
1.28370500 0.30818999 0.16131000
1.28466702 0.30415601 0.16131000
1.30494797 0.30463099 0.16373500
1.28655195 0.29607800 0.16131000
1.29715598 0.29423001 0.16252300
1.30776095 0.29232001 0.16373500
1.29897904 0.28607500 0.16252300
1.29987204 0.28199199 0.16252300
1.31045794 0.27998099 0.16373500
1.31133199 0.27586201 0.16373500
1.31219196 0.27174199 0.16373500
1.31303895 0.26761800 0.16373500
1.31387305 0.26349199 0.16373500
1.33417106 0.26320499 0.16616100
1.31550300 0.25523201 0.16373500
1.31629801 0.25109699 0.16373500
1.30732405 0.24513200 0.16252300
1.32761204 0.24462000 0.16494800
1.32837403 0.24044900 0.16494800
1.31935000 0.23453701 0.16373500
1.32985795 0.23209700 0.16494800
1.34036398 0.22959401 0.16616100
1.34107900 0.22538200 0.16616100
1.35157502 0.22278200 0.16737400
1.34246898 0.21695200 0.16616100
1.34314406 0.21273300 0.16616100
1.35361397 0.21003500 0.16737400
1.35426700 0.20578100 0.16737400
1.34508896 0.20006500 0.16616100
1.35553396 0.19726799 0.16737400
1.35614705 0.19300801 0.16737400
1.36657798 0.19011500 0.16858700
1.36716795 0.18582000 0.16858700
1.35790598 0.18021800 0.16737400
1.35846496 0.17595200 0.16737400
1.36885905 0.17292701 0.16858700
1.36939502 0.16862600 0.16858700
1.37977397 0.16550501 0.16980000
1.37042797 0.16001800 0.16858700
1.38078701 0.15683299 0.16980000
1.38127196 0.15249400 0.16980000
1.39163995 0.14896899 0.17101300
1.38222802 0.14357100 0.16980000
1.38267303 0.13922800 0.16980000
1.40286195 0.13681000 0.17222500
1.40326202 0.13264699 0.17222500
1.40367103 0.12823801 0.17222500
1.40406704 0.12382700 0.17222500
1.40444899 0.11941600 0.17222500
1.40483797 0.11475800 0.17222500
1.41508698 0.11112100 0.17343800
1.41542900 0.10667500 0.17343800
1.41575694 0.10222800 0.17343800
1.41607106 0.09778000 0.17343800
1.41637194 0.09333100 0.17343800
1.41665804 0.08888000 0.17343800
1.40702105 0.08383900 0.17222500
1.42709899 0.08053700 0.17465100
1.42734504 0.07605300 0.17465100
1.42757702 0.07156900 0.17465100
1.43771005 0.06754900 0.17586400
1.42799795 0.06259800 0.17465100
1.45794201 0.05932200 0.17828999
1.43828201 0.05399600 0.17586400
1.44836497 0.04981900 0.17707700
1.45843601 0.04557800 0.17828999
1.44865000 0.04071800 0.17707700
1.43884695 0.03591900 0.17586400
1.45880103 0.03183100 0.17828999
1.46881795 0.02743400 0.17950299
1.47882199 0.02297300 0.18071499
1.46896100 0.01820400 0.17950299
1.46901095 0.01358900 0.17950299
1.47897303 0.00903500 0.18071499
1.46906805 0.00435900 0.17950299
1.47899997 -0.00025800 0.18071499
1.47899199 -0.00490500 0.18071499
1.48889506 -0.00961500 0.18192799
1.49878395 -0.01438800 0.18314099
1.49872804 -0.01935800 0.18314099
1.49865901 -0.02406600 0.18314099
1.49857605 -0.02877400 0.18314099
1.48855495 -0.03326000 0.18192799
1.49836600 -0.03818900 0.18314099
1.50816095 -0.04318000 0.18435401
1.51793897 -0.04823400 0.18556701
1.51777995 -0.05300200 0.18556701
1.50768697 -0.05739200 0.18435401
1.50749898 -0.06212900 0.18435401
1.51721299 -0.06730400 0.18556701
1.51699400 -0.07207000 0.18556701
1.51675999 -0.07683600 0.18556701
1.52642298 -0.08213400 0.18678001
1.49642706 -0.08523500 0.18314099
1.49615204 -0.08993600 0.18314099
1.46614301 -0.09275600 0.17950299
1.09431100 0.81567401 0.11857200
1.01680505 0.75294501 0.10991700
1.01113999 0.74384397 0.10905200
1.01347196 0.74066299 0.10905200
1.01579404 0.73747599 0.10905200
1.01810598 0.73428100 0.10905200
1.02040696 0.73107898 0.10905200
1.01458204 0.72209299 0.10818600
1.01684594 0.71890199 0.10818600
1.02725303 0.72142899 0.10905200
1.02951396 0.71819800 0.10905200
1.03176498 0.71496099 0.10905200
1.02579904 0.70606798 0.10818600
1.03623700 0.70846403 0.10905200
1.03845799 0.70520502 0.10905200
1.04066706 0.70193899 0.10905200
1.03446996 0.69330198 0.10818600
1.04493594 0.69556898 0.10905200
1.04711604 0.69228297 0.10905200
1.04928601 0.68898898 0.10905200
1.05144501 0.68568999 0.10905200
1.05359399 0.68238300 0.10905200
1.04735398 0.67368102 0.10818600
1.05786097 0.67575002 0.10905200
1.05997801 0.67242301 0.10905200
1.06208599 0.66908997 0.10905200
1.05573702 0.66046602 0.10818600
1.06626904 0.66240400 0.10905200
1.06834495 0.65904999 0.10905200
1.07041001 0.65569103 0.10905200
1.08097601 0.65750200 0.10991700
1.06598103 0.64380199 0.10818600
1.07654202 0.64557397 0.10905200
1.07856500 0.64218801 0.10905200
1.08057702 0.63879699 0.10905200
1.08257794 0.63539898 0.10905200
1.08456898 0.63199502 0.10905200
1.08654904 0.62858498 0.10905200
1.09715796 0.63012898 0.10991700
1.09047699 0.62174499 0.10905200
1.10109496 0.62322402 0.10991700
1.09436202 0.61488098 0.10905200
1.09628904 0.61144000 0.10905200
1.09820402 0.60799301 0.10905200
1.10883999 0.60933799 0.10991700
1.09325600 0.59631097 0.10818600
1.13016796 0.61184502 0.11164800
1.15841305 0.62243700 0.11424500
1.16915298 0.62348300 0.11511000
1.17110598 0.61980700 0.11511000
1.17304695 0.61612499 0.11511000
1.17497694 0.61243600 0.11511000
1.17689502 0.60874200 0.11511000
1.17880201 0.60504198 0.11511000
1.18069696 0.60133600 0.11511000
1.18257999 0.59762400 0.11511000
1.18445206 0.59390497 0.11511000
1.19523203 0.59461802 0.11597600
1.18815994 0.58645201 0.11511000
1.19894397 0.58709699 0.11597600
1.19182098 0.57897502 0.11511000
1.21158397 0.58387703 0.11684100
1.20442402 0.57577199 0.11597600
1.19722497 0.56771702 0.11511000
1.20801795 0.56819201 0.11597600
1.20979702 0.56439400 0.11597600
1.21156394 0.56059098 0.11597600
1.19520998 0.54847199 0.11424500
1.21506202 0.55296803 0.11597600
1.20771301 0.54505002 0.11511000
1.20932496 0.54146302 0.11511000
1.22012496 0.54170400 0.11597600
1.16711295 0.51378500 0.11078300
1.17785203 0.51410198 0.11164800
1.17031801 0.50644201 0.11078300
1.17190301 0.50276202 0.11078300
1.17356396 0.49887401 0.11078300
1.17512500 0.49518400 0.11078300
1.17667496 0.49149001 0.11078300
1.18741798 0.49160200 0.11164800
1.17965603 0.48429301 0.11078300
1.18117094 0.48058501 0.11078300
1.19191504 0.48059699 0.11164800
1.18416703 0.47315401 0.11078300
1.19491100 0.47309899 0.11164800
1.19639099 0.46934199 0.11164800
1.19786000 0.46558100 0.11164800
1.19939697 0.46160701 0.11164800
1.20076096 0.45804599 0.11164800
1.21151400 0.45779300 0.11251400
1.21294606 0.45398399 0.11251400
1.21436703 0.45017201 0.11251400
1.20642304 0.44292101 0.11164800
1.21717095 0.44253299 0.11251400
1.21855497 0.43870699 0.11251400
1.21992803 0.43487599 0.11251400
1.22136295 0.43082899 0.11251400
1.22271001 0.42699000 0.11251400
1.21463001 0.41989100 0.11164800
1.20651698 0.41284800 0.11078300
1.27385998 0.43142599 0.11684100
1.28465497 0.43058801 0.11770700
1.28592706 0.42677400 0.11770700
1.30619204 0.42894900 0.11943800
1.29805803 0.42176500 0.11857200
1.29937696 0.41768500 0.11857200
1.30075502 0.41337401 0.11857200
1.30204701 0.40928501 0.11857200
1.31283998 0.40814999 0.11943800
1.31411600 0.40402400 0.11943800
1.30584705 0.39699599 0.11857200
1.30708694 0.39289200 0.11857200
1.32741499 0.39445901 0.12030300
1.32864702 0.39028600 0.12030300
1.32980001 0.38634199 0.12030300
1.31185496 0.37666401 0.11857200
1.33220100 0.37797999 0.12030300
1.33338201 0.37379199 0.12030300
1.34421504 0.37202600 0.12116800
1.34537697 0.36780101 0.12116800
1.34652603 0.36357301 0.12116800
1.33803594 0.35677400 0.12030300
1.34872198 0.35534099 0.12116800
1.29198205 0.33605400 0.11597600
1.29308903 0.33176801 0.11597600
1.29412496 0.32770401 0.11597600
1.29514802 0.32363701 0.11597600
1.28648603 0.31718200 0.11511000
1.30683601 0.31784701 0.11684100
1.29814100 0.31141600 0.11597600
1.29911304 0.30733699 0.11597600
1.30977404 0.30551699 0.11684100
1.30101800 0.29916799 0.11597600
1.30195200 0.29507899 0.11597600
1.31259501 0.29315999 0.11684100
1.30377996 0.28689301 0.11597600
1.31441104 0.28490600 0.11684100
1.31529999 0.28077599 0.11684100
1.32592499 0.27869099 0.11770700
1.31703806 0.27250600 0.11684100
1.32764995 0.27035499 0.11770700
1.33826101 0.26813900 0.11857200
1.31954801 0.26008099 0.11684100
1.33991897 0.25972599 0.11857200
1.33094203 0.25365001 0.11770700
1.33173203 0.24946800 0.11770700
1.33250999 0.24528199 0.11770700
1.34307694 0.24286801 0.11857200
1.32421505 0.23516400 0.11684100
1.38383400 0.24126901 0.12203400
1.41404402 0.24196100 0.12463000
1.42462301 0.23916700 0.12549600
1.41553700 0.23307200 0.12463000
1.41626203 0.22862400 0.12463000
1.42681301 0.22573000 0.12549600
1.42751598 0.22124600 0.12549600
1.42820406 0.21675999 0.12549600
1.43873203 0.21373600 0.12636100
1.43939602 0.20921600 0.12636100
1.44004595 0.20469201 0.12636100
1.44068205 0.20016800 0.12636100
1.45117605 0.19698000 0.12722699
1.44191206 0.19111200 0.12636100
1.45238495 0.18785900 0.12722699
1.44308400 0.18204799 0.12636100
1.45353699 0.17872900 0.12722699
1.45409095 0.17416200 0.12722699
1.46452701 0.17074700 0.12809201
1.48485398 0.16839001 0.12982300
1.43586302 0.15826701 0.12549600
1.41656804 0.15138800 0.12376500
1.41703606 0.14693600 0.12376500
1.41749096 0.14248399 0.12376500
1.41793096 0.13802999 0.12376500
1.41833496 0.13382199 0.12376500
1.41874802 0.12936600 0.12376500
1.42907202 0.12578100 0.12463000
1.42946005 0.12129100 0.12463000
1.42985404 0.11655100 0.12463000
1.44014502 0.11283600 0.12549600
1.42062402 0.10681700 0.12376500
1.43088901 0.10307000 0.12463000
1.43120599 0.09857400 0.12463000
1.44145000 0.09473000 0.12549600
1.44174004 0.09020100 0.12549600
1.45196104 0.08626200 0.12636100
1.45222497 0.08170100 0.12636100
1.45247495 0.07713800 0.12636100
1.45271003 0.07257500 0.12636100
1.46288204 0.06847600 0.12722699
1.46308994 0.06388000 0.12722699
1.45332897 0.05888000 0.12636100
1.46346200 0.05468600 0.12722699
1.46362698 0.05008800 0.12722699
1.46377695 0.04548900 0.12722699
1.46391296 0.04089100 0.12722699
1.47399402 0.03653900 0.12809201
1.47410095 0.03190800 0.12809201
1.48415506 0.02746100 0.12895800
1.47427297 0.02264500 0.12809201
1.49425995 0.01825700 0.12982300
1.48434806 0.01347200 0.12895800
1.49434495 0.00886800 0.12982300
1.49436605 0.00417300 0.12982300
1.50433397 -0.00052500 0.13068900
1.51428699 -0.00528600 0.13155399
1.50430095 -0.00997700 0.13068900
1.51422405 -0.01480000 0.13155399
1.51416695 -0.01982200 0.13155399
1.51409698 -0.02457800 0.13155399
1.52397299 -0.02952800 0.13242000
1.53383195 -0.03454000 0.13328500
1.53371596 -0.03935800 0.13328500
1.53358495 -0.04417600 0.13328500
1.54339600 -0.04931200 0.13415100
1.54323399 -0.05416100 0.13415100
1.54305601 -0.05900900 0.13415100
1.55281699 -0.06426800 0.13501599
1.53270197 -0.06825900 0.13328500
1.51209497 -0.08162700 0.13155399
1.10510802 0.82342201 0.07149200
1.09163594 0.80806297 0.07045600
1.03785205 0.76321501 0.06683000
1.06443596 0.77762401 0.06838400
1.04262698 0.75667900 0.06683000
1.05309999 0.75923997 0.06734800
1.03924096 0.74429798 0.06631200
1.04157400 0.74102998 0.06631200
1.04389799 0.73775399 0.06631200
1.04621005 0.73447001 0.06631200
1.04851198 0.73118001 0.06631200
1.04259503 0.72219598 0.06579400
1.03663099 0.71325701 0.06527600
1.04711199 0.71563101 0.06579400
1.05761802 0.71794701 0.06631200
1.05986798 0.71462101 0.06631200
1.05368698 0.70591497 0.06579400
1.06421304 0.70813298 0.06631200
1.05810106 0.69928002 0.06579400
1.06864202 0.70143300 0.06631200
1.07084000 0.69807202 0.06631200
1.07302797 0.69470400 0.06631200
1.07520497 0.69133002 0.06631200
1.07737195 0.68794799 0.06631200
1.08796096 0.68990898 0.06683000
1.09012306 0.68648797 0.06683000
1.07534003 0.67246902 0.06579400
1.07744706 0.66908801 0.06579400
1.08804500 0.67094100 0.06631200
1.08162999 0.66230500 0.06579400
1.09223795 0.66409200 0.06631200
1.09432006 0.66065699 0.06631200
1.09639001 0.65721601 0.06631200
1.08986700 0.64866000 0.06579400
1.10049701 0.65031397 0.06631200
1.10253501 0.64685398 0.06631200
1.10456204 0.64338601 0.06631200
1.10657799 0.63991302 0.06631200
1.10858202 0.63643402 0.06631200
1.11057603 0.63294798 0.06631200
1.11255896 0.62945598 0.06631200
1.11453104 0.62595701 0.06631200
1.11649299 0.62245297 0.06631200
1.11844206 0.61894202 0.06631200
1.12913406 0.62023401 0.06683000
1.13984501 0.62146401 0.06734800
1.17692399 0.63689101 0.06942000
1.18771696 0.63791603 0.06993800
1.19852805 0.63887900 0.07045600
1.20052898 0.63511097 0.07045600
1.19367599 0.62669402 0.06993800
1.20449603 0.62755501 0.07045600
1.22420394 0.63294101 0.07149200
1.21730006 0.62453401 0.07097400
1.22815597 0.62523699 0.07149200
1.22119999 0.61687303 0.07097400
1.21420503 0.60855800 0.07045600
1.21610999 0.60474098 0.07045600
1.22695994 0.60533601 0.07097400
1.21988595 0.59708798 0.07045600
1.22175598 0.59325200 0.07045600
1.23261094 0.59374499 0.07097400
1.22545898 0.58556497 0.07045600
1.22729301 0.58171201 0.07045600
1.24718904 0.58635098 0.07149200
1.25807595 0.58665001 0.07201000
1.23272097 0.57011902 0.07045600
1.23450601 0.56624401 0.07045600
1.25445902 0.57063299 0.07149200
1.26534903 0.57079500 0.07201000
1.22145998 0.54664099 0.06942000
1.21404302 0.53874999 0.06890200
1.20658898 0.53091198 0.06838400
1.18994403 0.51913202 0.06734800
1.19156897 0.51539099 0.06734800
1.19327199 0.51143599 0.06734800
1.19487202 0.50768501 0.06734800
1.19646096 0.50392902 0.06734800
1.19803798 0.50016803 0.06734800
1.20883203 0.50022000 0.06786600
1.21031106 0.49663100 0.06786600
1.21186495 0.49282601 0.06786600
1.21340704 0.48901701 0.06786600
1.21493697 0.48520300 0.06786600
1.21645606 0.48138300 0.06786600
1.22725904 0.48120400 0.06838400
1.21945596 0.47373000 0.06786600
1.22101998 0.46968400 0.06786600
1.23174000 0.46961701 0.06838400
1.23320901 0.46574500 0.06838400
1.23466599 0.46186799 0.06838400
1.22674704 0.45451799 0.06786600
1.23754394 0.45410201 0.06838400
1.23896503 0.45021099 0.06838400
1.24976897 0.44969800 0.06890200
1.24184597 0.44220099 0.06838400
1.25264704 0.44161901 0.06890200
1.24460006 0.43439001 0.06838400
1.28371501 0.44352201 0.07045600
1.32289898 0.45241401 0.07252900
1.35269201 0.45786101 0.07408300
1.35412300 0.45361000 0.07408300
1.34598505 0.44644499 0.07356500
1.33789206 0.43910000 0.07304700
1.33926499 0.43489501 0.07304700
1.35020804 0.43350500 0.07356500
1.35156298 0.42926100 0.07356500
1.34337795 0.42201900 0.07304700
1.35423398 0.42076001 0.07356500
1.35554898 0.41650301 0.07356500
1.36640596 0.41514599 0.07408300
1.36770403 0.41085100 0.07408300
1.36898696 0.40655199 0.07408300
1.37984002 0.40506199 0.07460100
1.37144494 0.39818200 0.07408300
1.37268901 0.39387199 0.07408300
1.37391996 0.38955700 0.07408300
1.38482106 0.38769099 0.07460100
1.38603199 0.38333899 0.07460100
1.38723004 0.37898299 0.07460100
1.39805496 0.37722400 0.07511900
1.36063397 0.36254501 0.07304700
1.30375898 0.34325099 0.06993800
1.33388805 0.34645700 0.07149200
1.30594802 0.33482501 0.06993800
1.31667495 0.33317000 0.07045600
1.31771600 0.32903200 0.07045600
1.30904603 0.32250199 0.06993800
1.32946098 0.32310399 0.07097400
1.32075799 0.31659800 0.07045600
1.32174599 0.31244799 0.07045600
1.33244705 0.31055999 0.07097400
1.33341599 0.30637300 0.07097400
1.33437204 0.30218199 0.07097400
1.33531499 0.29798901 0.07097400
1.33624399 0.29379299 0.07097400
1.34692097 0.29170701 0.07149200
1.34783101 0.28747401 0.07149200
1.34872699 0.28323799 0.07149200
1.33983099 0.27697799 0.07097400
1.35047996 0.27475801 0.07149200
1.34154403 0.26855400 0.07097400
1.36197805 0.26819700 0.07201000
1.36281395 0.26391700 0.07201000
1.36363602 0.25963399 0.07201000
1.35462904 0.25351200 0.07149200
1.40452802 0.25828600 0.07408300
1.45447004 0.26274899 0.07667300
1.45528901 0.25817901 0.07667300
1.45609295 0.25360501 0.07667300
1.45688200 0.24902999 0.07667300
1.46750605 0.24610300 0.07719100
1.44856405 0.23825000 0.07615500
1.46902394 0.23687799 0.07719100
1.45003200 0.22914401 0.07615500
1.47048295 0.22764300 0.07719100
1.46131694 0.22152500 0.07667300
1.48176301 0.21986499 0.07770900
1.49232900 0.21664400 0.07822700
1.46334004 0.20774300 0.07667300
1.49366105 0.20726299 0.07822700
1.48440897 0.20122699 0.07770900
1.48503304 0.19656301 0.07770900
1.49554801 0.19317600 0.07822700
1.50605595 0.18972500 0.07874500
1.51655602 0.18621001 0.07926300
1.48738599 0.17788599 0.07770900
1.45817900 0.16974901 0.07615500
1.45870495 0.16516700 0.07615500
1.43939102 0.15814701 0.07511900
1.43988097 0.15362500 0.07511900
1.43042302 0.14807200 0.07460100
1.45075405 0.14557201 0.07563700
1.45120394 0.14101399 0.07563700
1.44167399 0.13576999 0.07511900
1.44209301 0.13124099 0.07511900
1.45244706 0.12758300 0.07563700
1.45286202 0.12276600 0.07563700
1.46319401 0.11901100 0.07615500
1.46356106 0.11441400 0.07615500
1.45395398 0.10906800 0.07563700
1.47421205 0.10593200 0.07667300
1.46457398 0.10061500 0.07615500
1.46488297 0.09601400 0.07615500
1.47514498 0.09203300 0.07667300
1.47542596 0.08739700 0.07667300
1.47569394 0.08276300 0.07667300
1.47594595 0.07812600 0.07667300
1.48615897 0.07398600 0.07719100
1.55621397 0.07257200 0.08081800
1.56641102 0.06811700 0.08133600
1.58657396 0.06400100 0.08237200
1.57678795 0.05864500 0.08185400
1.56698406 0.05335100 0.08133600
1.58710694 0.04904500 0.08237200
1.59723604 0.04433600 0.08289000
1.59736800 0.03931800 0.08289000
1.59748304 0.03429900 0.08289000
1.58759797 0.02909800 0.08237200
1.58768201 0.02411000 0.08237200
1.59773600 0.01924200 0.08289000
1.60777402 0.01431200 0.08340800
1.60781097 0.00926000 0.08340800
1.60783303 0.00421000 0.08340800
1.60783803 -0.00084200 0.08340800
1.59784102 -0.00585600 0.08289000
1.55786896 -0.01060400 0.08081800
1.55782497 -0.01577000 0.08081800
1.53779697 -0.02039900 0.07978100
1.56768095 -0.02572200 0.08133600
1.55760801 -0.03045200 0.08081800
1.56748796 -0.03557100 0.08133600
1.56736898 -0.04049600 0.08133600
1.56723404 -0.04541900 0.08133600
1.57706499 -0.05066300 0.08185400
1.57689798 -0.05561800 0.08185400
1.55656099 -0.06469500 0.08081800
1.59625697 -0.07136900 0.08289000
1.11459398 0.83018702 0.02388800
1.07700896 0.79694498 0.02302800
1.06339502 0.78171301 0.02268500
1.06584597 0.77836901 0.02268500
1.06828594 0.77501601 0.02268500
1.06260395 0.76581001 0.02251300
1.08126402 0.77410901 0.02285700
1.06739497 0.75911897 0.02251300
1.06977403 0.75576198 0.02251300
1.07214403 0.75239700 0.02251300
1.06629896 0.74330801 0.02234100
1.07685006 0.74564600 0.02251300
1.07918704 0.74225998 0.02251300
1.07325804 0.73322499 0.02234100
1.08383000 0.73546398 0.02251300
1.07784295 0.72646803 0.02234100
1.07168603 0.71770197 0.02216900
1.09891105 0.73094499 0.02268500
1.10954404 0.73299998 0.02285700
1.12856102 0.74048102 0.02320000
1.14763498 0.74784899 0.02354400
1.14997900 0.74423999 0.02354400
1.16072297 0.74602997 0.02371600
1.15463305 0.73699999 0.02354400
1.15694201 0.73336899 0.02354400
1.16770196 0.73505700 0.02371600
1.16152799 0.72608501 0.02354400
1.16380298 0.72243202 0.02354400
1.17457795 0.72401899 0.02371600
1.17684698 0.72032601 0.02371600
1.17910397 0.71662498 0.02371600
1.17278898 0.70775098 0.02354400
1.17500699 0.70406300 0.02354400
1.18580604 0.70547998 0.02371600
1.18801606 0.70175201 0.02371600
1.18158996 0.69295800 0.02354400
1.19240201 0.69427299 0.02371600
1.19457698 0.69052303 0.02371600
1.21408498 0.69672000 0.02406000
1.20757997 0.68795401 0.02388800
1.20103204 0.67923498 0.02371600
1.21187901 0.68035299 0.02388800
1.16160703 0.64733797 0.02285700
1.15488601 0.63884598 0.02268500
1.15688705 0.63521498 0.02268500
1.15887594 0.63157803 0.02268500
1.16085505 0.62793398 0.02268500
1.17163098 0.62901300 0.02285700
1.16477799 0.62062699 0.02268500
1.17556000 0.62163901 0.02285700
1.17750704 0.61794299 0.02285700
1.17944300 0.61424100 0.02285700
1.18136704 0.61053199 0.02285700
1.18327904 0.60681802 0.02285700
1.18517900 0.60309798 0.02285700
1.18706906 0.59937102 0.02285700
1.18000603 0.59116101 0.02268500
1.18185794 0.58745003 0.02268500
1.19266403 0.58815700 0.02285700
1.19450605 0.58440697 0.02285700
1.18734205 0.57628602 0.02268500
1.19815505 0.57688999 0.02285700
1.19093895 0.56881499 0.02268500
1.20175600 0.56935102 0.02285700
1.20353794 0.56557298 0.02285700
1.20530999 0.56178898 0.02285700
1.21614397 0.56219500 0.02302800
1.19972599 0.55003798 0.02268500
1.21965206 0.55454302 0.02302800
1.20315897 0.54248899 0.02268500
1.20476305 0.53891599 0.02268500
1.23387003 0.54729098 0.02320000
1.26303995 0.55548799 0.02371600
1.27394402 0.55551398 0.02388800
1.28486097 0.55547601 0.02406000
1.28669596 0.55121201 0.02406000
1.27921796 0.54325902 0.02388800
1.28091800 0.53923798 0.02388800
1.27337897 0.53136098 0.02371600
1.28428102 0.53117901 0.02388800
1.30435300 0.53495401 0.02423100
1.29676497 0.52708900 0.02406000
1.31696296 0.53048402 0.02440300
1.30005097 0.51893097 0.02406000
1.32026994 0.52219898 0.02440300
1.32190394 0.51804799 0.02440300
1.30488396 0.50665498 0.02406000
1.30655706 0.50232500 0.02406000
1.31738496 0.50200599 0.02423100
1.30960095 0.49433500 0.02406000
1.32987797 0.49722099 0.02440300
1.32205701 0.48956901 0.02423100
1.32358897 0.48541301 0.02423100
1.33450496 0.48466501 0.02440300
1.30779505 0.47031999 0.02388800
1.29050803 0.45927501 0.02354400
1.30137503 0.45854199 0.02371600
1.29336798 0.45115799 0.02354400
1.29478002 0.44709200 0.02354400
1.30563903 0.44625601 0.02371600
1.30703402 0.44215301 0.02371600
1.30841696 0.43804500 0.02371600
1.30971098 0.43415999 0.02371600
1.30156803 0.42692700 0.02354400
1.31241298 0.42592201 0.02371600
1.30429804 0.41851300 0.02354400
1.31513596 0.41743800 0.02371600
1.31644106 0.41330501 0.02371600
1.31773305 0.40916699 0.02371600
1.31901205 0.40502501 0.02371600
1.32984495 0.40378401 0.02388800
1.33110702 0.39960399 0.02388800
1.33235598 0.39542100 0.02388800
1.33359098 0.39123300 0.02388800
1.32514405 0.38448799 0.02371600
1.33595598 0.38308001 0.02388800
1.33715296 0.37887999 0.02388800
1.33840203 0.37444401 0.02388800
1.33957195 0.37023699 0.02388800
1.34072900 0.36602700 0.02388800
1.32256401 0.35660800 0.02354400
1.35266399 0.36016899 0.02406000
1.37306499 0.36124200 0.02440300
1.38393402 0.35919800 0.02457500
1.38505495 0.35484901 0.02457500
1.40555000 0.35539800 0.02491900
1.40665996 0.35098001 0.02491900
1.40775502 0.34656000 0.02491900
1.39912105 0.33977500 0.02474700
1.41962898 0.34003699 0.02509100
1.41095901 0.33327699 0.02491900
1.42173696 0.33111000 0.02509100
1.43251503 0.32887900 0.02526300
1.43354106 0.32437700 0.02526300
1.42479503 0.31769601 0.02509100
1.43555105 0.31536400 0.02526300
1.41699004 0.30662301 0.02491900
1.42772496 0.30425400 0.02509100
1.41888905 0.29771399 0.02491900
1.41981697 0.29325500 0.02491900
1.43052900 0.29078501 0.02509100
1.44123995 0.28825000 0.02526300
1.41270697 0.27792999 0.02474700
1.40375698 0.27159199 0.02457500
1.41442597 0.26904899 0.02474700
1.41526401 0.26460400 0.02474700
1.41608799 0.26015601 0.02474700
1.41689897 0.25570601 0.02474700
1.41769505 0.25125399 0.02474700
1.41847706 0.24679901 0.02474700
1.41924596 0.24234100 0.02474700
1.42986095 0.23953301 0.02491900
1.42074001 0.23341900 0.02474700
1.43133795 0.23054500 0.02491900
1.42217898 0.22448801 0.02474700
1.43275797 0.22154699 0.02491900
1.44333303 0.21854100 0.02509100
1.44401205 0.21400601 0.02509100
1.44467700 0.20946901 0.02509100
1.44532800 0.20492899 0.02509100
1.45586896 0.20175999 0.02526300
1.45649600 0.19718499 0.02526300
1.45710802 0.19260800 0.02526300
1.45770597 0.18803000 0.02526300
1.44836903 0.18220100 0.02509100
1.44893396 0.17765000 0.02509100
1.45941305 0.17428300 0.02526300
1.45995402 0.16969700 0.02526300
1.46047902 0.16511001 0.02526300
1.46101904 0.16026600 0.02526300
1.46151495 0.15567499 0.02526300
1.47194302 0.15211000 0.02543400
1.47241294 0.14748600 0.02543400
1.47286904 0.14285900 0.02543400
1.48324096 0.13942400 0.02560600
1.48367202 0.13476400 0.02560600
1.49404895 0.13097499 0.02577800
1.49447501 0.12602000 0.02577800
1.48489702 0.12051600 0.02560600
1.49523699 0.11662700 0.02577800
1.49559605 0.11192900 0.02577800
1.49593997 0.10723100 0.02577800
1.50624502 0.10321400 0.02595000
1.51653898 0.09913400 0.02612200
1.52682197 0.09498900 0.02629400
1.53709400 0.09078100 0.02646600
1.52738905 0.08539500 0.02629400
1.52765000 0.08059500 0.02629400
1.53788102 0.07629100 0.02646600
1.53811300 0.07145900 0.02646600
1.53832996 0.06662700 0.02646600
1.53853202 0.06179400 0.02646600
1.53871906 0.05696000 0.02646600
1.55887604 0.05280300 0.02680900
1.54903996 0.04759800 0.02663700
1.55917704 0.04300700 0.02680900
1.55930400 0.03810900 0.02680900
1.55941606 0.03321000 0.02680900
1.55951297 0.02831100 0.02680900
1.55959404 0.02341100 0.02680900
1.57965505 0.01874900 0.02715300
1.57970595 0.01378600 0.02715300
1.57974195 0.00882300 0.02715300
1.57976198 0.00386000 0.02715300
1.57976604 -0.00110300 0.02715300
1.57975495 -0.00606600 0.02715300
1.58972597 -0.01109900 0.02732500
1.58968103 -0.01637000 0.02732500
1.59961903 -0.02149900 0.02749700
1.59954405 -0.02652400 0.02749700
1.59945202 -0.03154900 0.02749700
1.59934497 -0.03657400 0.02749700
1.60921800 -0.04185800 0.02766900
1.56895006 -0.05067700 0.02698100
