1.73281205 1.26358795 -0.57367998
1.70547998 1.23546803 -0.56334299
1.70151198 1.22446203 -0.56075901
1.70535004 1.21911097 -0.56075901
1.72492397 1.22493398 -0.56592798
1.71297598 1.20837200 -0.56075901
1.72467601 1.20852697 -0.56334299
1.72053397 1.19758499 -0.56075901
1.73223400 1.19766796 -0.56334299
1.74395204 1.19768798 -0.56592798
1.73972499 1.18675995 -0.56334299
1.73544800 1.17586899 -0.56075901
1.74694204 1.17611098 -0.56334299
1.75062895 1.17061698 -0.56334299
1.75429797 1.16511095 -0.56334299
1.75794899 1.15959406 -0.56334299
1.76158297 1.15406597 -0.56334299
1.75710297 1.14325798 -0.56075901
1.76880002 1.14297497 -0.56334299
1.76425195 1.13219404 -0.56075901
1.77594697 1.13183796 -0.56334299
1.77949297 1.12625396 -0.56334299
1.78302300 1.12065804 -0.56334299
1.78653502 1.11505103 -0.56334299
1.79823995 1.11452103 -0.56592798
1.79350603 1.10380304 -0.56334299
1.82169294 1.11327600 -0.57109600
1.83343995 1.11256003 -0.57367998
1.85347497 1.11676502 -0.57884800
1.84868503 1.10597599 -0.57626402
1.84384501 1.09522998 -0.57367998
1.85559702 1.09433997 -0.57626402
1.85883605 1.08882999 -0.57626402
1.86224699 1.08298397 -0.57626402
1.85727501 1.07229698 -0.57367998
1.86082006 1.06613302 -0.57367998
1.87255704 1.06505799 -0.57626402
1.87589395 1.05917001 -0.57626402
1.87060201 1.04887497 -0.57367998
1.84012496 1.02419996 -0.56334299
1.85178900 1.02308595 -0.56592798
1.85517097 1.01694000 -0.56592798
1.85835695 1.01110601 -0.56592798
1.86152399 1.00526297 -0.56592798
1.86449897 0.99973500 -0.56592798
1.85910201 0.98933500 -0.56334299
1.87074304 0.98800099 -0.56592798
1.88239503 0.98660302 -0.56851202
1.88548505 0.98068500 -0.56851202
1.87997198 0.97032499 -0.56592798
1.88301098 0.96441603 -0.56592798
1.88603103 0.95849502 -0.56592798
1.88903296 0.95256400 -0.56592798
1.89201701 0.94662499 -0.56592798
1.89498103 0.94067699 -0.56592798
1.89792705 0.93471998 -0.56592798
1.90085399 0.92875201 -0.56592798
1.92984200 0.93541598 -0.57367998
1.93277097 0.92934901 -0.57367998
1.94439995 0.92743200 -0.57626402
1.95603597 0.92545003 -0.57884800
1.93269801 0.90698802 -0.57109600
1.92677999 0.89683503 -0.56851202
1.93835902 0.89482701 -0.57109600
1.93237698 0.88471198 -0.56851202
1.94394302 0.88262999 -0.57109600
1.94670606 0.87651902 -0.57109600
1.94945002 0.87039798 -0.57109600
1.96100795 0.86817998 -0.57367998
1.97257197 0.86589903 -0.57626402
1.95756698 0.85198700 -0.57109600
1.96023405 0.84583300 -0.57109600
1.97176301 0.84346902 -0.57367998
1.96551001 0.83350003 -0.57109600
1.96811795 0.82732099 -0.57109600
1.97070801 0.82113302 -0.57109600
1.98220599 0.81862599 -0.57367998
1.98476899 0.81239402 -0.57367998
1.97821903 0.80286902 -0.57109600
1.98073101 0.79665101 -0.57109600
1.99219799 0.79400003 -0.57367998
2.00380611 0.79093701 -0.57626402
1.99728405 0.78111899 -0.57367998
2.00873590 0.77833098 -0.57626402
2.02005506 0.77583098 -0.57884800
2.01345301 0.76604497 -0.57626402
2.04296899 0.76993698 -0.58401698
2.02727699 0.75675797 -0.57884800
2.03870511 0.75373602 -0.58143198
2.04106307 0.74732703 -0.58143198
2.04340100 0.74091101 -0.58143198
2.04571795 0.73448801 -0.58143198
2.04801607 0.72805703 -0.58143198
2.05940509 0.72482699 -0.58401698
2.05267501 0.71481699 -0.58143198
2.06404305 0.71151298 -0.58401698
2.07528710 0.70850700 -0.58660102
2.06835103 0.69889200 -0.58401698
2.07053590 0.69239002 -0.58401698
2.07270098 0.68588197 -0.58401698
2.08402705 0.68237197 -0.58660102
2.09535003 0.67879999 -0.58918500
2.11587095 0.67811000 -0.59435302
2.12719989 0.67437899 -0.59693700
2.13852501 0.67058301 -0.59952098
2.14062190 0.66386098 -0.59952098
2.13346100 0.65430099 -0.59693700
2.14475107 0.65039903 -0.59952098
2.15603709 0.64643198 -0.60210598
2.13953304 0.63416499 -0.59693700
2.15078497 0.63015598 -0.59952098
2.16203308 0.62608302 -0.60210598
2.17327690 0.62194598 -0.60469002
2.14733291 0.60722899 -0.59693700
2.13062191 0.59528100 -0.59176898
2.14179397 0.59115499 -0.59435302
2.15296006 0.58696401 -0.59693700
2.15479398 0.58019799 -0.59693700
2.15660596 0.57342499 -0.59693700
2.15839696 0.56664801 -0.59693700
2.16951799 0.56228697 -0.59952098
2.16191411 0.55307502 -0.59693700
2.16364098 0.54628098 -0.59693700
2.17472100 0.54181498 -0.59952098
2.17641211 0.53498101 -0.59952098
2.16869402 0.52586401 -0.59693700
2.17972994 0.52129602 -0.59952098
2.18135691 0.51444602 -0.59952098
2.19237208 0.50977701 -0.60210598
2.19396305 0.50288802 -0.60210598
2.19553208 0.49599200 -0.60210598
2.19707894 0.48909301 -0.60210598
2.20804095 0.48425800 -0.60469002
2.20955110 0.47731799 -0.60469002
2.20159101 0.46836400 -0.60210598
2.20305204 0.46144599 -0.60210598
1.72038805 1.24581003 -0.49053401
1.74011195 1.25177896 -0.49503401
1.75196302 1.25197196 -0.49728501
1.74794304 1.24082100 -0.49503401
1.75183201 1.23532403 -0.49503401
1.76368499 1.23540401 -0.49728501
1.76755702 1.22985804 -0.49728501
1.76339698 1.21875894 -0.49503401
1.78328300 1.22424102 -0.49953499
1.78711998 1.21863401 -0.49953499
1.79094005 1.21301305 -0.49953499
1.78644705 1.20225501 -0.49728501
1.79021502 1.19663596 -0.49728501
1.79396605 1.19100499 -0.49728501
1.79769897 1.18536401 -0.49728501
1.80141401 1.17971098 -0.49728501
1.81327903 1.17935801 -0.49953499
1.81697500 1.17365503 -0.49953499
1.81245196 1.16268003 -0.49728501
1.82431400 1.16221595 -0.49953499
1.81972098 1.15127003 -0.49728501
1.82332897 1.14554799 -0.49728501
1.83518600 1.14497101 -0.49953499
1.83877397 1.13919902 -0.49953499
1.84234405 1.13341701 -0.49953499
1.87915397 1.14794195 -0.50853503
1.88275099 1.14203298 -0.50853503
1.89467704 1.14113903 -0.51078600
1.88988996 1.13018000 -0.50853503
1.88505304 1.11926305 -0.50628501
1.89695406 1.11828399 -0.50853503
1.90867102 1.11757398 -0.51078600
1.90374994 1.10667503 -0.50853503
1.90721703 1.10068798 -0.50853503
1.90240097 1.08951497 -0.50628501
1.91428494 1.08835006 -0.50853503
1.91769505 1.08232999 -0.50853503
1.92089796 1.07663500 -0.50853503
1.84764099 1.02796102 -0.48828399
1.89350700 1.04570305 -0.49953499
1.90550900 1.04410100 -0.50178498
1.90877998 1.03810894 -0.50178498
1.91203201 1.03210700 -0.50178498
1.90649796 1.02182603 -0.49953499
1.91830099 1.02040803 -0.50178498
1.90426397 1.00527894 -0.49728501
1.93330598 1.01285601 -0.50403500
1.92783296 1.00228405 -0.50178498
1.92231297 0.99175400 -0.49953499
1.93409204 0.99015200 -0.50178498
1.93719304 0.98407000 -0.50178498
1.94027603 0.97797900 -0.50178498
1.94333804 0.97187901 -0.50178498
1.94638205 0.96576899 -0.50178498
1.96992195 0.96207201 -0.50628501
1.99047196 0.96437502 -0.51078600
1.99349201 0.95811701 -0.51078600
2.00528693 0.95604402 -0.51303601
1.99947202 0.94557297 -0.51078600
2.00243306 0.93928701 -0.51078600
2.01420808 0.93710101 -0.51303601
2.01714206 0.93076903 -0.51303601
2.02891588 0.92848200 -0.51528603
2.02295089 0.91807699 -0.51303601
2.03470993 0.91571599 -0.51528603
2.02867889 0.90534800 -0.51303601
2.03151298 0.89897001 -0.51303601
1.97186995 0.86518002 -0.49728501
2.01031804 0.87452799 -0.50628501
2.02200198 0.87206697 -0.50853503
2.01577306 0.86187899 -0.50628501
2.03641200 0.86314702 -0.51078600
2.03911400 0.85674602 -0.51078600
2.03280091 0.84658903 -0.50853503
2.02644396 0.83648199 -0.50628501
2.03807998 0.83380002 -0.50853503
2.04054499 0.82775003 -0.50853503
2.04313493 0.82133502 -0.50853503
2.04570508 0.81491202 -0.50853503
2.05746007 0.81169999 -0.51078600
2.05999994 0.80523199 -0.51078600
2.05343294 0.79523802 -0.50853503
2.06487989 0.79263401 -0.51078600
2.07646799 0.78960502 -0.51303601
2.09717393 0.78994697 -0.51753598
2.10877490 0.78675997 -0.51978600
2.11123490 0.78013301 -0.51978600
2.11367607 0.77349597 -0.51978600
2.12525606 0.77017099 -0.52203602
2.12766504 0.76349097 -0.52203602
2.13923502 0.76006401 -0.52428699
2.13242102 0.75010699 -0.52203602
2.14409804 0.74623501 -0.52428699
2.14643192 0.73949498 -0.52428699
2.13939500 0.72997701 -0.52203602
2.15090895 0.72636998 -0.52428699
2.07925200 0.69490099 -0.50628501
2.13692904 0.70672202 -0.51978600
2.12987900 0.69697398 -0.51753598
2.13205791 0.69028002 -0.51753598
2.13421607 0.68357903 -0.51753598
2.13635302 0.67686999 -0.51753598
2.14776611 0.67306900 -0.51978600
2.14986992 0.66631800 -0.51978600
2.14263701 0.65670598 -0.51753598
2.16333890 0.65562397 -0.52203602
2.16538811 0.64882398 -0.52203602
2.16741610 0.64201802 -0.52203602
2.16942191 0.63520497 -0.52203602
2.17140698 0.62838697 -0.52203602
2.18273807 0.62424201 -0.52428699
2.20344090 0.62268001 -0.52878702
2.23354006 0.62361598 -0.53553700
2.23548889 0.61659497 -0.53553700
2.23741508 0.60957003 -0.53553700
2.23931789 0.60253799 -0.53553700
2.25061703 0.59800202 -0.53778702
2.24306011 0.58845598 -0.53553700
2.24489808 0.58140600 -0.53553700
2.25615311 0.57676399 -0.53778702
2.25795388 0.56967402 -0.53778702
2.25973296 0.56257701 -0.53778702
2.26148891 0.55547500 -0.53778702
2.21587491 0.53689498 -0.52653700
2.22702694 0.53219599 -0.52878702
2.23817205 0.52743202 -0.53103697
2.24930906 0.52260298 -0.53328699
2.26043701 0.51770902 -0.53553700
2.25254798 0.50845897 -0.53328699
2.25413394 0.50138098 -0.53328699
2.26521611 0.49638301 -0.53553700
1.78084397 1.28911602 -0.42938799
1.79285300 1.28924501 -0.43130499
1.78092206 1.27219701 -0.42747200
1.80892301 1.28363395 -0.43322200
1.80492401 1.27229095 -0.43130499
1.81695199 1.27224302 -0.43322200
1.81288195 1.26092601 -0.43130499
1.82491004 1.26080203 -0.43322200
1.81657600 1.23825502 -0.42938799
1.82045805 1.23254204 -0.42938799
1.82410598 1.22713602 -0.42938799
1.85243404 1.23775697 -0.43513900
1.82360303 1.21022296 -0.42747200
1.84378505 1.21529102 -0.43130499
1.83938205 1.20411694 -0.42938799
1.85961294 1.20903206 -0.43322200
1.86340201 1.20318401 -0.43322200
1.84238803 1.18142998 -0.42747200
1.87092495 1.19145203 -0.43322200
1.87465894 1.18556905 -0.43322200
1.87006295 1.17445397 -0.43130499
1.85708797 1.15818501 -0.42747200
1.87740600 1.16268003 -0.43130499
1.90612900 1.17219996 -0.43705601
1.92655504 1.17643595 -0.44089001
1.92184901 1.16528904 -0.43897301
1.94231701 1.16937006 -0.44280699
1.93755698 1.15822601 -0.44089001
1.93274605 1.14712405 -0.43897301
1.95325196 1.15101302 -0.44280699
1.94818795 1.14025402 -0.44089001
1.95176005 1.13412797 -0.44089001
1.95531404 1.12799096 -0.44089001
1.95904398 1.12150097 -0.44089001
1.97108996 1.12019002 -0.44280699
1.96605206 1.10916901 -0.44089001
1.96077096 1.09853399 -0.43897301
1.94185805 1.07196295 -0.43322200
1.93679404 1.06080401 -0.43130499
1.94874001 1.05940104 -0.43322200
1.94342101 1.04861295 -0.43130499
1.98112905 1.06138098 -0.43897301
1.96712196 1.04593801 -0.43513900
1.96171796 1.03517199 -0.43322200
1.96496105 1.02900398 -0.43322200
1.98560095 1.03187704 -0.43705601
1.96266401 1.01213801 -0.43130499
1.97457099 1.01043999 -0.43322200
1.98648703 1.00867498 -0.43513900
1.98964596 1.00242805 -0.43513900
1.94889104 0.97423100 -0.42555499
2.00469708 0.99426901 -0.43705601
2.02542400 0.99663198 -0.44089001
2.03736401 0.99457002 -0.44280699
2.04047894 0.98816401 -0.44280699
2.04357290 0.98174900 -0.44280699
2.05550694 0.97954601 -0.44472399
2.04970098 0.96888900 -0.44280699
2.04384899 0.95827901 -0.44089001
2.04684901 0.95185298 -0.44089001
2.04982901 0.94541800 -0.44089001
2.06171393 0.94305700 -0.44280699
2.05572891 0.93251997 -0.44089001
2.06759906 0.93008399 -0.44280699
2.07051110 0.92358297 -0.44280699
2.05545092 0.90913397 -0.43897301
2.05212212 0.89228803 -0.43705601
2.07294011 0.89360702 -0.44089001
2.07573795 0.88709003 -0.44089001
2.08755112 0.88439298 -0.44280699
2.09031892 0.87783098 -0.44280699
2.08400607 0.86748803 -0.44089001
2.08672094 0.86093700 -0.44089001
2.10758400 0.86180598 -0.44472399
2.11013198 0.85554898 -0.44472399
2.10370207 0.84525698 -0.44280699
2.11546612 0.84227300 -0.44472399
2.10911703 0.83165401 -0.44280699
2.05686998 0.80359399 -0.43130499
2.12345290 0.82192802 -0.44472399
2.12588310 0.81562501 -0.44472399
2.13760900 0.81242800 -0.44664100
2.14933610 0.80916703 -0.44855800
2.15186810 0.80241001 -0.44855800
2.15437794 0.79564601 -0.44855800
2.14764905 0.78550297 -0.44664100
2.15933394 0.78209400 -0.44855800
2.17101908 0.77862000 -0.45047399
2.16420603 0.76851100 -0.44855800
2.17586803 0.76496398 -0.45047399
2.17839289 0.75774401 -0.45047399
2.18076301 0.75089699 -0.45047399
2.18298101 0.74442297 -0.45047399
2.15968800 0.72136402 -0.44472399
2.18989992 0.72381699 -0.45047399
2.18283510 0.71388203 -0.44855800
2.19440508 0.71004301 -0.45047399
2.21531892 0.70912999 -0.45430800
2.20817900 0.69920301 -0.45239100
2.21973109 0.69519597 -0.45430800
2.22190404 0.68821901 -0.45430800
2.22405505 0.68123603 -0.45430800
2.21679091 0.67140102 -0.45239100
2.23769403 0.67006302 -0.45622501
2.22096610 0.65745902 -0.45239100
2.19476199 0.64220899 -0.44664100
2.25333810 0.65167099 -0.45814201
2.24593711 0.64189202 -0.45622501
2.25738811 0.63749999 -0.45814201
2.25937891 0.63040501 -0.45814201
2.26134896 0.62330300 -0.45814201
2.28223491 0.62135297 -0.46197599
2.27469802 0.61163199 -0.46005899
2.27660799 0.60448200 -0.46005899
2.28799009 0.59981602 -0.46197599
2.28986311 0.59262502 -0.46197599
2.29171300 0.58542901 -0.46197599
2.28402400 0.57582700 -0.46005899
2.31439495 0.57575601 -0.46581000
2.29712892 0.56380397 -0.46197599
2.29888892 0.55658400 -0.46197599
2.31017303 0.55163902 -0.46389300
2.30234098 0.54212999 -0.46197599
2.31359291 0.53711301 -0.46389300
2.31526899 0.52984202 -0.46389300
2.30734801 0.52040601 -0.46197599
1.85196996 1.34899497 -0.36444399
1.83219695 1.32580101 -0.35973099
1.84437203 1.32580304 -0.36130199
1.83245301 1.30852497 -0.35815999
1.83655500 1.30276096 -0.35815999
1.85678506 1.30836201 -0.36130199
1.86088598 1.30252194 -0.36130199
1.86496794 1.29667103 -0.36130199
1.85277998 1.27958000 -0.35815999
1.87307894 1.28492606 -0.36130199
1.87710702 1.27903605 -0.36130199
1.88111603 1.27313197 -0.36130199
1.88488400 1.26754606 -0.36130199
1.88064504 1.25613201 -0.35973099
1.90104198 1.26113605 -0.36287299
1.89674699 1.24972498 -0.36130199
1.90066397 1.24375999 -0.36130199
1.90456104 1.23778296 -0.36130199
1.90844095 1.23179305 -0.36130199
1.91230202 1.22579098 -0.36130199
1.91614294 1.21977699 -0.36130199
1.92831302 1.21902895 -0.36287299
1.91540504 1.20246303 -0.35973099
1.92755401 1.20166504 -0.36130199
1.93971705 1.20080101 -0.36287299
1.97713304 1.21538901 -0.36915600
1.98936999 1.21431696 -0.37072700
1.97628498 1.19782305 -0.36758500
1.98003805 1.19160903 -0.36758500
2.00072694 1.19551301 -0.37072700
2.00447297 1.18922198 -0.37072700
1.99117994 1.17289495 -0.36758500
2.01169991 1.17695606 -0.37072700
2.00684810 1.16567004 -0.36915600
2.01905489 1.16429198 -0.37072700
2.01433301 1.15268600 -0.36915600
2.02653098 1.15122998 -0.37072700
1.96992195 1.11090004 -0.35973099
1.99906003 1.11952698 -0.36444399
1.99393499 1.10844195 -0.36287299
2.00605392 1.10694504 -0.36444399
1.99238896 1.09080100 -0.36130199
2.00448298 1.08925200 -0.36287299
2.01658702 1.08763695 -0.36444399
2.01110005 1.07698596 -0.36287299
2.01447296 1.07066405 -0.36287299
2.01782703 1.06432998 -0.36287299
2.02116108 1.05798495 -0.36287299
2.04200196 1.06073499 -0.36601400
2.04532504 1.05431402 -0.36601400
2.03983402 1.04338801 -0.36444399
2.05190802 1.04144299 -0.36601400
2.04635000 1.03054905 -0.36444399
2.07608104 1.03735900 -0.36915600
2.07932901 1.03083205 -0.36915600
2.10028100 1.03301096 -0.37229800
2.10351610 1.02640796 -0.37229800
2.10672998 1.01979399 -0.37229800
2.10992408 1.01317096 -0.37229800
2.09526396 0.99804401 -0.36915600
2.11624789 0.99989402 -0.37229800
2.11937904 0.99324101 -0.37229800
2.09562206 0.97408903 -0.36758500
2.12557793 0.97990501 -0.37229800
2.11068201 0.96500999 -0.36915600
2.12269807 0.96245199 -0.37072700
2.06265998 0.92742902 -0.35973099
2.11066389 0.94105202 -0.36758500
2.12264204 0.93840998 -0.36915600
2.11653399 0.92777300 -0.36758500
2.12849593 0.92505503 -0.36915600
2.13139200 0.91836399 -0.36915600
2.13426709 0.91166300 -0.36915600
2.13712001 0.90495300 -0.36915600
2.13995194 0.89823502 -0.36915600
2.15188193 0.89530098 -0.37072700
2.14555407 0.88477200 -0.36915600
2.14832306 0.87802601 -0.36915600
2.16007209 0.87535799 -0.37072700
2.16281104 0.86856800 -0.37072700
2.15635300 0.85811698 -0.36915600
2.21704602 0.86572701 -0.37858099
2.20133305 0.85163200 -0.37544000
2.19462895 0.84156102 -0.37386900
2.20649505 0.83816803 -0.37544000
2.21835995 0.83471102 -0.37701100
2.25798798 0.84153199 -0.38329399
2.23282599 0.82417601 -0.37858099
2.24467897 0.82054800 -0.38015199
2.23796010 0.81013000 -0.37858099
2.21260405 0.79309899 -0.37386900
2.27092695 0.80596203 -0.38329399
2.25481296 0.79227602 -0.38015199
2.20145893 0.76533699 -0.37072700
2.23186707 0.76805800 -0.37544000
2.22478795 0.75824702 -0.37386900
2.22715998 0.75125402 -0.37386900
2.24824405 0.75050700 -0.37701100
2.25059104 0.74344099 -0.37701100
2.25291491 0.73636597 -0.37701100
2.25521803 0.72928500 -0.37701100
2.25749707 0.72219700 -0.37701100
2.26917100 0.71807998 -0.37858099
2.26199102 0.70799798 -0.37701100
2.25477004 0.69796699 -0.37544000
2.27583790 0.69666201 -0.37858099
2.27801490 0.68950999 -0.37858099
2.32965302 0.68919098 -0.38643599
2.34128594 0.68463999 -0.38800699
2.34342504 0.67728102 -0.38800699
2.34554100 0.66991597 -0.38800699
2.34763408 0.66254401 -0.38800699
2.34019089 0.65251303 -0.38643599
2.36127210 0.65040201 -0.38957801
2.34424496 0.63779598 -0.38643599
2.34623694 0.63042903 -0.38643599
2.35775208 0.62558699 -0.38800699
2.35970497 0.61817700 -0.38800699
2.33295202 0.60334200 -0.38329399
2.35397410 0.60089600 -0.38643599
2.35584998 0.59349799 -0.38643599
2.35770297 0.58609301 -0.38643599
2.36912394 0.58103597 -0.38800699
2.36133909 0.57126802 -0.38643599
2.36312199 0.56384701 -0.38643599
1.86568296 1.34953594 -0.28350899
1.85379398 1.33208597 -0.28106400
1.84989095 1.32048905 -0.27984199
1.87022305 1.32615197 -0.28228599
1.86626601 1.31455505 -0.28106400
1.87851906 1.31437504 -0.28228599
1.87448800 1.30280399 -0.28106400
1.87857199 1.29690802 -0.28106400
1.88263702 1.29100001 -0.28106400
1.89488602 1.29066598 -0.28228599
1.93181300 1.30695295 -0.28717500
1.91097200 1.28460503 -0.28350899
1.92325306 1.28410602 -0.28473100
1.93554902 1.28354204 -0.28595299
1.93957198 1.27745497 -0.28595299
1.93526900 1.26592302 -0.28473100
1.94755900 1.26524401 -0.28595299
1.95152497 1.25911903 -0.28595299
1.95547104 1.25298095 -0.28595299
1.95939803 1.24683201 -0.28595299
1.97169495 1.24597299 -0.28717500
1.96719301 1.23449600 -0.28595299
1.94579196 1.21256304 -0.28228599
1.94959199 1.20644295 -0.28228599
1.95337200 1.20031297 -0.28228599
1.95713305 1.19417095 -0.28228599
1.96087503 1.18801606 -0.28228599
1.97310305 1.18696594 -0.28350899
1.96830106 1.17567205 -0.28228599
1.97198498 1.16948295 -0.28228599
1.97564900 1.16328204 -0.28228599
1.97909200 1.15741503 -0.28228599
1.98271799 1.15119195 -0.28228599
1.97772706 1.13999999 -0.28106400
1.99011099 1.13836396 -0.28228599
1.99367702 1.13210702 -0.28228599
1.99722397 1.12583697 -0.28228599
2.00921607 1.12475502 -0.28350899
2.03876710 1.13289905 -0.28717500
2.03362489 1.12169504 -0.28595299
2.05474591 1.12447500 -0.28839701
2.06699109 1.12275100 -0.28961900
2.07050800 1.11625195 -0.28961900
2.05630994 1.10073602 -0.28717500
2.06852198 1.09892797 -0.28839701
2.08952403 1.10168099 -0.29084101
2.07538700 1.08590806 -0.28839701
2.09640503 1.08853102 -0.29084101
2.09099102 1.07739305 -0.28961900
2.09436607 1.07081902 -0.28961900
2.03576112 1.03280103 -0.28106400
2.07445693 1.04425001 -0.28595299
2.06884789 1.03329396 -0.28473100
2.07208395 1.02678895 -0.28473100
2.06639290 1.01589501 -0.28350899
2.07849503 1.01374996 -0.28473100
2.09060407 1.01153696 -0.28595299
2.08482289 1.00066996 -0.28473100
2.10587907 1.00264895 -0.28717500
2.10901904 0.99602801 -0.28717500
2.09416199 0.98097700 -0.28473100
2.11523509 0.98275697 -0.28717500
2.10929799 0.97195297 -0.28595299
2.12136793 0.96944797 -0.28717500
2.11536288 0.95868099 -0.28595299
2.12741709 0.95609999 -0.28717500
2.15760708 0.96153098 -0.29084101
2.16969609 0.95876002 -0.29206300
2.18178701 0.95592201 -0.29328501
2.16657400 0.94115400 -0.29084101
2.17863488 0.93826902 -0.29206300
2.18157196 0.93141901 -0.29206300
2.18448710 0.92456102 -0.29206300
2.18738103 0.91769397 -0.29206300
2.19941807 0.91462803 -0.29328501
2.21145606 0.91149700 -0.29450700
2.20512104 0.90079099 -0.29328501
2.21698308 0.89797097 -0.29450700
2.17373896 0.87251598 -0.28839701
2.17647004 0.86568201 -0.28839701
2.17932796 0.85846001 -0.28839701
2.19126105 0.85521799 -0.28961900
2.20319390 0.85190898 -0.29084101
2.21497893 0.84892100 -0.29206300
2.22691393 0.84548002 -0.29328501
2.22026896 0.83498698 -0.29206300
2.22288203 0.82800698 -0.29206300
2.22547197 0.82102001 -0.29206300
2.22803998 0.81402498 -0.29206300
2.23991990 0.81039703 -0.29328501
2.24245405 0.80335701 -0.29328501
2.23561311 0.79299003 -0.29206300
2.23809290 0.78596199 -0.29206300
2.25006199 0.78179401 -0.29328501
2.28066397 0.78440499 -0.29695100
2.29237700 0.78083497 -0.29817301
2.29481792 0.77363002 -0.29817301
2.30665207 0.76955700 -0.29939499
2.30905795 0.76230699 -0.29939499
2.32087588 0.75813103 -0.30061701
2.30435801 0.74473202 -0.29817301
2.34450102 0.74957901 -0.30306101
2.31845498 0.73323101 -0.29939499
2.33969212 0.73187000 -0.30183899
2.27560806 0.70398301 -0.29328501
2.30628109 0.70554101 -0.29695100
2.30848598 0.69829297 -0.29695100
2.32017803 0.69388002 -0.29817301
2.32234597 0.68658799 -0.29817301
2.32449198 0.67928803 -0.29817301
2.32661390 0.67198300 -0.29817301
2.32871294 0.66466999 -0.29817301
2.33079004 0.65735102 -0.29817301
2.33284402 0.65002501 -0.29817301
2.33487511 0.64269298 -0.29817301
2.34645891 0.63795900 -0.29939499
2.34845209 0.63058400 -0.29939499
2.35042095 0.62320298 -0.29939499
2.35236812 0.61581600 -0.29939499
2.36389995 0.61090600 -0.30061701
2.36580801 0.60347700 -0.30061701
2.36769199 0.59604198 -0.30061701
2.36955309 0.58859998 -0.30061701
2.36174989 0.57879102 -0.29939499
1.91305995 1.38329804 -0.20878001
1.90930605 1.37146997 -0.20789900
1.90549600 1.35967898 -0.20701800
1.90975904 1.35368598 -0.20701800
1.92214596 1.35341501 -0.20789900
1.91822600 1.34166002 -0.20701800
1.92243099 1.33562803 -0.20701800
1.92661798 1.32958102 -0.20701800
1.93078601 1.32352197 -0.20701800
1.93493402 1.31745005 -0.20701800
1.93906295 1.31136501 -0.20701800
1.94294500 1.30560601 -0.20701800
1.94703805 1.29949498 -0.20701800
1.95111096 1.29337096 -0.20701800
1.95516396 1.28723598 -0.20701800
1.95919800 1.28108704 -0.20701800
1.96321404 1.27492595 -0.20701800
1.96720898 1.26875198 -0.20701800
1.97118604 1.26256502 -0.20701800
1.97514200 1.25636601 -0.20701800
1.97907901 1.25015604 -0.20701800
1.99143505 1.24922502 -0.20789900
2.02465892 1.25240803 -0.21054199
2.02858400 1.24604201 -0.21054199
2.02398396 1.23447597 -0.20966101
2.03637290 1.23327100 -0.21054199
2.04023695 1.22686803 -0.21054199
2.04408193 1.22045195 -0.21054199
2.05647397 1.21910405 -0.21142299
2.06029391 1.21263802 -0.21142299
2.08108211 1.21657300 -0.21318500
2.05904698 1.19502902 -0.21054199
2.07163095 1.19316494 -0.21142299
2.08401704 1.19159603 -0.21230400
2.03577209 1.15553999 -0.20701800
2.05675006 1.15891802 -0.20878001
2.06887102 1.15767503 -0.20966101
2.05508304 1.14149594 -0.20789900
2.06757998 1.13948298 -0.20878001
2.07115006 1.13298202 -0.20878001
2.07469893 1.12646902 -0.20878001
2.07822800 1.11994600 -0.20878001
2.08154202 1.11377501 -0.20878001
2.08503008 1.10722995 -0.20878001
2.07968593 1.09603095 -0.20789900
2.09194589 1.09410799 -0.20878001
2.09537292 1.08753097 -0.20878001
2.09877896 1.08094203 -0.20878001
2.10216498 1.07434297 -0.20878001
2.11777210 1.06559098 -0.20966101
2.14784598 1.07228100 -0.21230400
2.15120292 1.06552804 -0.21230400
2.15454102 1.05876398 -0.21230400
2.15785599 1.05199099 -0.21230400
2.17011809 1.04954302 -0.21318500
2.16442299 1.03841197 -0.21230400
2.17666888 1.03588796 -0.21318500
2.18892097 1.03329599 -0.21406600
2.19215608 1.02641499 -0.21406600
2.19536996 1.01952195 -0.21406600
2.20760989 1.01678801 -0.21494700
2.13830805 0.97673798 -0.20789900
2.16858697 0.98234600 -0.21054199
2.17166209 0.97552800 -0.21054199
2.18381500 0.97275400 -0.21142299
2.18686104 0.96588898 -0.21142299
2.18075895 0.95501798 -0.21054199
2.18374896 0.94816202 -0.21054199
2.18671703 0.94129699 -0.21054199
2.18966389 0.93442202 -0.21054199
2.20176196 0.93142003 -0.21142299
2.20467710 0.92449802 -0.21142299
2.21676898 0.92139000 -0.21230400
2.21965289 0.91442198 -0.21230400
2.21329308 0.90367800 -0.21142299
2.24650598 0.90126902 -0.21406600
2.26799703 0.90117002 -0.21582700
2.28008604 0.89769000 -0.21670800
2.27361488 0.88690197 -0.21582700
2.29497194 0.88693702 -0.21758901
2.29759407 0.88012397 -0.21758901
2.30966091 0.87643498 -0.21847001
2.30307794 0.86567003 -0.21758901
2.31512189 0.86190599 -0.21847001
2.30847192 0.85118300 -0.21758901
2.30177808 0.84051001 -0.21670800
2.28567195 0.82649899 -0.21494700
2.26950097 0.81259900 -0.21318500
2.29081988 0.81212300 -0.21494700
2.29335999 0.80492097 -0.21494700
2.29601598 0.79731202 -0.21494700
2.29851007 0.79009402 -0.21494700
2.31027389 0.78648198 -0.21582700
2.31273293 0.77921999 -0.21582700
2.32462001 0.77510101 -0.21670800
2.32704306 0.76779401 -0.21670800
2.32944393 0.76047897 -0.21670800
2.34130001 0.75621998 -0.21758901
2.34366393 0.74886101 -0.21758901
2.34600592 0.74149400 -0.21758901
2.36965203 0.73262298 -0.21935099
2.39099312 0.73100001 -0.22111300
2.40281200 0.72636801 -0.22199400
2.39553905 0.71596199 -0.22111300
2.41688204 0.71407801 -0.22287500
2.40955210 0.70368898 -0.22199400
2.42132092 0.69887900 -0.22287500
2.41392493 0.68853599 -0.22199400
2.41607690 0.68094897 -0.22199400
2.41820407 0.67335600 -0.22199400
2.42991209 0.66839600 -0.22287500
2.36471105 0.64247799 -0.21670800
2.41482210 0.64795399 -0.22111300
2.41684604 0.64036298 -0.22111300
2.42848206 0.63528901 -0.22199400
2.42082191 0.62516499 -0.22111300
2.42277408 0.61755699 -0.22111300
1.93869603 1.39206898 -0.12530400
1.93492997 1.38017201 -0.12477900
1.93925703 1.37408602 -0.12477900
1.94356406 1.36798799 -0.12477900
1.94785202 1.36187398 -0.12477900
1.95212102 1.35574901 -0.12477900
1.95637000 1.34960997 -0.12477900
1.94412506 1.33216703 -0.12373100
2.00608897 1.36538506 -0.12740099
2.02691507 1.37026203 -0.12844899
2.03097200 1.36424196 -0.12844899
2.03524709 1.35785496 -0.12844899
2.03950310 1.35145402 -0.12844899
2.04373908 1.34503996 -0.12844899
2.04795408 1.33861303 -0.12844899
2.05215001 1.33217204 -0.12844899
2.05632401 1.32571900 -0.12844899
2.06048012 1.31925201 -0.12844899
2.06461406 1.31277204 -0.12844899
2.06872702 1.30628002 -0.12844899
2.01359797 1.26263702 -0.12477900
2.01755404 1.25630605 -0.12477900
2.02998495 1.25521302 -0.12530400
2.03391790 1.24882901 -0.12530400
2.04635811 1.24763203 -0.12582800
2.05026698 1.24119699 -0.12582800
2.04559803 1.22960496 -0.12530400
2.05802608 1.22828996 -0.12582800
2.07046509 1.22691000 -0.12635200
2.06570196 1.21533597 -0.12582800
2.06067801 1.20416200 -0.12530400
2.07308793 1.20269406 -0.12582800
2.07706499 1.19581199 -0.12582800
2.07214093 1.18432605 -0.12530400
2.07585096 1.17781103 -0.12530400
2.09694409 1.18108499 -0.12635200
2.13530111 1.19435799 -0.12844899
2.15650392 1.19733799 -0.12949800
2.15171599 1.18536198 -0.12897401
2.15542889 1.17859697 -0.12897401
2.17667508 1.18134606 -0.13002200
2.17158389 1.16976702 -0.12949800
2.18385100 1.16802704 -0.13002200
2.18751001 1.16116095 -0.13002200
2.19998193 1.15893805 -0.13054700
2.20361209 1.15201998 -0.13054700
2.19835591 1.14049304 -0.13002200
2.14865589 1.10615504 -0.12687699
2.15212011 1.09940004 -0.12687699
2.15556312 1.09263396 -0.12687699
2.16790700 1.09034300 -0.12740099
2.16238594 1.07906902 -0.12687699
2.17471409 1.07670105 -0.12740099
2.16912293 1.06545997 -0.12687699
2.17246008 1.05864096 -0.12687699
2.18476605 1.05615699 -0.12740099
2.18807292 1.04928803 -0.12740099
2.19135809 1.04240894 -0.12740099
2.19462299 1.03551900 -0.12740099
2.19786501 1.02862000 -0.12740099
2.20108604 1.02171004 -0.12740099
2.19521308 1.01061404 -0.12687699
2.21654606 1.01200795 -0.12792499
2.26519990 1.02563405 -0.13054700
2.26841092 1.01851296 -0.13054700
2.27160001 1.01138103 -0.13054700
2.28390098 1.00827301 -0.13107100
2.28705812 1.00109398 -0.13107100
2.29019189 0.99390298 -0.13107100
2.29330301 0.98670399 -0.13107100
2.29639101 0.97949302 -0.13107100
2.30865502 0.97616398 -0.13159500
2.31170988 0.96890700 -0.13159500
2.32396507 0.96547002 -0.13211900
2.27158189 0.93535101 -0.12897401
2.27450895 0.92821002 -0.12897401
2.26799607 0.91771197 -0.12844899
2.28013706 0.91429901 -0.12897401
2.29243708 0.91041797 -0.12949800
2.29528594 0.90321201 -0.12949800
2.29811311 0.89599597 -0.12949800
2.30091596 0.88877201 -0.12949800
2.30354309 0.88194197 -0.12949800
2.30630207 0.87470001 -0.12949800
2.30903912 0.86745101 -0.12949800
2.31175303 0.86019200 -0.12949800
2.32381392 0.85637897 -0.13002200
2.31711102 0.84565097 -0.12949800
2.33854008 0.84515500 -0.13054700
2.38819599 0.85462803 -0.13316800
2.38145494 0.84378600 -0.13264400
2.40294099 0.84291101 -0.13369200
2.42459202 0.84148699 -0.13474099
2.42722297 0.83386499 -0.13474099
2.42968702 0.82665902 -0.13474099
2.45120001 0.82539701 -0.13578901
2.44430709 0.81453401 -0.13526499
2.43737006 0.80372399 -0.13474099
2.45886993 0.80225801 -0.13578901
2.36634493 0.76385301 -0.13054700
2.38775802 0.76249099 -0.13159500
2.39014196 0.75498497 -0.13159500
2.40203404 0.75045103 -0.13211900
2.41392112 0.74584800 -0.13264400
2.40670204 0.73534399 -0.13211900
2.40899992 0.72777897 -0.13211900
2.42084289 0.72306502 -0.13264400
2.41352510 0.71262902 -0.13211900
2.42533898 0.70784003 -0.13264400
2.42755008 0.70021802 -0.13264400
2.43934202 0.69532597 -0.13316800
2.44151402 0.68765801 -0.13316800
2.45328307 0.68266201 -0.13369200
2.45541596 0.67495102 -0.13369200
2.45752406 0.66723400 -0.13369200
2.46925402 0.66209698 -0.13421699
2.46166801 0.65178001 -0.13369200
2.46370411 0.64404202 -0.13369200
2.00655603 1.43973303 -0.04244800
1.98664296 1.41601300 -0.04193200
1.99108195 1.40976405 -0.04193200
1.98732197 1.39775002 -0.04176100
1.99989998 1.39722598 -0.04193200
2.00428009 1.39093602 -0.04193200
2.00863910 1.38463295 -0.04193200
2.01297998 1.37831604 -0.04193200
2.02532697 1.37796199 -0.04210400
2.02136111 1.36599398 -0.04193200
2.02564311 1.35963702 -0.04193200
2.02990389 1.35326600 -0.04193200
2.03414607 1.34688199 -0.04193200
2.03001308 1.33499098 -0.04176100
2.04256797 1.33407497 -0.04193200
2.03836107 1.32220995 -0.04176100
2.05091000 1.32121503 -0.04193200
2.05505109 1.31476498 -0.04193200
2.05917096 1.30830300 -0.04193200
2.05481505 1.29649198 -0.04176100
2.05887794 1.29003000 -0.04176100
2.07140994 1.28883803 -0.04193200
2.08395505 1.28757906 -0.04210400
2.08799005 1.28102601 -0.04210400
2.09200311 1.27445996 -0.04210400
2.09599710 1.26788104 -0.04210400
2.09997010 1.26129103 -0.04210400
2.11250997 1.25980794 -0.04227600
2.10763502 1.24843895 -0.04210400
2.11154699 1.24181199 -0.04210400
2.12407303 1.24021304 -0.04227600
2.11930799 1.22852004 -0.04210400
2.13182306 1.22684300 -0.04227600
2.12698507 1.21518004 -0.04210400
2.12209511 1.20355904 -0.04193200
2.13457799 1.20179105 -0.04210400
2.14707088 1.19995797 -0.04227600
2.15083098 1.19320595 -0.04227600
2.14580989 1.18162000 -0.04210400
2.15828490 1.17966902 -0.04227600
2.16198111 1.17288196 -0.04227600
2.17445803 1.17082500 -0.04244800
2.17792201 1.16436803 -0.04244800
2.17273688 1.15283406 -0.04227600
2.18539596 1.15028000 -0.04244800
2.18899894 1.14340794 -0.04244800
2.19257998 1.13652599 -0.04244800
2.18724895 1.12505805 -0.04227600
2.19967794 1.12272704 -0.04244800
2.23887300 1.13388097 -0.04313500
2.25135899 1.13133097 -0.04330700
2.26384902 1.12871397 -0.04347900
2.26738405 1.12159705 -0.04347900
2.27089691 1.11446702 -0.04347900
2.26539707 1.10295105 -0.04330700
2.27785397 1.10017705 -0.04347900
2.29031610 1.09733605 -0.04365100
2.28472209 1.08584404 -0.04347900
2.29716611 1.08292401 -0.04365100
2.30055594 1.07570195 -0.04365100
2.24950099 1.04322898 -0.04262000
2.26185107 1.04033601 -0.04279200
2.25601101 1.02907598 -0.04262000
2.26834297 1.02610302 -0.04279200
2.27155495 1.01897204 -0.04279200
2.27474594 1.01182997 -0.04279200
2.27791309 1.00468004 -0.04279200
2.29938006 1.00553095 -0.04313500
2.30252790 0.99830198 -0.04313500
2.29646611 0.98711503 -0.04296400
2.30875492 0.98381501 -0.04313500
2.30262303 0.97266603 -0.04296400
2.32411289 0.97315103 -0.04330700
2.32715893 0.96584499 -0.04330700
2.33001399 0.95893598 -0.04330700
2.37930608 0.97049201 -0.04416700
2.39161205 0.96675998 -0.04433800
2.39463711 0.95924199 -0.04433800
2.39763999 0.95171398 -0.04433800
2.40061688 0.94417697 -0.04433800
2.41288805 0.94025999 -0.04451000
2.41582990 0.93267602 -0.04451000
2.41874790 0.92508203 -0.04451000
2.42164302 0.91747802 -0.04451000
2.43387389 0.91337800 -0.04468200
2.36175489 0.87785900 -0.04330700
2.37388396 0.87388998 -0.04347900
2.39540505 0.87327701 -0.04382300
2.39813709 0.86574697 -0.04382300
2.39142990 0.85484302 -0.04365100
2.41295505 0.85399902 -0.04399500
2.42506194 0.84972000 -0.04416700
2.41827297 0.83882099 -0.04399500
2.42089605 0.83121902 -0.04399500
2.42349601 0.82360899 -0.04399500
2.44502497 0.82236701 -0.04433800
2.43811011 0.81152397 -0.04416700
2.43114996 0.80073297 -0.04399500
2.43365407 0.79308999 -0.04399500
2.46468210 0.79464602 -0.04451000
2.50526905 0.79905200 -0.04519800
2.51730204 0.79418498 -0.04536900
2.51978493 0.78627402 -0.04536900
2.51268911 0.77540499 -0.04519800
2.53423810 0.77334398 -0.04554100
2.52708292 0.76249099 -0.04536900
2.54862905 0.76026398 -0.04571300
2.55100489 0.75225198 -0.04571300
2.55335498 0.74423498 -0.04571300
2.49803400 0.71960402 -0.04468200
2.50028205 0.71175301 -0.04468200
2.52175593 0.70930898 -0.04502600
2.51433897 0.69870502 -0.04485400
2.51652098 0.69080299 -0.04485400
2.52832890 0.68551099 -0.04502600
2.52081203 0.67497897 -0.04485400
2.11960793 1.51693106 0.13521400
2.12436295 1.51026499 0.13521400
2.12909698 1.50358295 0.13521400
2.13381100 1.49688601 0.13521400
2.14669490 1.49588597 0.13573200
2.14317298 1.48345006 0.13521400
2.13959408 1.47105300 0.13469601
2.14420509 1.46432304 0.13469601
2.16532397 1.46879101 0.13573200
2.16139102 1.45677996 0.13521400
2.17425609 1.45553696 0.13573200
2.17050099 1.44317102 0.13521400
2.18335795 1.44184697 0.13573200
2.18787694 1.43498099 0.13573200
2.19237399 1.42810094 0.13573200
2.19685006 1.42120600 0.13573200
2.20130396 1.41429806 0.13573200
2.20573592 1.40737498 0.13573200
2.20171094 1.39509296 0.13521400
2.20608306 1.38817000 0.13521400
2.21890211 1.38652396 0.13573200
2.23173308 1.38481104 0.13625000
2.22757006 1.37255502 0.13573200
2.23187089 1.36555004 0.13573200
2.25322008 1.36890304 0.13676800
2.24895811 1.35665798 0.13625000
2.25321007 1.34958601 0.13625000
2.26602101 1.34760499 0.13676800
2.26164389 1.33540297 0.13625000
2.27421093 1.33373904 0.13676800
2.27838993 1.32658696 0.13676800
2.29119301 1.32441998 0.13728601
2.28690910 1.31184602 0.13676800
2.29969692 1.30959702 0.13728601
2.29510593 1.29745197 0.13676800
2.29894590 1.29063594 0.13676800
2.29426599 1.27854502 0.13625000
2.29827094 1.27133203 0.13625000
2.30247402 1.26370394 0.13625000
2.31520200 1.26124203 0.13676800
2.31915402 1.25396204 0.13676800
2.31406593 1.24235106 0.13625000
2.31795692 1.23507500 0.13625000
2.32161093 1.22819304 0.13625000
2.32567096 1.22048795 0.13625000
2.32949400 1.21317506 0.13625000
2.33329391 1.20585001 0.13625000
2.32818389 1.19395804 0.13573200
2.34972501 1.19569504 0.13676800
2.35347009 1.18830705 0.13676800
2.35719109 1.18090796 0.13676800
2.36983299 1.17794096 0.13728601
2.37352109 1.17049205 0.13728601
2.36821604 1.15864003 0.13676800
2.37184501 1.15119398 0.13676800
2.38444710 1.14806902 0.13728601
2.37902999 1.13626897 0.13676800
2.38258791 1.12879002 0.13676800
2.39516091 1.12554598 0.13728601
2.39868593 1.11801505 0.13728601
2.39312100 1.10628402 0.13676800
2.40566301 1.10292304 0.13728601
2.40911603 1.09536004 0.13728601
2.41254497 1.08778596 0.13728601
2.41595101 1.08019996 0.13728601
2.41933203 1.07260501 0.13728601
2.42268991 1.06500006 0.13728601
2.43517804 1.06137395 0.13780400
2.43850088 1.05371797 0.13780400
2.44180012 1.04605198 0.13780400
2.44507408 1.03837597 0.13780400
2.44832301 1.03068995 0.13780400
2.46076608 1.02683902 0.13832200
2.46397996 1.01910305 0.13832200
2.47640991 1.01514399 0.13884000
2.47015905 1.00403202 0.13832200
2.47330093 0.99626702 0.13832200
2.48569298 0.99219501 0.13884000
2.47968292 0.98027402 0.13832200
2.49204898 0.97612101 0.13884000
2.49510407 0.96828800 0.13884000
2.51660705 0.96805203 0.13987599
2.51963592 0.96013999 0.13987599
2.52263999 0.95222002 0.13987599
2.52561903 0.94428903 0.13987599
2.52857304 0.93635201 0.13987599
2.53150201 0.92840302 0.13987599
2.53440595 0.92044502 0.13987599
2.54668307 0.91585797 0.14039500
2.54954791 0.90785199 0.14039500
2.54296803 0.89651901 0.13987599
2.55520105 0.89181602 0.14039500
2.55814505 0.88333702 0.14039500
2.57020402 0.87897497 0.14091299
2.57295203 0.87089700 0.14091299
2.57567501 0.86281002 0.14091299
2.57837296 0.85471302 0.14091299
2.59053493 0.84972000 0.14143100
2.60269094 0.84466100 0.14194900
2.60533094 0.83648098 0.14194900
2.60794592 0.82829201 0.14194900
2.61053610 0.82009399 0.14194900
2.62263608 0.81485099 0.14246701
2.63472891 0.80954200 0.14298500
2.63725901 0.80126101 0.14298500
2.63976407 0.79297101 0.14298500
2.65181494 0.78751802 0.14350300
2.64469409 0.77636898 0.14298500
2.65671110 0.77083999 0.14350300
2.64951897 0.75973803 0.14298500
2.64228511 0.74868703 0.14246701
2.08174992 1.48928797 0.04399500
2.07826900 1.47694898 0.04382300
2.08289909 1.47041202 0.04382300
2.09569502 1.46960199 0.04399500
2.10030007 1.46301198 0.04399500
2.09666395 1.45071697 0.04382300
2.10945106 1.44978595 0.04399500
2.11399603 1.44315100 0.04399500
2.11852002 1.43650198 0.04399500
2.12277198 1.43021202 0.04399500
2.11894488 1.41797495 0.04382300
2.14004302 1.42237997 0.04416700
2.13615704 1.41014099 0.04399500
2.14893794 1.40890598 0.04416700
2.15335298 1.40214801 0.04416700
2.14935207 1.38994598 0.04399500
2.16212106 1.38858902 0.04416700
2.16647291 1.38179004 0.04416700
2.17080307 1.37497795 0.04416700
2.17511201 1.36815202 0.04416700
2.17939901 1.36131096 0.04416700
2.18366599 1.35445702 0.04416700
2.17939591 1.34234703 0.04399500
2.18360305 1.33549404 0.04399500
2.18778706 1.32862794 0.04399500
2.20051289 1.32691002 0.04416700
2.20467091 1.31999004 0.04416700
2.20880699 1.31305802 0.04416700
2.21292090 1.30611300 0.04416700
2.21678591 1.29954195 0.04416700
2.22085810 1.29256999 0.04416700
2.22490811 1.28558600 0.04416700
2.23783302 1.28317499 0.04433800
2.24185300 1.27613902 0.04433800
2.24585104 1.26909006 0.04433800
2.24088693 1.25752699 0.04416700
2.24482703 1.25048006 0.04416700
2.25749397 1.24826002 0.04433800
2.25285506 1.23595905 0.04416700
2.26550698 1.23365700 0.04433800
2.26937199 1.22653306 0.04433800
2.27300191 1.21979403 0.04433800
2.26799798 1.20794702 0.04416700
2.28041005 1.20588696 0.04433800
2.27554202 1.19367301 0.04416700
2.28815007 1.19113505 0.04433800
2.29188108 1.18394005 0.04433800
2.29558802 1.17673600 0.04433800
2.29927397 1.16951799 0.04433800
2.30293703 1.16228795 0.04433800
2.31551695 1.15952504 0.04451000
2.31914902 1.15224397 0.04451000
2.32275701 1.14495397 0.04451000
2.32634306 1.13765001 0.04451000
2.33890104 1.13469994 0.04468200
2.34245396 1.12734699 0.04468200
2.34598398 1.11998296 0.04468200
2.34949088 1.11260796 0.04468200
2.34392500 1.10096896 0.04451000
2.35643601 1.09782195 0.04468200
2.35987306 1.09041405 0.04468200
2.36328697 1.08299601 0.04468200
2.36667705 1.07556605 0.04468200
2.37915993 1.07223296 0.04485400
2.37338901 1.06067300 0.04468200
2.37670898 1.05321205 0.04468200
2.38915992 1.04976296 0.04485400
2.39244604 1.04225302 0.04485400
2.39570904 1.03473103 0.04485400
2.40813899 1.03113401 0.04502600
2.40216303 1.01965702 0.04485400
2.41457009 1.01598406 0.04502600
2.41774988 1.00839305 0.04502600
2.42090607 1.00079298 0.04502600
2.42403793 0.99318200 0.04502600
2.43623805 0.98974901 0.04519800
2.43005991 0.97835600 0.04502600
2.44240808 0.97442198 0.04519800
2.44562602 0.96631700 0.04519800
2.44864988 0.95862901 0.04519800
2.46097112 0.95454800 0.04536900
2.46379304 0.94724202 0.04536900
2.45741296 0.93593800 0.04519800
2.46969604 0.93174303 0.04536900
2.47261095 0.92397898 0.04536900
2.48487806 0.91967797 0.04554100
2.48775506 0.91186702 0.04554100
2.49060798 0.90404600 0.04554100
2.49343491 0.89621699 0.04554100
2.49623895 0.88837898 0.04554100
2.49901700 0.88053399 0.04554100
2.50177097 0.87267798 0.04554100
2.51410294 0.86763799 0.04571300
2.51666594 0.86017501 0.04571300
2.52882695 0.85546899 0.04588500
2.53150201 0.84752101 0.04588500
2.53415203 0.83956301 0.04588500
2.53677702 0.83159697 0.04588500
2.54888797 0.82670897 0.04605700
2.55147290 0.81869799 0.04605700
2.56356192 0.81370199 0.04622900
2.56610608 0.80564499 0.04622900
2.57817292 0.80054301 0.04640100
2.58067489 0.79244000 0.04640100
2.58315206 0.78433001 0.04640100
2.58560300 0.77621001 0.04640100
2.59761500 0.77092803 0.04657200
2.59043002 0.75994802 0.04640100
2.60240698 0.75459200 0.04657200
2.60476494 0.74641299 0.04657200
2.60709691 0.73822498 0.04657200
2.60940289 0.73003203 0.04657200
2.61168408 0.72183001 0.04657200
