2.62249398 0.42428201 -0.71064001
2.66197896 0.42209199 -0.72097600
2.65374589 0.41224501 -0.71839201
2.66457796 0.40535799 -0.72097600
2.65628409 0.39556199 -0.71839201
2.64795399 0.38582301 -0.71580797
2.64915299 0.37750199 -0.71580797
2.65989399 0.37051100 -0.71839201
2.65147305 0.36084899 -0.71580797
2.67174506 0.35506299 -0.72097600
2.66326690 0.34542599 -0.71839201
2.67392302 0.33826900 -0.72097600
2.67497301 0.32986701 -0.72097600
2.66640496 0.32030901 -0.71839201
2.67693806 0.31352100 -0.72097600
2.66831207 0.30401599 -0.71839201
2.66925406 0.29563099 -0.71839201
2.62214398 0.28207800 -0.70547098
2.65184212 0.27684799 -0.71322399
2.65269899 0.26851600 -0.71322399
2.65352893 0.26018101 -0.71322399
2.65433407 0.25184301 -0.71322399
2.65511203 0.24350300 -0.71322399
2.66548610 0.23601200 -0.71580797
2.65658903 0.22681600 -0.71322399
2.64766097 0.21767800 -0.71064001
2.64833212 0.20935801 -0.71064001
2.65860891 0.20176899 -0.71322399
2.64956093 0.19317700 -0.71064001
2.64051795 0.18418001 -0.70805597
2.65072298 0.17652600 -0.71064001
2.66090488 0.16880800 -0.71322399
2.66142201 0.16044800 -0.71322399
2.65226793 0.15153600 -0.71064001
2.65273094 0.14320201 -0.71064001
2.66281605 0.13535900 -0.71322399
2.65357900 0.12653200 -0.71064001
2.65396309 0.11819500 -0.71064001
2.65432096 0.10985700 -0.71064001
2.65465403 0.10151700 -0.71064001
2.65495896 0.09317700 -0.71064001
2.64558411 0.08452700 -0.70805597
2.64583611 0.07621600 -0.70805597
2.63640499 0.06765600 -0.70547098
2.63660502 0.05937200 -0.70547098
2.63677812 0.05108900 -0.70547098
2.63691807 0.04326500 -0.70547098
2.64670110 0.03510900 -0.70805597
2.63713789 0.02669700 -0.70547098
2.63720894 0.01841100 -0.70547098
2.64691401 0.01016400 -0.70805597
2.63727307 0.00184100 -0.70547098
2.63726497 -0.00644400 -0.70547098
2.63723207 -0.01472900 -0.70547098
2.63717699 -0.02255400 -0.70547098
2.63708806 -0.03129900 -0.70547098
2.64662790 -0.04019000 -0.70805597
2.63683009 -0.04832800 -0.70547098
2.64633298 -0.05635700 -0.70805597
2.64614296 -0.06467000 -0.70805597
2.63627100 -0.07271700 -0.70547098
2.63602901 -0.08099800 -0.70547098
2.63576198 -0.08927900 -0.70547098
2.64512205 -0.09791700 -0.70805597
2.64480090 -0.10622600 -0.70805597
2.64445400 -0.11453500 -0.70805597
2.61515307 -0.12104000 -0.70030302
2.63405704 -0.13020900 -0.70547098
2.63363504 -0.13848400 -0.70547098
2.63318706 -0.14675701 -0.70547098
2.63271308 -0.15502900 -0.70547098
2.63221312 -0.16329899 -0.70547098
2.63168693 -0.17156699 -0.70547098
2.63113499 -0.17983399 -0.70547098
2.63055706 -0.18809900 -0.70547098
2.62995291 -0.19636200 -0.70547098
2.62932301 -0.20462400 -0.70547098
2.62866712 -0.21288300 -0.70547098
2.62798500 -0.22114000 -0.70547098
2.62727809 -0.22939500 -0.70547098
2.62654400 -0.23764800 -0.70547098
2.62578511 -0.24589799 -0.70547098
2.62499905 -0.25414601 -0.70547098
2.63380003 -0.26335201 -0.70805597
2.62334991 -0.27063400 -0.70547098
2.61288095 -0.27785301 -0.70288700
2.61204505 -0.28560400 -0.70288700
2.62073493 -0.29488900 -0.70547098
2.61019897 -0.30201000 -0.70288700
2.61882997 -0.31134999 -0.70547098
2.61783910 -0.31957501 -0.70547098
2.60723710 -0.32659701 -0.70288700
2.62536097 -0.33724800 -0.70805597
2.61471105 -0.34423301 -0.70547098
2.62318993 -0.35373700 -0.70805597
2.62206602 -0.36197600 -0.70805597
2.61135101 -0.36886099 -0.70547098
2.61017895 -0.37706301 -0.70547098
2.60898089 -0.38526100 -0.70547098
2.61731100 -0.39489701 -0.70805597
2.60650897 -0.40164599 -0.70547098
2.60523510 -0.40983200 -0.70547098
2.61347198 -0.41954601 -0.70805597
2.61214209 -0.42775500 -0.70805597
2.61078501 -0.43595901 -0.70805597
2.60940194 -0.44415900 -0.70805597
2.61751199 -0.45400500 -0.71064001
2.61607289 -0.46222600 -0.71064001
2.60509992 -0.46873200 -0.70805597
2.59411311 -0.47517300 -0.70547098
2.58311009 -0.48155001 -0.70288700
2.64515805 0.42747501 -0.61879301
2.66573501 0.42221099 -0.62329298
2.67667699 0.41532800 -0.62554401
2.67796803 0.40691701 -0.62554401
2.66959596 0.39706901 -0.62329298
2.67083001 0.38868001 -0.62329298
2.67203808 0.38028699 -0.62329298
2.67321897 0.37189099 -0.62329298
2.67437506 0.36348999 -0.62329298
2.67550302 0.35508701 -0.62329298
2.67660594 0.34668100 -0.62329298
2.66801500 0.33704799 -0.62104303
2.66905999 0.32866499 -0.62104303
2.67007995 0.32027799 -0.62104303
2.67101908 0.31235501 -0.62104303
2.67198706 0.30396199 -0.62104303
2.67292809 0.29556599 -0.62104303
2.67384410 0.28716800 -0.62104303
2.66504192 0.27775499 -0.61879301
2.65620708 0.26840201 -0.61654299
2.67643094 0.26195499 -0.62104303
2.66754103 0.25262600 -0.61879301
2.67802501 0.24513300 -0.62104303
2.66907597 0.23586001 -0.61879301
2.66980290 0.22747500 -0.61879301
2.68992710 0.22068000 -0.62329298
2.66146708 0.20992900 -0.61654299
2.68154502 0.20303801 -0.62104303
2.67241693 0.19437499 -0.61879301
2.66329503 0.18530101 -0.61654299
2.64441895 0.17564200 -0.61204302
2.67412996 0.16917901 -0.61879301
2.66492295 0.16019300 -0.61654299
2.66541290 0.15182000 -0.61654299
2.66587710 0.14344500 -0.61654299
2.66631389 0.13507000 -0.61654299
2.66672492 0.12669200 -0.61654299
2.66710997 0.11831400 -0.61654299
2.65773296 0.10953400 -0.61429298
2.65806389 0.10118300 -0.61429298
2.65836906 0.09283300 -0.61429298
2.65864801 0.08448000 -0.61429298
2.65890002 0.07612800 -0.61429298
2.64938593 0.06752600 -0.61204302
2.66906691 0.05963700 -0.61654299
2.64975810 0.05087800 -0.61204302
2.65963888 0.04317300 -0.61429298
2.65976191 0.03481800 -0.61429298
2.65985799 0.02646300 -0.61429298
2.65018511 0.01803900 -0.61204302
2.65022802 0.00971400 -0.61204302
2.65998912 0.00139200 -0.61429298
2.65023708 -0.00693800 -0.61204302
2.65994501 -0.01532000 -0.61429298
2.63065910 -0.02295700 -0.60754198
2.65005398 -0.03191600 -0.61204302
2.65967607 -0.04085300 -0.61429298
2.65953398 -0.04920800 -0.61429298
2.64963508 -0.05689000 -0.61204302
2.65918398 -0.06545300 -0.61429298
2.65896511 -0.07380700 -0.61429298
2.64898205 -0.08185900 -0.61204302
2.64871097 -0.09018100 -0.61204302
2.65815210 -0.09886400 -0.61429298
2.65782809 -0.10721400 -0.61429298
2.64774394 -0.11514000 -0.61204302
2.63765693 -0.12254300 -0.60979199
2.65672302 -0.13179500 -0.61429298
2.63683510 -0.13911401 -0.60979199
2.63638496 -0.14739700 -0.60979199
2.64563608 -0.15625300 -0.61204302
2.64513206 -0.16456400 -0.61204302
2.65432501 -0.17350800 -0.61429298
2.65376592 -0.18184599 -0.61429298
2.66290092 -0.19087900 -0.61654299
2.64285493 -0.19779000 -0.61204302
2.65193510 -0.20684899 -0.61429298
2.64156008 -0.21439099 -0.61204302
2.65058303 -0.22350700 -0.61429298
2.61104202 -0.22843701 -0.60529202
2.63942194 -0.23927701 -0.61204302
2.64835906 -0.24847800 -0.61429298
2.64756489 -0.25679699 -0.61429298
2.64674497 -0.26511300 -0.61429298
2.64589906 -0.27342701 -0.61429298
2.64502692 -0.28173801 -0.61429298
2.64418006 -0.28958499 -0.61429298
2.64325690 -0.29789001 -0.61429298
2.64230800 -0.30619299 -0.61429298
2.62198210 -0.31218800 -0.60979199
2.63066006 -0.32160601 -0.61204302
2.62963700 -0.32986900 -0.61204302
2.64791489 -0.34061500 -0.61654299
2.61785197 -0.34511200 -0.60979199
2.62641096 -0.35463801 -0.61204302
2.61563206 -0.36155301 -0.60979199
2.62413096 -0.37113300 -0.61204302
2.62295198 -0.37937501 -0.61204302
2.61210895 -0.38618901 -0.60979199
2.62051702 -0.39584801 -0.61204302
2.61926007 -0.40407899 -0.61204302
2.61797810 -0.41230500 -0.61204302
2.62629008 -0.42207399 -0.61429298
2.61533594 -0.42874601 -0.61204302
2.61397600 -0.43696100 -0.61204302
2.63179994 -0.44844401 -0.61654299
2.63037801 -0.45671001 -0.61654299
2.62893105 -0.46497101 -0.61654299
2.63704610 -0.47495499 -0.61879301
2.61637402 -0.47972199 -0.61429298
2.61485410 -0.48794001 -0.61429298
2.71164298 0.44599301 -0.53673601
2.58699489 0.41761199 -0.51181602
2.64645910 0.41868401 -0.52331698
2.69625401 0.41788399 -0.53290200
2.70725799 0.41088399 -0.53481901
2.70853496 0.40237701 -0.53481901
2.69036102 0.39104301 -0.53098500
2.71100998 0.38535100 -0.53481901
2.69392705 0.36566901 -0.53098500
2.68533301 0.35591501 -0.52906799
2.67670393 0.34621900 -0.52715099
2.69725299 0.34026399 -0.53098500
2.68856812 0.33059099 -0.52906799
2.67984796 0.32097501 -0.52715099
2.68078899 0.31302300 -0.52715099
2.69151092 0.30570799 -0.52906799
2.68270302 0.29617301 -0.52715099
2.66410303 0.28565100 -0.52331698
2.65522504 0.27626401 -0.52139997
2.70490503 0.27284601 -0.53098500
2.69598103 0.26339400 -0.52906799
2.68702412 0.25399801 -0.52715099
2.68780899 0.24555600 -0.52715099
2.68856692 0.23711000 -0.52715099
2.69907808 0.22949401 -0.52906799
2.68022203 0.21941300 -0.52523398
2.68089795 0.21099100 -0.52523398
2.68154693 0.20256799 -0.52523398
2.67234802 0.19390100 -0.52331698
2.67294407 0.18550400 -0.52331698
2.68330598 0.17775500 -0.52523398
2.68437004 0.16089199 -0.52523398
2.68486190 0.15245800 -0.52523398
2.67552805 0.14349601 -0.52331698
2.66616297 0.13459601 -0.52139997
2.67637610 0.12668200 -0.52331698
2.66695595 0.11784100 -0.52139997
2.65750694 0.10906000 -0.51948297
2.65783596 0.10071000 -0.51948297
2.65813994 0.09236000 -0.51948297
2.65841699 0.08400800 -0.51948297
2.63904595 0.07509800 -0.51564902
2.66870403 0.06755300 -0.52139997
2.67871499 0.05938500 -0.52331698
2.66907501 0.05078300 -0.52139997
2.66921401 0.04286300 -0.52139997
2.67914891 0.03460400 -0.52331698
2.66943097 0.02609200 -0.52139997
2.66950011 0.01770500 -0.52139997
2.66954207 0.00931900 -0.52139997
2.66955805 0.00093100 -0.52139997
2.66954803 -0.00745500 -0.52139997
2.66951108 -0.01584100 -0.52139997
2.66945291 -0.02376200 -0.52139997
2.66935897 -0.03261400 -0.52139997
2.64961004 -0.04116100 -0.51756603
2.64946699 -0.04948500 -0.51756603
2.63949704 -0.05713300 -0.51564902
2.65892696 -0.06591100 -0.51948297
2.63908505 -0.07371600 -0.51564902
2.64865088 -0.08231200 -0.51756603
2.65818810 -0.09096800 -0.51948297
2.63827300 -0.09858500 -0.51564902
2.65756392 -0.10766800 -0.51948297
2.65721202 -0.11601600 -0.51948297
2.65685701 -0.12390000 -0.51948297
2.64665198 -0.13175800 -0.51756603
2.66582608 -0.14111000 -0.52139997
2.65557098 -0.14893401 -0.51948297
2.66488695 -0.15785700 -0.52139997
2.66437793 -0.16622800 -0.52139997
2.65404892 -0.17395601 -0.51948297
2.65349007 -0.18229300 -0.51948297
2.66269302 -0.19133100 -0.52139997
2.65229201 -0.19896100 -0.51948297
2.65165401 -0.20729300 -0.51948297
2.65098906 -0.21562199 -0.51948297
2.65029907 -0.22394900 -0.51948297
2.63980508 -0.23141700 -0.51756603
2.62852812 -0.24708000 -0.51564902
2.63750696 -0.25628600 -0.51756603
2.62692308 -0.26359099 -0.51564902
2.62608194 -0.27184200 -0.51564902
2.62521505 -0.28009099 -0.51564902
2.62437201 -0.28787899 -0.51564902
2.64296103 -0.29832399 -0.51948297
2.64200997 -0.30662599 -0.51948297
2.64103389 -0.31492400 -0.51948297
2.64003205 -0.32322001 -0.51948297
2.64874101 -0.33273500 -0.52139997
2.63794899 -0.33980101 -0.51948297
2.66605806 -0.35194001 -0.52523398
2.65521407 -0.35899901 -0.52331698
2.65407300 -0.36733899 -0.52331698
2.65290499 -0.37567499 -0.52331698
2.65171194 -0.38400701 -0.52331698
2.64078403 -0.39089900 -0.52139997
2.64924693 -0.40066099 -0.52331698
2.64797497 -0.40898201 -0.52331698
2.64667702 -0.41729900 -0.52331698
2.63566399 -0.42405200 -0.52139997
2.64400291 -0.43392000 -0.52331698
2.63294697 -0.44060400 -0.52139997
2.64122510 -0.45052400 -0.52331698
2.63979602 -0.45881900 -0.52331698
2.63834190 -0.46711001 -0.52331698
2.63686109 -0.47539699 -0.52331698
2.63535500 -0.48367801 -0.52331698
2.61452699 -0.48835099 -0.51948297
2.61557007 0.40491199 -0.42099500
2.70470810 0.41001400 -0.43513301
2.71575189 0.40296501 -0.43670401
2.70723104 0.39301300 -0.43513301
2.70845199 0.38450500 -0.43513301
2.70964694 0.37599501 -0.43513301
2.71081495 0.36748001 -0.43513301
2.71195602 0.35896200 -0.43513301
2.72286510 0.35170600 -0.43670401
2.71415806 0.34191501 -0.43513301
2.70541596 0.33218399 -0.43356201
2.70644689 0.32368201 -0.43356201
2.71720505 0.31679401 -0.43513301
2.69856000 0.30603099 -0.43199101
2.70932508 0.29863301 -0.43356201
2.70042992 0.28907001 -0.43199101
2.71114802 0.28160399 -0.43356201
2.70219302 0.27209601 -0.43199101
2.70303392 0.26360601 -0.43199101
2.72351408 0.25696799 -0.43513301
2.71447206 0.24751399 -0.43356201
2.70539904 0.23811901 -0.43199101
2.69629312 0.22878399 -0.43042001
2.69699788 0.22031200 -0.43042001
2.68783212 0.21106499 -0.42885000
2.71802497 0.20484699 -0.43356201
2.70877099 0.19606900 -0.43199101
2.67981696 0.18551099 -0.42727900
2.70994902 0.17904501 -0.43199101
2.72035503 0.17115000 -0.43356201
2.71102095 0.16201399 -0.43199101
2.71151710 0.15349700 -0.43199101
2.69226193 0.14392300 -0.42885000
2.69270110 0.13546400 -0.42885000
2.70297790 0.12746900 -0.43042001
2.70336509 0.11897700 -0.43042001
2.70372605 0.11048400 -0.43042001
2.69419098 0.10161700 -0.42885000
2.68462610 0.09281100 -0.42727900
2.69477606 0.08468600 -0.42885000
2.69502902 0.07622100 -0.42885000
2.69525504 0.06775400 -0.42885000
2.69545388 0.05928500 -0.42885000
2.69562697 0.05081800 -0.42885000
2.68589091 0.04266200 -0.42727900
2.70576191 0.03447600 -0.43042001
2.69598198 0.02588100 -0.42885000
2.67629910 0.01728300 -0.42570800
2.66646409 0.00884300 -0.42413700
2.70598197 0.00047200 -0.43042001
2.69609404 -0.00799900 -0.42885000
2.67630506 -0.01634900 -0.42570800
2.64661789 -0.02402100 -0.42099500
2.69589901 -0.03340900 -0.42885000
2.67602396 -0.04203800 -0.42570800
2.67587900 -0.05044500 -0.42570800
2.68559098 -0.05860000 -0.42727900
2.68539405 -0.06703700 -0.42727900
2.68516994 -0.07547300 -0.42727900
2.69478989 -0.08421600 -0.42885000
2.68464303 -0.09234200 -0.42727900
2.68433905 -0.10077600 -0.42727900
2.67414188 -0.10880700 -0.42570800
2.69351912 -0.11807300 -0.42885000
2.68329191 -0.12560201 -0.42727900
2.69231200 -0.14298300 -0.42885000
2.69184899 -0.15143999 -0.42885000
2.69136000 -0.15989600 -0.42885000
2.69084501 -0.16835099 -0.42885000
2.69030309 -0.17680299 -0.42885000
2.68973398 -0.18525399 -0.42885000
2.69898891 -0.19441301 -0.43042001
2.68851709 -0.20215100 -0.42885000
2.68786907 -0.21059600 -0.42885000
2.68719411 -0.21903899 -0.42885000
2.68649197 -0.22747999 -0.42885000
2.67592597 -0.23505400 -0.42727900
2.67517495 -0.24346000 -0.42727900
2.66456389 -0.25093701 -0.42570800
2.67359209 -0.26026401 -0.42727900
2.67276096 -0.26866201 -0.42727900
2.67190409 -0.27705699 -0.42727900
2.67102098 -0.28545001 -0.42727900
2.67016196 -0.29337400 -0.42727900
2.67903996 -0.30287001 -0.42885000
2.67807603 -0.31128499 -0.42885000
2.66727901 -0.31852600 -0.42727900
2.66626501 -0.32690400 -0.42727900
2.66522503 -0.33527800 -0.42727900
2.67395306 -0.34491301 -0.42885000
2.66306496 -0.35201800 -0.42727900
2.67173290 -0.36170700 -0.42885000
2.66080093 -0.36874300 -0.42727900
2.65962911 -0.37710100 -0.42727900
2.65843201 -0.38545400 -0.42727900
2.66697693 -0.39525199 -0.42885000
2.66572189 -0.40362799 -0.42885000
2.65468097 -0.41049200 -0.42727900
2.66313291 -0.42037001 -0.42885000
2.65204906 -0.42716300 -0.42727900
2.65069389 -0.43549299 -0.42727900
2.64931297 -0.44381800 -0.42727900
2.66737509 -0.45546401 -0.43042001
2.65620208 -0.46214801 -0.42885000
2.64501190 -0.46876699 -0.42727900
2.67268300 -0.48233601 -0.43199101
2.61287498 -0.48002401 -0.42256600
2.67640209 0.42246401 -0.33361101
2.66790700 0.41253701 -0.33238900
2.67900395 0.40563899 -0.33361101
2.67044711 0.39576599 -0.33238900
2.68149900 0.38879901 -0.33361101
2.67288089 0.37897900 -0.33238900
2.68388891 0.37194300 -0.33361101
2.68504500 0.36350900 -0.33361101
2.66649389 0.35247099 -0.33116701
2.66758800 0.34409299 -0.33116701
2.67850399 0.33694899 -0.33238900
2.67954898 0.32853299 -0.33238900
2.69042301 0.32128900 -0.33361101
2.68150592 0.31215799 -0.33238900
2.66275001 0.30149999 -0.32994500
2.67354894 0.29421800 -0.33116701
2.68432903 0.28687200 -0.33238900
2.66547298 0.27638999 -0.32994500
2.68607903 0.27000001 -0.33238900
2.68691301 0.26156101 -0.33238900
2.67783999 0.25218701 -0.33116701
2.68850398 0.24467300 -0.33238900
2.67937207 0.23535700 -0.33116701
2.68009806 0.22693799 -0.33116701
2.68079805 0.21851800 -0.33116701
2.68147111 0.21009400 -0.33116701
2.67222095 0.20092499 -0.32994500
2.68270493 0.19371100 -0.33116701
2.66349697 0.18391401 -0.32872301
2.66406202 0.17554601 -0.32872301
2.68441105 0.16841801 -0.33116701
2.66511202 0.15880400 -0.32872301
2.66559792 0.15043101 -0.32872301
2.67596793 0.14258300 -0.32994500
2.66649008 0.13367900 -0.32872301
2.67681098 0.12576699 -0.32994500
2.67719293 0.11735700 -0.32994500
2.67754889 0.10894600 -0.32994500
2.67787790 0.10053300 -0.32994500
2.66826105 0.09177900 -0.32872301
2.68837690 0.08401600 -0.33116701
2.65886402 0.07473300 -0.32750100
2.66900802 0.06662800 -0.32872301
2.66920400 0.05824200 -0.32872301
2.66937399 0.04985700 -0.32872301
2.66950989 0.04193600 -0.32872301
2.66962790 0.03354900 -0.32872301
2.66972089 0.02516300 -0.32872301
2.66978598 0.01677500 -0.32872301
2.66982603 0.00838800 -0.32872301
2.66983891 0.00000000 -0.32872301
2.65990090 -0.00835600 -0.32750100
2.65986109 -0.01671300 -0.32750100
2.64987111 -0.02497500 -0.32627901
2.66962194 -0.03401500 -0.32872301
2.64965510 -0.04208700 -0.32627901
2.67927909 -0.05097700 -0.32994500
2.64934802 -0.05827200 -0.32627901
2.64915204 -0.06659400 -0.32627901
2.66877198 -0.07547800 -0.32872301
2.65860200 -0.08355000 -0.32750100
2.66824508 -0.09224500 -0.32872301
2.65802407 -0.10025300 -0.32750100
2.64777899 -0.10819700 -0.32627901
2.65734196 -0.11695100 -0.32750100
2.65698290 -0.12483500 -0.32750100
2.64666510 -0.13268501 -0.32627901
2.65614605 -0.14152700 -0.32750100
2.66559792 -0.15042999 -0.32872301
2.65520501 -0.15821300 -0.32750100
2.65469408 -0.16655400 -0.32750100
2.65415812 -0.17489301 -0.32750100
2.65359497 -0.18323100 -0.32750100
2.66290593 -0.19228099 -0.32872301
2.66228890 -0.20064600 -0.32872301
2.65175104 -0.20823200 -0.32750100
2.65108299 -0.21656100 -0.32750100
2.65038991 -0.22488900 -0.32750100
2.62989712 -0.23147400 -0.32505700
2.62915707 -0.23973501 -0.32505700
2.62839103 -0.24799301 -0.32505700
2.62759805 -0.25624901 -0.32505700
2.64653111 -0.26649201 -0.32750100
2.63580799 -0.27377900 -0.32627901
2.65467310 -0.28417099 -0.32872301
2.63408709 -0.28987500 -0.32627901
2.63316298 -0.29814899 -0.32627901
2.63221407 -0.30642000 -0.32627901
2.64109302 -0.31586599 -0.32750100
2.63023591 -0.32295200 -0.32627901
2.61936092 -0.32997301 -0.32505700
2.65768504 -0.34328699 -0.32994500
2.63691497 -0.34902900 -0.32750100
2.65547609 -0.35997799 -0.32994500
2.64450097 -0.36695501 -0.32872301
2.64333510 -0.37526101 -0.32872301
2.64214301 -0.38356301 -0.32872301
2.64092493 -0.39186200 -0.32872301
2.63968110 -0.40015700 -0.32872301
2.63841105 -0.40844801 -0.32872301
2.64691806 -0.41828400 -0.32994500
2.64559102 -0.42659700 -0.32994500
2.64423800 -0.43490601 -0.32994500
2.63306999 -0.44157001 -0.32872301
2.63167000 -0.44984001 -0.32872301
2.63024402 -0.45810500 -0.32872301
2.62879109 -0.46636599 -0.32872301
2.62731290 -0.47462201 -0.32872301
2.61604810 -0.48107901 -0.32750100
2.77203393 0.45443499 -0.24842200
2.62585092 0.42247400 -0.23520800
2.68620300 0.42353001 -0.24049300
2.69736409 0.41661000 -0.24137400
2.69865990 0.40813300 -0.24137400
2.69007492 0.39819500 -0.24049300
2.70117092 0.39117000 -0.24137400
2.69252396 0.38128501 -0.24049300
2.69370794 0.37282500 -0.24049300
2.68499494 0.36302501 -0.23961300
2.69599795 0.35589200 -0.24049300
2.69710207 0.34742099 -0.24049300
2.70806408 0.34018701 -0.24137400
2.69923210 0.33046800 -0.24049300
2.70025706 0.32198599 -0.24049300
2.70120001 0.31397301 -0.24049300
2.70217299 0.30548599 -0.24049300
2.70311999 0.29699400 -0.24049300
2.69413495 0.28744501 -0.23961300
2.71484089 0.28103000 -0.24137400
2.69588804 0.27051100 -0.23961300
2.69672394 0.26204100 -0.23961300
2.69753408 0.25356701 -0.23961300
2.67847705 0.24328899 -0.23785099
2.68915105 0.23574300 -0.23873200
2.68987799 0.22729400 -0.23873200
2.67072201 0.21722800 -0.23697001
2.68132305 0.20961200 -0.23785099
2.68196797 0.20118600 -0.23785099
2.68255305 0.19323000 -0.23785099
2.67320895 0.18411601 -0.23697001
2.64395499 0.17375800 -0.23432700
2.68425488 0.16793799 -0.23785099
2.68476892 0.15950400 -0.23785099
2.68525696 0.15107000 -0.23785099
2.68571806 0.14263301 -0.23785099
2.68615294 0.13419500 -0.23785099
2.67661095 0.12528899 -0.23697001
2.68694305 0.11731500 -0.23785099
2.68729901 0.10887300 -0.23785099
2.68762708 0.10043000 -0.23785099
2.68793011 0.09198600 -0.23785099
2.68820500 0.08354100 -0.23785099
2.68845510 0.07509500 -0.23785099
2.66895604 0.05777100 -0.23608901
2.67908406 0.04957000 -0.23697001
2.67921901 0.04162000 -0.23697001
2.68929696 0.03332700 -0.23785099
2.67942691 0.02478700 -0.23697001
2.67949200 0.01636800 -0.23697001
2.65960789 0.00789200 -0.23520800
2.66958094 -0.00046600 -0.23608901
2.67952704 -0.00888600 -0.23697001
2.66952491 -0.01723900 -0.23608901
2.65949702 -0.02553000 -0.23520800
2.66935802 -0.03447800 -0.23608901
2.67919707 -0.04302400 -0.23697001
2.67904806 -0.05144000 -0.23697001
2.68884301 -0.05961000 -0.23785099
2.66872597 -0.06755300 -0.23608901
2.67845798 -0.07622000 -0.23697001
2.67820501 -0.08463400 -0.23697001
2.67792606 -0.09304700 -0.23697001
2.67761993 -0.10146000 -0.23697001
2.67728901 -0.10987100 -0.23697001
2.67692995 -0.11828200 -0.23697001
2.66661692 -0.12575400 -0.23608901
2.68610597 -0.13513200 -0.23785099
2.67572093 -0.14303800 -0.23697001
2.67525911 -0.15144400 -0.23697001
2.66482592 -0.15925300 -0.23608901
2.68419600 -0.16887499 -0.23785099
2.67371297 -0.17665000 -0.23697001
2.66320705 -0.18436100 -0.23608901
2.67254996 -0.19344600 -0.23697001
2.67192888 -0.20184100 -0.23697001
2.66135097 -0.20945300 -0.23608901
2.67060804 -0.21862499 -0.23697001
2.65998292 -0.22617000 -0.23608901
2.60964608 -0.23015000 -0.23168400
2.65850902 -0.24287900 -0.23608901
2.65773296 -0.25123000 -0.23608901
2.65693092 -0.25957799 -0.23608901
2.66601300 -0.26892301 -0.23697001
2.66515493 -0.27729800 -0.23697001
2.66427112 -0.28566900 -0.23697001
2.66341090 -0.29357299 -0.23697001
2.66247606 -0.30193901 -0.23697001
2.66151404 -0.31030199 -0.23697001
2.67041707 -0.31984600 -0.23785099
2.65951204 -0.32701799 -0.23697001
2.64858890 -0.33412501 -0.23608901
2.64532208 -0.35907200 -0.23608901
2.64418101 -0.36738101 -0.23608901
2.65287590 -0.37708801 -0.23697001
2.65167809 -0.38541999 -0.23697001
2.65045404 -0.39374900 -0.23697001
2.64920402 -0.40207300 -0.23697001
2.64792800 -0.41039401 -0.23697001
2.64662600 -0.41871101 -0.23697001
2.64529705 -0.42702299 -0.23697001
2.64394307 -0.43533200 -0.23697001
2.64256191 -0.44363600 -0.23697001
2.67060995 -0.45697600 -0.23961300
2.65934801 -0.46365201 -0.23873200
2.63826299 -0.46852100 -0.23697001
2.64657998 -0.47858000 -0.23785099
2.62547112 -0.48328501 -0.23608901
2.79881501 0.45832399 -0.14889599
2.64240694 0.42466500 -0.14050800
2.70291710 0.42568201 -0.14365400
2.69437099 0.41566700 -0.14312901
2.69566393 0.40719900 -0.14312901
2.69692993 0.39872900 -0.14312901
2.69816899 0.39025500 -0.14312901
2.68949389 0.38037699 -0.14260501
2.70056796 0.37329400 -0.14312901
2.70172691 0.36480701 -0.14312901
2.71275997 0.35762301 -0.14365400
2.70396590 0.34782600 -0.14312901
2.71495390 0.34057099 -0.14365400
2.71601009 0.33204100 -0.14365400
2.70712399 0.32232499 -0.14312901
2.70806789 0.31429201 -0.14312901
2.70904207 0.30578399 -0.14312901
2.70999002 0.29727101 -0.14312901
2.71091008 0.28875601 -0.14312901
2.67207098 0.27613100 -0.14103200
2.68286204 0.26873100 -0.14155699
2.68369198 0.26030201 -0.14155699
2.67455411 0.25093600 -0.14103200
2.67532992 0.24253100 -0.14103200
2.68602705 0.23499601 -0.14155699
2.67680097 0.22571801 -0.14103200
2.67749596 0.21730800 -0.14103200
2.67816591 0.20889500 -0.14103200
2.67880893 0.20047900 -0.14103200
2.68935299 0.19324800 -0.14155699
2.67998409 0.18411300 -0.14103200
2.68054891 0.17569301 -0.14103200
2.70102096 0.16851400 -0.14208101
2.68160009 0.15884601 -0.14103200
2.71199703 0.15210000 -0.14260501
2.71246195 0.14357799 -0.14260501
2.70292592 0.13456000 -0.14208101
2.70333505 0.12606700 -0.14208101
2.71369505 0.11800800 -0.14260501
2.70407391 0.10908000 -0.14208101
2.69442391 0.10021300 -0.14155699
2.69472504 0.09174800 -0.14155699
2.69499993 0.08328100 -0.14155699
2.66530108 0.07398300 -0.13998400
2.66551995 0.06561000 -0.13998400
2.66571307 0.05723500 -0.13998400
2.66587996 0.04886100 -0.13998400
2.66601300 0.04095000 -0.13998400
2.66612911 0.03257500 -0.13998400
2.66621804 0.02419900 -0.13998400
2.66628098 0.01582200 -0.13998400
2.66631699 0.00744600 -0.13998400
2.67631412 -0.00093400 -0.14050800
2.66631198 -0.00930700 -0.13998400
2.65628290 -0.01761700 -0.13945900
2.66619992 -0.02606000 -0.13998400
2.66609907 -0.03490100 -0.13998400
2.67596102 -0.04343900 -0.14050800
2.69578099 -0.05223200 -0.14155699
2.68563008 -0.06000800 -0.14103200
2.68542790 -0.06844400 -0.14103200
2.69518209 -0.07716600 -0.14155699
2.68494511 -0.08531600 -0.14103200
2.68466401 -0.09375100 -0.14103200
2.68435597 -0.10218400 -0.14103200
2.68402195 -0.11061700 -0.14103200
2.68366098 -0.11904800 -0.14103200
2.68329597 -0.12701000 -0.14103200
2.65296292 -0.13392900 -0.13945900
2.65252900 -0.14226300 -0.13945900
2.66204000 -0.15116200 -0.13998400
2.66155100 -0.15952399 -0.13998400
2.65107107 -0.16725600 -0.13945900
2.65053201 -0.17558300 -0.13945900
2.64996696 -0.18391000 -0.13945900
2.65933704 -0.19295600 -0.13998400
2.65871692 -0.20130999 -0.13998400
2.65807199 -0.20966201 -0.13998400
2.64744711 -0.21719500 -0.13945900
2.64675212 -0.22551100 -0.13945900
2.64602995 -0.23382500 -0.13945900
2.64528298 -0.24213600 -0.13945900
2.66439199 -0.25232801 -0.14050800
2.67352605 -0.26166999 -0.14103200
2.67268991 -0.27006799 -0.14103200
2.67182899 -0.27846301 -0.14103200
2.68087006 -0.28792199 -0.14155699
2.67007804 -0.29477900 -0.14103200
2.66913795 -0.30316600 -0.14103200
2.66817307 -0.31154999 -0.14103200
2.66718102 -0.31993100 -0.14103200
2.65625095 -0.32708800 -0.14050800
2.64530301 -0.33417901 -0.13998400
2.64423990 -0.34248799 -0.13998400
2.64315104 -0.35079399 -0.13998400
2.64203596 -0.35909599 -0.13998400
2.65078592 -0.36877000 -0.14050800
2.63972807 -0.37568900 -0.13998400
2.63853407 -0.38398001 -0.13998400
2.65706992 -0.39520600 -0.14103200
2.63607001 -0.40055099 -0.13998400
2.63479805 -0.40882999 -0.13998400
2.64336395 -0.41866800 -0.14050800
2.64203596 -0.42697001 -0.14050800
2.64068198 -0.43526801 -0.14050800
2.63930106 -0.44356200 -0.14050800
2.63789392 -0.45185101 -0.14050800
2.64630008 -0.46185300 -0.14103200
2.64483595 -0.47016501 -0.14103200
2.62369204 -0.47491401 -0.13998400
2.61236596 -0.48134401 -0.13945900
2.65829992 0.40915200 -0.04622900
2.70900702 0.40824801 -0.04708800
2.70038390 0.39827701 -0.04691600
2.70162201 0.38979200 -0.04691600
2.71273398 0.38269800 -0.04708800
2.70401812 0.37280899 -0.04691600
2.69526696 0.36297700 -0.04674400
2.69639397 0.35450801 -0.04674400
2.70741105 0.34730801 -0.04691600
2.69856811 0.33755901 -0.04674400
2.69955802 0.32955101 -0.04674400
2.70057988 0.32106799 -0.04674400
2.70157504 0.31258300 -0.04674400
2.70254302 0.30409500 -0.04674400
2.70348597 0.29560199 -0.04674400
2.70440102 0.28710699 -0.04674400
2.69534397 0.27758500 -0.04657200
2.69620204 0.26911700 -0.04657200
2.67712998 0.25872201 -0.04622900
2.70779490 0.25310099 -0.04674400
2.71853495 0.24549200 -0.04691600
2.68940997 0.23434700 -0.04640100
2.71005988 0.22757000 -0.04674400
2.70079589 0.21825001 -0.04657200
2.70143199 0.21023500 -0.04657200
2.70207906 0.20174700 -0.04657200
2.70269895 0.19325900 -0.04657200
2.70329309 0.18476599 -0.04657200
2.67392802 0.17432199 -0.04605700
2.69442105 0.16715799 -0.04640100
2.69493294 0.15869300 -0.04640100
2.69541788 0.15022600 -0.04640100
2.69587708 0.14175700 -0.04640100
2.69630909 0.13328700 -0.04640100
2.69671392 0.12481500 -0.04640100
2.68710399 0.11591200 -0.04622900
2.69744492 0.10787000 -0.04640100
2.68777895 0.09902600 -0.04622900
2.68807697 0.09058200 -0.04622900
2.68834805 0.08213600 -0.04622900
2.68859291 0.07369100 -0.04622900
2.69880700 0.06548700 -0.04640100
2.67899704 0.05705200 -0.04605700
2.70915294 0.04918100 -0.04657200
2.69929695 0.04051900 -0.04640100
2.69941092 0.03203900 -0.04640100
2.69949794 0.02355900 -0.04640100
2.69955897 0.01507700 -0.04640100
2.69959307 0.00659500 -0.04640100
2.70959902 -0.00189200 -0.04657200
2.70958209 -0.00993100 -0.04657200
2.67954206 -0.01823900 -0.04605700
2.68947005 -0.02675700 -0.04622900
2.66937089 -0.03541000 -0.04588500
2.68924093 -0.04412400 -0.04622900
2.68908906 -0.05257200 -0.04622900
2.67892504 -0.06032600 -0.04605700
2.68871808 -0.06899800 -0.04622900
2.68847394 -0.07791400 -0.04622900
2.68821597 -0.08635900 -0.04622900
2.68793201 -0.09480400 -0.04622900
2.67762899 -0.10286400 -0.04605700
2.67731190 -0.11080800 -0.04605700
2.68693900 -0.11966400 -0.04622900
2.68654990 -0.12810400 -0.04622900
2.67614889 -0.13603599 -0.04605700
2.67524099 -0.15284801 -0.04605700
2.68472791 -0.16185400 -0.04622900
2.67422795 -0.16965400 -0.04605700
2.67368197 -0.17805400 -0.04605700
2.67310905 -0.18645300 -0.04605700
2.68248200 -0.19557700 -0.04622900
2.68185496 -0.20400301 -0.04622900
2.69116807 -0.21321701 -0.04640100
2.69048500 -0.22167100 -0.04640100
2.67981291 -0.22927000 -0.04622900
2.65916109 -0.23592000 -0.04588500
2.67831993 -0.24610300 -0.04622900
2.67753291 -0.25451601 -0.04622900
2.67672110 -0.26292601 -0.04622900
2.67588091 -0.27133399 -0.04622900
2.67506504 -0.27927300 -0.04622900
2.67417407 -0.28767499 -0.04622900
2.67325711 -0.29607499 -0.04622900
2.67231393 -0.30447200 -0.04622900
2.67134404 -0.31286499 -0.04622900
2.67034793 -0.32125601 -0.04622900
2.65940189 -0.32841799 -0.04605700
2.66827703 -0.33802801 -0.04622900
2.64737105 -0.34383300 -0.04588500
2.67601109 -0.35610500 -0.04640100
2.67487907 -0.36451101 -0.04640100
2.67372108 -0.37291199 -0.04640100
2.66263795 -0.37989801 -0.04622900
2.67132497 -0.38970399 -0.04640100
2.66019797 -0.39662001 -0.04622900
2.65893888 -0.40497500 -0.04622900
2.66753411 -0.41486299 -0.04640100
2.66621709 -0.42324099 -0.04640100
2.65500498 -0.43001699 -0.04622900
2.65364099 -0.43835601 -0.04622900
2.64239001 -0.44503000 -0.04605700
2.66068792 -0.45671201 -0.04640100
2.65924001 -0.46506801 -0.04640100
2.66760993 -0.47517401 -0.04657200
2.65626597 -0.48176801 -0.04640100
2.64490700 -0.48829499 -0.04622900
2.76018500 0.44062901 0.44285601
2.74203992 0.42890200 0.43972600
2.75313711 0.42177999 0.44129100
2.75444794 0.41312900 0.44129100
2.75573301 0.40447399 0.44129100
2.75698996 0.39581600 0.44129100
2.75821996 0.38715199 0.44129100
2.74963689 0.37714201 0.43972600
2.75080800 0.36850199 0.43972600
2.75195193 0.35985899 0.43972600
2.75306892 0.35121199 0.43972600
2.74435806 0.34134099 0.43816099
2.74541712 0.33271700 0.43816099
2.74639201 0.32457101 0.43816099
2.75721002 0.31707001 0.43972600
2.75819302 0.30840701 0.43972600
2.74932909 0.29867300 0.43816099
2.75025392 0.29003301 0.43816099
2.75115108 0.28139201 0.43816099
2.75202203 0.27274799 0.43816099
2.75286508 0.26410201 0.43816099
2.75368094 0.25545099 0.43816099
2.75447011 0.24679799 0.43816099
2.74539208 0.23729500 0.43659601
2.75596595 0.22948800 0.43816099
2.74682808 0.22003900 0.43659601
2.74750590 0.21140900 0.43659601
2.74812102 0.20325500 0.43659601
2.74874592 0.19462299 0.43659601
2.73949003 0.18531901 0.43503201
2.74005795 0.17671099 0.43503201
2.74060011 0.16810200 0.43503201
2.75097489 0.16006599 0.43659601
2.74160194 0.15087999 0.43503201
2.74206305 0.14226601 0.43503201
2.74249601 0.13365000 0.43503201
2.74290299 0.12503400 0.43503201
2.74328208 0.11641700 0.43503201
2.74363399 0.10779900 0.43503201
2.74395895 0.09917800 0.43503201
2.74425697 0.09055600 0.43503201
2.73465610 0.08164000 0.43346700
2.73489904 0.07304900 0.43346700
2.74498892 0.06469000 0.43503201
2.74517798 0.05606500 0.43503201
2.73545694 0.04774700 0.43346700
2.74547005 0.03929500 0.43503201
2.74557900 0.03067000 0.43503201
2.74566197 0.02204500 0.43503201
2.74571800 0.01341800 0.43503201
2.74574709 0.00479100 0.43503201
2.73587108 -0.00382000 0.43346700
2.73584604 -0.01241500 0.43346700
2.73579693 -0.02053200 0.43346700
2.73571396 -0.02960400 0.43346700
2.73560095 -0.03867600 0.43346700
2.73546600 -0.04727000 0.43346700
2.73531294 -0.05538600 0.43346700
2.73512602 -0.06397900 0.43346700
2.73492408 -0.07209400 0.43346700
2.73466992 -0.08116300 0.43346700
2.73440099 -0.08975400 0.43346700
2.73410606 -0.09834400 0.43346700
2.73378301 -0.10693300 0.43346700
2.73343396 -0.11552100 0.43346700
2.74294591 -0.12407700 0.43503201
2.73267698 -0.13221601 0.43346700
2.73224902 -0.14080000 0.43346700
2.73179293 -0.14938299 0.43346700
2.73130989 -0.15796500 0.43346700
2.73079991 -0.16654401 0.43346700
2.73026299 -0.17512301 0.43346700
2.72970009 -0.18369900 0.43346700
2.72910905 -0.19227400 0.43346700
2.72849202 -0.20084700 0.43346700
2.72784710 -0.20941700 0.43346700
2.72717595 -0.21798600 0.43346700
2.72647810 -0.22655299 0.43346700
2.72575212 -0.23511700 0.43346700
2.72499990 -0.24367900 0.43346700
2.72422099 -0.25223899 0.43346700
2.73324704 -0.26173699 0.43503201
2.72258306 -0.26935101 0.43346700
2.72172308 -0.27790201 0.43346700
2.72083712 -0.28645200 0.43346700
2.71997499 -0.29452300 0.43346700
2.71903610 -0.30306700 0.43346700
2.71807098 -0.31160700 0.43346700
2.71707797 -0.32014501 0.43346700
2.72586393 -0.32986599 0.43503201
2.71501303 -0.33721000 0.43346700
2.72373796 -0.34698600 0.43503201
2.71284103 -0.35426301 0.43346700
2.72150397 -0.36409301 0.43503201
2.71056104 -0.37130100 0.43346700
2.71916199 -0.38118601 0.43503201
2.71795201 -0.38972601 0.43503201
2.71671391 -0.39826301 0.43503201
2.71544909 -0.40679601 0.43503201
2.71415806 -0.41532499 0.43503201
2.71284008 -0.42384899 0.43503201
2.72124791 -0.43392500 0.43659601
2.71012306 -0.44088599 0.43503201
2.71846795 -0.45101401 0.43659601
2.70729899 -0.45790499 0.43503201
2.71558094 -0.46808600 0.43659601
2.71409702 -0.47661501 0.43659601
2.69314098 -0.48166201 0.43346700
2.68189812 -0.48835099 0.43190199
2.71524692 0.43296900 0.33596101
2.75582290 0.43056500 0.34081200
2.76697397 0.42340600 0.34202501
2.77810693 0.41618201 0.34323800
2.76957989 0.40601301 0.34202501
2.76101589 0.39590201 0.34081200
2.77207589 0.38860300 0.34202501
2.75361490 0.37719801 0.33959901
2.76462507 0.36986199 0.34081200
2.76577306 0.36117500 0.34081200
2.76689410 0.35248500 0.34081200
2.74828601 0.34134299 0.33838701
2.74934602 0.33270699 0.33838701
2.75031996 0.32454801 0.33838701
2.75132704 0.31590700 0.33838701
2.75230503 0.30726200 0.33838701
2.75325704 0.29861301 0.33838701
2.75418210 0.28996101 0.33838701
2.75507903 0.28130800 0.33838701
2.74607110 0.27167401 0.33717400
2.74691105 0.26304501 0.33717400
2.74772406 0.25441501 0.33717400
2.74850988 0.24578100 0.33717400
2.73937893 0.23629400 0.33596101
2.74010801 0.22768600 0.33596101
2.75070405 0.21986599 0.33717400
2.74148393 0.21046400 0.33596101
2.75199604 0.20305900 0.33717400
2.74271798 0.19371501 0.33596101
2.75321698 0.18576500 0.33717400
2.74388194 0.17647600 0.33596101
2.74442196 0.16785599 0.33596101
2.74493599 0.15923400 0.33596101
2.74542308 0.15061000 0.33596101
2.74588299 0.14198400 0.33596101
2.73640108 0.13287400 0.33474800
2.73680401 0.12427700 0.33474800
2.73718095 0.11567900 0.33474800
2.74745011 0.10746800 0.33596101
2.74777389 0.09883600 0.33596101
2.73814988 0.08987600 0.33474800
2.73841906 0.08127400 0.33474800
2.73866105 0.07267100 0.33474800
2.73887491 0.06406800 0.33474800
2.73906302 0.05546200 0.33474800
2.72929096 0.04716300 0.33353499
2.73935103 0.03872900 0.33474800
2.73945904 0.03012300 0.33474800
2.73954010 0.02151800 0.33474800
2.73959398 0.01291000 0.33474800
2.73962092 0.00430300 0.33474800
2.73962092 -0.00430300 0.33474800
2.72966790 -0.01286300 0.33353499
2.73954391 -0.02103900 0.33474800
2.73945904 -0.03012300 0.33474800
2.73934388 -0.03920700 0.33474800
2.72928309 -0.04764000 0.33353499
2.73905301 -0.05594000 0.33474800
2.72894096 -0.06431100 0.33353499
2.72873807 -0.07240800 0.33353499
2.73840499 -0.08175200 0.33474800
2.73813391 -0.09035500 0.33474800
2.72791696 -0.09859800 0.33353499
2.73751307 -0.10755700 0.33474800
2.72724390 -0.11573600 0.33353499
2.72688794 -0.12382700 0.33353499
2.72648597 -0.13239300 0.33353499
2.72605705 -0.14095800 0.33353499
2.72560000 -0.14952201 0.33353499
2.72511697 -0.15808401 0.33353499
2.72460699 -0.16664401 0.33353499
2.73397589 -0.17584001 0.33474800
2.72350597 -0.18376000 0.33353499
2.72291589 -0.19231500 0.33353499
2.71239901 -0.20013800 0.33232200
2.72165298 -0.20942000 0.33353499
2.72098207 -0.21796900 0.33353499
2.72028399 -0.22651599 0.33353499
2.71955895 -0.23506100 0.33353499
2.72869301 -0.24449000 0.33474800
2.71802807 -0.25214401 0.33353499
2.71722293 -0.26068199 0.33353499
2.72626805 -0.27019599 0.33474800
2.72540593 -0.27875900 0.33474800
2.72451711 -0.28731999 0.33474800
2.72365189 -0.29540199 0.33474800
2.71284604 -0.30285600 0.33353499
2.72174191 -0.31251001 0.33474800
2.71088910 -0.31989500 0.33353499
2.71972489 -0.32960501 0.33474800
2.71867609 -0.33814701 0.33474800
2.71760011 -0.34668601 0.33474800
2.71649790 -0.35522199 0.33474800
2.72520709 -0.36507300 0.33596101
2.72404599 -0.37363201 0.33596101
2.71302891 -0.38080901 0.33474800
2.71181989 -0.38933000 0.33474800
2.72040391 -0.39928901 0.33596101
2.70932007 -0.40636101 0.33474800
2.71784210 -0.41637400 0.33596101
2.70671296 -0.42337599 0.33474800
2.71517205 -0.43344200 0.33596101
2.71379709 -0.44196999 0.33596101
2.70260310 -0.44886699 0.33474800
2.71096611 -0.45901200 0.33596101
2.71929193 -0.46921501 0.33717400
2.70802903 -0.47603700 0.33596101
2.70652008 -0.48454201 0.33596101
2.69521904 -0.49126199 0.33474800
2.66438293 -0.49429500 0.33111000
2.77582002 0.43319300 0.24406800
2.71807790 0.41543800 0.23887500
2.77848697 0.41574299 0.24406800
2.77977896 0.40701300 0.24406800
2.77118206 0.39686599 0.24320200
2.77241492 0.38815701 0.24320200
2.77362108 0.37944499 0.24320200
2.77479911 0.37073001 0.24320200
2.76607203 0.36072299 0.24233700
2.75730801 0.35077301 0.24147099
2.75839710 0.34211001 0.24147099
2.76934791 0.33463699 0.24233700
2.77032900 0.32641900 0.24233700
2.76144290 0.31658000 0.24147099
2.76242399 0.30790201 0.24147099
2.76337790 0.29922301 0.24147099
2.75439596 0.28949800 0.24060600
2.76520300 0.28185400 0.24147099
2.75616097 0.27218699 0.24060600
2.75700212 0.26352599 0.24060600
2.75781703 0.25486401 0.24060600
2.74868107 0.24531201 0.23974100
2.75936294 0.23753200 0.24060600
2.75016809 0.22803800 0.23974100
2.75087094 0.21939600 0.23974100
2.75154591 0.21075401 0.23974100
2.76209497 0.20331900 0.24060600
2.74284506 0.19324300 0.23887500
2.74343801 0.18462400 0.23887500
2.74400496 0.17600299 0.23887500
2.74454403 0.16738300 0.23887500
2.75500202 0.15933500 0.23974100
2.76543689 0.15122400 0.24060600
2.75594902 0.14202200 0.23974100
2.75638199 0.13336200 0.23974100
2.75678706 0.12470300 0.23974100
2.74721098 0.11562300 0.23887500
2.74756098 0.10699200 0.23887500
2.75783992 0.09871600 0.23974100
2.75813603 0.09005000 0.23974100
2.74844694 0.08109200 0.23887500
2.74868798 0.07245700 0.23887500
2.73894310 0.06359000 0.23801000
2.73912907 0.05498500 0.23801000
2.73927999 0.04685700 0.23801000
2.73941398 0.03825200 0.23801000
2.73952103 0.02964600 0.23801000
2.74956203 0.02111500 0.23887500
2.73965311 0.01243200 0.23801000
2.73967791 0.00382500 0.23801000
2.72971392 -0.00476400 0.23714399
2.71972299 -0.01329100 0.23627900
2.73959589 -0.02151700 0.23801000
2.72954798 -0.03049100 0.23714399
2.73939300 -0.03968600 0.23801000
2.74921608 -0.04846800 0.23887500
2.74905992 -0.05662500 0.23887500
2.74886894 -0.06526100 0.23887500
2.74866295 -0.07341600 0.23887500
2.73844600 -0.08223200 0.23801000
2.74813199 -0.09116500 0.23887500
2.74783206 -0.09979800 0.23887500
2.73755002 -0.10803700 0.23801000
2.73719692 -0.11663700 0.23801000
2.73683906 -0.12475800 0.23801000
2.74638391 -0.13383999 0.23887500
2.73600101 -0.14195099 0.23801000
2.73554206 -0.15054600 0.23801000
2.73505497 -0.15913901 0.23801000
2.73454189 -0.16773100 0.23801000
2.72405910 -0.17568000 0.23714399
2.73343396 -0.18490900 0.23801000
2.72290206 -0.19279200 0.23714399
2.72228289 -0.20134500 0.23714399
2.73157001 -0.21066201 0.23801000
2.72096395 -0.21844600 0.23714399
2.72026396 -0.22699299 0.23714399
2.72946310 -0.23639700 0.23801000
2.72870708 -0.24497101 0.23801000
2.72792411 -0.25354201 0.23801000
2.72711396 -0.26211101 0.23801000
2.73619103 -0.27166101 0.23887500
2.72541308 -0.27924001 0.23801000
2.73443007 -0.28884801 0.23887500
2.73356104 -0.29696000 0.23887500
2.73261404 -0.30554599 0.23887500
2.73164105 -0.31412899 0.23887500
2.73063993 -0.32270899 0.23887500
2.71972299 -0.33008599 0.23801000
2.72855902 -0.33985999 0.23887500
2.72747803 -0.34843001 0.23887500
2.72637010 -0.35699701 0.23887500
2.72523499 -0.36556101 0.23887500
2.73394299 -0.37547600 0.23974100
2.72288394 -0.38267601 0.23887500
2.73152900 -0.39264601 0.23974100
2.72042608 -0.39977700 0.23887500
2.72900796 -0.40980101 0.23974100
2.72770810 -0.41837201 0.23974100
2.72638011 -0.42693999 0.23974100
2.72502494 -0.43550301 0.23974100
2.72364402 -0.44406101 0.23974100
2.72223496 -0.45261601 0.23974100
2.73062205 -0.46283099 0.24060600
2.71933699 -0.46971101 0.23974100
2.73747206 -0.48170501 0.24147099
2.72613907 -0.48854500 0.24060600
2.71479011 -0.49531901 0.23974100
2.69362998 -0.50020701 0.23801000
2.74313998 0.42760199 0.14402100
2.76421404 0.42199600 0.14505699
2.75564909 0.41183400 0.14453900
2.75692892 0.40317601 0.14453900
2.74829602 0.39309800 0.14402100
2.75940800 0.38584501 0.14453900
2.76060700 0.37717399 0.14453900
2.75187898 0.36717901 0.14402100
2.75301909 0.35853201 0.14402100
2.75413203 0.34988099 0.14402100
2.75521708 0.34122699 0.14402100
2.75627589 0.33256900 0.14402100
2.75725007 0.32438999 0.14402100
2.74833393 0.31459099 0.14350300
2.75923395 0.30705899 0.14402100
2.75025606 0.29731700 0.14350300
2.75117707 0.28867400 0.14350300
2.75206995 0.28003001 0.14350300
2.72395110 0.25988701 0.14194900
2.73469806 0.25224599 0.14246701
2.73547697 0.24365300 0.14246701
2.72627902 0.23420499 0.14194900
2.72700191 0.22563800 0.14194900
2.72769690 0.21706900 0.14194900
2.74828100 0.21002100 0.14298500
2.71901202 0.19967100 0.14143100
2.71962595 0.19113000 0.14143100
2.73017693 0.18325301 0.14194900
2.69087505 0.17212400 0.13987599
2.73127508 0.16609500 0.14194900
2.75172305 0.15866400 0.14298500
2.73226500 0.14893200 0.14194900
2.73271894 0.14034700 0.14194900
2.73314595 0.13176000 0.14194900
2.73354697 0.12317300 0.14194900
2.73392010 0.11458600 0.14194900
2.73426700 0.10599500 0.14194900
2.73458600 0.09740600 0.14194900
2.73487902 0.08881300 0.14194900
2.74512696 0.08051400 0.14246701
2.73538303 0.07162900 0.14194900
2.71562696 0.06257400 0.14091299
2.71581006 0.05404300 0.14091299
2.72594309 0.04615300 0.14143100
2.70610404 0.03731400 0.14039500
2.69622207 0.02870700 0.13987599
2.72625709 0.02046000 0.14143100
2.71632195 0.01185200 0.14091299
2.71634603 0.00331800 0.14091299
2.70635605 -0.00519600 0.14039500
2.71631289 -0.01374900 0.14091299
2.71625996 -0.02180800 0.14091299
2.71617293 -0.03081500 0.14091299
2.72604108 -0.03996900 0.14143100
2.72590208 -0.04853300 0.14143100
2.72574592 -0.05662000 0.14143100
2.72555494 -0.06518300 0.14143100
2.73533201 -0.07353800 0.14194900
2.72509098 -0.08230700 0.14143100
2.73480010 -0.09120100 0.14194900
2.72451997 -0.09942700 0.14143100
2.71421599 -0.10759100 0.14091299
2.72384191 -0.11654400 0.14143100
2.71350789 -0.12416900 0.14091299
2.71310401 -0.13269299 0.14091299
2.71267390 -0.14121599 0.14091299
2.73216009 -0.15083800 0.14194900
2.70176411 -0.15767500 0.14039500
2.70125508 -0.16616200 0.14039500
2.71068501 -0.17529200 0.14091299
2.71012211 -0.18380700 0.14091299
2.70953107 -0.19232000 0.14091299
2.70891309 -0.20083199 0.14091299
2.70826888 -0.20934100 0.14091299
2.69764400 -0.21704701 0.14039500
2.70689988 -0.22635300 0.14091299
2.71612501 -0.23571999 0.14143100
2.70542502 -0.24335700 0.14091299
2.71459007 -0.25278100 0.14143100
2.71378303 -0.26130801 0.14143100
2.72288609 -0.27081999 0.14194900
2.71208692 -0.27835301 0.14143100
2.71119905 -0.28687200 0.14143100
2.71033597 -0.29491499 0.14143100
2.71932101 -0.30454001 0.14194900
2.71835089 -0.31308201 0.14194900
2.71735406 -0.32161999 0.14194900
2.71633005 -0.33015499 0.14194900
2.71527910 -0.33868700 0.14194900
2.71420193 -0.34721601 0.14194900
2.71309805 -0.35574099 0.14194900
2.70206904 -0.36293301 0.14143100
2.69102192 -0.37006000 0.14091299
2.69973493 -0.37990400 0.14143100
2.70841289 -0.38980600 0.14194900
2.69729495 -0.39685899 0.14143100
2.67628407 -0.40236101 0.14039500
2.69474792 -0.41379899 0.14143100
2.69343495 -0.42226201 0.14143100
2.69209504 -0.43072200 0.14143100
2.69072890 -0.43917701 0.14143100
2.68933606 -0.44762799 0.14143100
2.70760798 -0.45941600 0.14246701
2.71599197 -0.46962100 0.14298500
2.69483304 -0.47468701 0.14194900
2.70315790 -0.48491400 0.14246701
2.68197298 -0.48981500 0.14143100
2.66078401 -0.49458799 0.14039500
2.67863703 0.40845299 0.04657200
2.75901890 0.41184601 0.04794700
2.77019191 0.40462199 0.04811900
2.77145004 0.39591599 0.04811900
2.76277804 0.38582501 0.04794700
2.74646091 0.35719100 0.04760400
2.73765111 0.34730199 0.04743200
2.74865103 0.33992699 0.04760400
2.73977900 0.33009401 0.04743200
2.74074602 0.32196301 0.04743200
2.74174404 0.31335199 0.04743200
2.73277807 0.30363199 0.04726000
2.74365902 0.29611900 0.04743200
2.74457598 0.28749701 0.04743200
2.72557092 0.27685300 0.04708800
2.75627804 0.27122700 0.04760400
2.75711703 0.26256600 0.04760400
2.75792789 0.25390300 0.04760400
2.74875307 0.24435200 0.04743200
2.74950695 0.23571700 0.04743200
2.75023389 0.22707701 0.04743200
2.75093389 0.21843500 0.04743200
2.75160599 0.20979200 0.04743200
2.76218796 0.20235699 0.04760400
2.75283599 0.19298100 0.04743200
2.75342894 0.18433100 0.04743200
2.73403811 0.17440601 0.04708800
2.74455309 0.16642199 0.04726000
2.73508000 0.15722500 0.04708800
2.73555994 0.14863300 0.04708800
2.73601389 0.14003700 0.04708800
2.73643994 0.13144000 0.04708800
2.73684001 0.12284300 0.04708800
2.72722197 0.11382800 0.04691600
2.73755789 0.10564500 0.04708800
2.73787594 0.09704400 0.04708800
2.73816800 0.08844200 0.04708800
2.72843695 0.07954800 0.04691600
2.70868397 0.07045700 0.04657200
2.75887108 0.06308900 0.04743200
2.74905896 0.05422500 0.04726000
2.74920797 0.04606700 0.04726000
2.74933910 0.03743100 0.04726000
2.74944305 0.02879400 0.04726000
2.73952198 0.02008200 0.04708800
2.74956989 0.01151800 0.04726000
2.74959207 0.00287900 0.04726000
2.73958898 -0.00573800 0.04708800
2.73955798 -0.01434400 0.04708800
2.74950099 -0.02255500 0.04726000
2.72941589 -0.03144200 0.04691600
2.72929597 -0.04049300 0.04691600
2.73915291 -0.04924700 0.04708800
2.71900201 -0.05695500 0.04674400
2.71881008 -0.06549700 0.04674400
2.71860290 -0.07356300 0.04674400
2.71834397 -0.08257800 0.04674400
2.71807098 -0.09111800 0.04674400
2.71777201 -0.09965600 0.04674400
2.72743607 -0.10859200 0.04691600
2.70710301 -0.11630100 0.04657200
2.71673393 -0.12479200 0.04674400
2.71632791 -0.13332599 0.04674400
2.73586607 -0.14290200 0.04708800
2.73540306 -0.15149599 0.04708800
2.74489498 -0.16067301 0.04726000
2.74437690 -0.16929600 0.04726000
2.73385406 -0.17727000 0.04708800
2.73328400 -0.18585700 0.04708800
2.73268604 -0.19444300 0.04708800
2.73206210 -0.20302700 0.04708800
2.73141098 -0.21160901 0.04708800
2.74069905 -0.22099300 0.04726000
2.73999095 -0.22960199 0.04726000
2.72929502 -0.23734200 0.04708800
2.70862007 -0.24412100 0.04674400
2.72775006 -0.25448599 0.04708800
2.70703197 -0.26113400 0.04674400
2.70619893 -0.26963800 0.04674400
2.70533800 -0.27813801 0.04674400
2.71439409 -0.28768900 0.04691600
2.70358896 -0.29465899 0.04674400
2.71258593 -0.30426499 0.04691600
2.71161699 -0.31278601 0.04691600
2.71061993 -0.32130301 0.04691600
2.70959806 -0.32981700 0.04691600
2.71847010 -0.33956701 0.04708800
2.70747209 -0.34683499 0.04691600
2.72619605 -0.35794199 0.04726000
2.72505808 -0.36650500 0.04726000
2.72389293 -0.37506399 0.04726000
2.72270107 -0.38361999 0.04726000
2.72148299 -0.39217201 0.04726000
2.72023702 -0.40071899 0.04726000
2.71896505 -0.40926301 0.04726000
2.71766591 -0.41780299 0.04726000
2.72621703 -0.42788899 0.04743200
2.71498704 -0.43487000 0.04726000
2.71360707 -0.44339800 0.04726000
2.71220112 -0.45192099 0.04726000
2.72062492 -0.46211299 0.04743200
2.71916008 -0.47065800 0.04743200
2.71766806 -0.47919801 0.04743200
2.71614909 -0.48773399 0.04743200
2.70476794 -0.49446601 0.04726000
2.67371202 -0.49747401 0.04674400
