2.38062906 0.40650100 -0.64603603
2.40094900 0.40221199 -0.65120399
2.41173410 0.39623299 -0.65378898
2.41296601 0.38865501 -0.65378898
2.41417599 0.38107201 -0.65378898
2.42490792 0.37496200 -0.65637302
2.42607403 0.36734200 -0.65637302
2.42721605 0.35971901 -0.65637302
2.42833400 0.35209200 -0.65637302
2.43899298 0.34581700 -0.65895700
2.44006705 0.33815399 -0.65895700
2.44111800 0.33048499 -0.65895700
2.45172095 0.32408100 -0.66154099
2.46230793 0.31761399 -0.66412503
2.46329308 0.30987599 -0.66412503
2.45466590 0.30096000 -0.66154099
2.47478390 0.29553801 -0.66670901
2.47569990 0.28776199 -0.66670901
2.48623991 0.28063500 -0.66929299
2.47750711 0.27176899 -0.66670901
2.52633095 0.26954100 -0.67962998
2.52716589 0.26160201 -0.67962998
2.52797508 0.25366199 -0.67962998
2.53837395 0.24665400 -0.68221402
2.54875493 0.23958200 -0.68479800
2.54949498 0.23157400 -0.68479800
2.55983305 0.22440600 -0.68738198
2.55089998 0.21555001 -0.68479800
2.57082105 0.20910200 -0.68996602
2.49441791 0.19500101 -0.66929299
2.53355098 0.19005300 -0.67962998
2.53413606 0.18209399 -0.67962998
2.53469491 0.17413200 -0.67962998
2.54486990 0.16680001 -0.68221402
2.54538107 0.15880400 -0.68221402
2.55551100 0.15137701 -0.68479800
2.55597401 0.14334901 -0.68479800
2.56608200 0.13538100 -0.68738198
2.57614303 0.12779801 -0.68996602
2.56688190 0.11925500 -0.68738198
2.57687593 0.11205800 -0.68996602
2.58686805 0.10435200 -0.69255102
2.59685302 0.09613000 -0.69513500
2.59714198 0.08797200 -0.69513500
2.60706210 0.08010800 -0.69771898
2.60730100 0.07191800 -0.69771898
2.61717105 0.06396300 -0.70030302
2.61735892 0.05574000 -0.70030302
2.62718010 0.04769300 -0.70288700
2.62731695 0.03943800 -0.70288700
2.63708806 0.03129900 -0.70547098
2.62751293 0.02293100 -0.70288700
2.63722897 0.01518900 -0.70547098
2.65658593 0.00649000 -0.71064001
2.68557405 -0.00187500 -0.71839201
2.68555498 -0.01031200 -0.71839201
2.69517303 -0.01834600 -0.72097600
2.70475698 -0.02738100 -0.72355998
2.71431708 -0.03600600 -0.72614503
2.70453191 -0.04437500 -0.72355998
2.72369599 -0.05324900 -0.72872901
2.66556811 -0.06049000 -0.71322399
2.70399308 -0.06986200 -0.72355998
2.68444800 -0.07779700 -0.71839201
2.70350099 -0.08685000 -0.72355998
2.72252297 -0.09602400 -0.72872901
2.72220802 -0.10457700 -0.72872901
2.72186589 -0.11312800 -0.72872901
2.73114800 -0.12211000 -0.73131299
2.74040008 -0.13115101 -0.73389697
2.74962306 -0.14025199 -0.73648101
2.73952198 -0.14836700 -0.73389697
2.75833201 -0.15807800 -0.73906499
2.79639196 -0.16907500 -0.74940199
2.80548811 -0.17847300 -0.75198603
2.80491400 -0.18728600 -0.75198603
2.80431104 -0.19609700 -0.75198603
2.81331611 -0.20561001 -0.75457001
2.82228899 -0.21518099 -0.75715399
2.82159901 -0.22404701 -0.75715399
2.83050799 -0.23370500 -0.75973803
2.76238489 -0.23682000 -0.74164897
2.80011702 -0.24891900 -0.75198603
2.79932094 -0.25771400 -0.75198603
2.80811501 -0.26742300 -0.75457001
2.81687498 -0.27719000 -0.75715399
2.83521199 -0.28799000 -0.76232302
2.82468510 -0.29588899 -0.75973803
2.83334589 -0.30579901 -0.76232302
2.84197307 -0.31576499 -0.76490700
2.85050797 -0.32628599 -0.76749098
2.85906291 -0.33636901 -0.77007502
2.85805202 -0.34485000 -0.77007502
2.86654210 -0.35501501 -0.77265900
2.87499595 -0.36523601 -0.77524298
2.88341403 -0.37551400 -0.77782702
2.39160109 0.40794501 -0.56028903
2.40248108 0.40203699 -0.56253898
2.41334701 0.39606601 -0.56478900
2.41457891 0.38848299 -0.56478900
2.42541289 0.38241199 -0.56703901
2.42660189 0.37479100 -0.56703901
2.43740201 0.36862200 -0.56928998
2.44818592 0.36239001 -0.57154000
2.47824097 0.35888699 -0.57828999
2.47935700 0.35109901 -0.57828999
2.49009895 0.34464401 -0.58054000
2.45254707 0.33159700 -0.57154000
2.48255610 0.32771599 -0.57828999
2.49323702 0.32116100 -0.58054000
2.49423289 0.31332600 -0.58054000
2.48553395 0.30430499 -0.57828999
2.50582790 0.29880100 -0.58279097
2.50675392 0.29092801 -0.58279097
2.46897602 0.27825001 -0.57379001
2.48920894 0.27261299 -0.57828999
2.50938511 0.26729000 -0.58279097
2.50051999 0.25840300 -0.58054000
2.51101398 0.25151801 -0.58279097
2.51179194 0.24362899 -0.58279097
2.51254511 0.23573600 -0.58279097
2.52297711 0.22871999 -0.58504099
2.53339005 0.22164200 -0.58729100
2.52436399 0.21286400 -0.58504099
2.53473210 0.20572101 -0.58729100
2.54507995 0.19851400 -0.58954102
2.53597498 0.18979000 -0.58729100
2.53655910 0.18182300 -0.58729100
2.53711700 0.17385300 -0.58729100
2.53765106 0.16588201 -0.58729100
2.54788399 0.15851299 -0.58954102
2.56782293 0.15165600 -0.59404099
2.55855799 0.14304601 -0.59179097
2.57847905 0.13558400 -0.59629101
2.56915998 0.12700200 -0.59404099
2.57927990 0.11938000 -0.59629101
2.57962298 0.11172700 -0.59629101
2.58969688 0.10401400 -0.59854198
2.59002709 0.09542500 -0.59854198
2.61952901 0.08827200 -0.60529202
2.62953210 0.08033900 -0.60754198
2.63951111 0.07234500 -0.60979199
2.65920711 0.06452600 -0.61429298
2.65939593 0.05617100 -0.61429298
2.66930199 0.04799000 -0.61654299
2.66943908 0.03960500 -0.61654299
2.66955090 0.03121900 -0.61654299
2.61117601 0.02233200 -0.60304201
2.64046097 0.01474700 -0.60979199
2.65998292 0.00603400 -0.61429298
2.65998912 -0.00232100 -0.61429298
2.66971207 -0.01071700 -0.61654299
2.66966796 -0.01863800 -0.61654299
2.67933512 -0.02759100 -0.61879301
2.67923498 -0.03600800 -0.61879301
2.68885112 -0.04458700 -0.62104303
2.68869710 -0.05303400 -0.62104303
2.67877603 -0.06125800 -0.61879301
2.71729589 -0.07922300 -0.62779403
2.74624896 -0.08870300 -0.63454401
2.75569391 -0.09767600 -0.63679397
2.75537395 -0.10633200 -0.63679397
2.76476097 -0.11539400 -0.63904500
2.79358602 -0.12538999 -0.64579499
2.79317904 -0.13416600 -0.64579499
2.79274297 -0.14294000 -0.64579499
2.71444702 -0.14748400 -0.62779403
2.72369790 -0.15657000 -0.63004398
2.77182102 -0.16807500 -0.64129502
2.78100300 -0.17740300 -0.64354497
2.78043199 -0.18613800 -0.64354497
2.77983403 -0.19487201 -0.64354497
2.78892493 -0.20431601 -0.64579499
2.78827000 -0.21307699 -0.64579499
2.79729891 -0.22260900 -0.64804500
2.80629611 -0.23219900 -0.65029502
2.80555296 -0.24101400 -0.65029502
2.82338810 -0.26042700 -0.65479600
2.85165405 -0.27207199 -0.66154599
2.86048198 -0.28198501 -0.66379601
2.86927605 -0.29195601 -0.66604602
2.87803507 -0.30198601 -0.66829699
2.87707210 -0.31102601 -0.66829699
2.89544797 -0.32221800 -0.67279702
2.82660198 -0.32405001 -0.65704602
2.86427689 -0.33748901 -0.66604602
2.89228296 -0.34949201 -0.67279702
2.89117098 -0.35857701 -0.67279702
2.88036394 -0.36642900 -0.67054701
2.89852190 -0.37799600 -0.67504698
2.51416802 0.43653199 -0.49839699
2.35104990 0.40060601 -0.46581000
2.39101791 0.39969000 -0.47347701
2.44068789 0.40011600 -0.48306200
2.43224311 0.39088899 -0.48114499
2.44315410 0.38477200 -0.48306200
2.44435096 0.37709501 -0.48306200
2.45522809 0.37088001 -0.48497900
2.46608996 0.36460000 -0.48689601
2.46722293 0.35685199 -0.48689601
2.46833205 0.34909800 -0.48689601
2.46941590 0.34134200 -0.48689601
2.48020291 0.33489501 -0.48881301
2.49097300 0.32838500 -0.49072999
2.49199200 0.32055801 -0.49072999
2.48324895 0.31150600 -0.48881301
2.49395800 0.30489400 -0.49072999
2.49490309 0.29705700 -0.49072999
2.49582410 0.28921801 -0.49072999
2.49676895 0.28094101 -0.49072999
2.51715207 0.27522799 -0.49456301
2.51795793 0.26775900 -0.49456301
2.51878691 0.25984699 -0.49456301
2.53912210 0.25388601 -0.49839699
2.53990698 0.24590801 -0.49839699
2.55043888 0.23884200 -0.50031400
2.55117702 0.23082800 -0.50031400
2.56166697 0.22366600 -0.50223100
2.55257702 0.21479499 -0.50031400
2.56302094 0.20756701 -0.50223100
2.56366110 0.19951300 -0.50223100
2.56427503 0.19145800 -0.50223100
2.55563593 0.17467400 -0.50031400
2.58555293 0.16856000 -0.50606501
2.56647801 0.15922000 -0.50223100
2.56696606 0.15115701 -0.50223100
2.58702707 0.14418501 -0.50606501
2.58749104 0.13560501 -0.50606501
2.59770703 0.12795900 -0.50798202
2.59809589 0.11979600 -0.50798202
2.58863401 0.11166400 -0.50606501
2.56935906 0.10274800 -0.50223100
2.61872602 0.09602400 -0.51181602
2.62882304 0.08812500 -0.51373303
2.62908697 0.07986600 -0.51373303
2.63913608 0.07187400 -0.51564902
2.63934898 0.06358300 -0.51564902
2.63953590 0.05529000 -0.51564902
2.65932298 0.04734600 -0.51948297
2.64964509 0.03884800 -0.51756603
2.65956712 0.03063800 -0.51948297
2.64983606 0.02220000 -0.51756603
2.66951895 0.01444400 -0.52139997
2.67936707 0.00561100 -0.52331698
2.66955709 -0.00279600 -0.52139997
2.66953492 -0.01118200 -0.52139997
2.68911910 -0.01924300 -0.52523398
2.69885397 -0.02826300 -0.52715099
2.71837902 -0.03700900 -0.53098500
2.69862294 -0.04522000 -0.52715099
2.71809292 -0.05408800 -0.53098500
2.69828606 -0.06217500 -0.52715099
2.65883207 -0.06962400 -0.51948297
2.74689293 -0.08056600 -0.53673601
2.74662709 -0.08919500 -0.53673601
2.74633288 -0.09782400 -0.53673601
2.75581908 -0.10683100 -0.53865200
2.75547004 -0.11548800 -0.53865200
2.76489806 -0.12458600 -0.54056901
2.76449299 -0.13327201 -0.54056901
2.78366399 -0.14296301 -0.54440302
2.75380111 -0.15010500 -0.53865200
2.77291298 -0.15988500 -0.54248601
2.79199004 -0.16978700 -0.54632002
2.78164792 -0.17793100 -0.54440302
2.80065989 -0.18798400 -0.54823703
2.80005598 -0.19678099 -0.54823703
2.81900001 -0.20701399 -0.55207098
2.80854988 -0.21512000 -0.55015397
2.82742691 -0.22550300 -0.55398798
2.80714297 -0.23276199 -0.55015397
2.76728392 -0.23821300 -0.54248601
2.83495212 -0.25301301 -0.55590498
2.86346197 -0.26462701 -0.56165498
2.86261702 -0.27362201 -0.56165498
2.87151003 -0.28357801 -0.56357199
2.88036895 -0.29359299 -0.56548899
2.86967111 -0.30161500 -0.56357199
2.87846708 -0.31168500 -0.56548899
2.86771989 -0.31963900 -0.56357199
2.86664391 -0.32914701 -0.56357199
2.87534308 -0.33930200 -0.56548899
2.87432408 -0.34783101 -0.56548899
2.88295603 -0.35806900 -0.56740600
2.88181710 -0.36712500 -0.56740600
2.89038205 -0.37744701 -0.56932300
2.37679791 0.39688599 -0.38329399
2.43650889 0.39899400 -0.39271900
2.44750094 0.39290300 -0.39429000
2.45847893 0.38674599 -0.39586100
2.45968199 0.37902099 -0.39586100
2.47062612 0.37276500 -0.39743200
2.47178507 0.36500201 -0.39743200
2.49246812 0.36005899 -0.40057400
2.48380899 0.35084501 -0.39900300
2.49468088 0.34439099 -0.40057400
2.49575090 0.33655101 -0.40057400
2.49679589 0.32870999 -0.40057400
2.49781609 0.32086399 -0.40057400
2.50861096 0.31424299 -0.40214500
2.50958610 0.30636001 -0.40214500
2.51053596 0.29847401 -0.40214500
2.52127194 0.29172099 -0.40371600
2.52222490 0.28335899 -0.40371600
2.53292108 0.27650499 -0.40528601
2.57301307 0.27315801 -0.41157001
2.57385802 0.26507401 -0.41157001
2.58450508 0.25796801 -0.41314101
2.56564307 0.24794801 -0.40999901
2.59590793 0.24264300 -0.41471201
2.56715012 0.23182100 -0.40999901
2.59738111 0.22632700 -0.41471201
2.58823800 0.21734001 -0.41314101
2.59875202 0.21000400 -0.41471201
2.53047609 0.19648600 -0.40371600
2.57047510 0.19146900 -0.40999901
2.61046600 0.18620500 -0.41628301
2.59133291 0.17665900 -0.41314101
2.60173011 0.16915900 -0.41471201
2.60224891 0.16098399 -0.41471201
2.60274100 0.15280800 -0.41471201
2.60320902 0.14463100 -0.41471201
2.62339902 0.13702700 -0.41785300
2.61395192 0.12830000 -0.41628301
2.62420797 0.12054100 -0.41785300
2.61468697 0.11233100 -0.41628301
2.66470504 0.09724500 -0.42413700
2.68473792 0.08953000 -0.42727900
2.67513394 0.08079800 -0.42570800
2.68524694 0.07266100 -0.42727900
2.65584302 0.06351700 -0.42256600
2.69552493 0.05599300 -0.42885000
2.69568706 0.04752300 -0.42885000
2.66619897 0.03862600 -0.42413700
2.71568298 0.03081000 -0.43199101
2.65651298 0.02179300 -0.42256600
2.69606900 0.01411700 -0.42885000
2.68622494 0.00515600 -0.42727900
2.69610405 -0.00329400 -0.42885000
2.70595598 -0.01180700 -0.43042001
2.71578503 -0.01990800 -0.43199101
2.71570396 -0.02891400 -0.43199101
2.71560001 -0.03744500 -0.43199101
2.72534299 -0.04614400 -0.43356201
2.74493194 -0.05510200 -0.43670401
2.72499895 -0.06326600 -0.43356201
2.76403403 -0.08155200 -0.43984601
2.75389409 -0.08991300 -0.43827501
2.78320599 -0.09962400 -0.44298801
2.79274797 -0.10875100 -0.44455799
2.79239202 -0.11752400 -0.44455799
2.79200912 -0.12629600 -0.44455799
2.80146289 -0.13554400 -0.44612899
2.80102301 -0.14434400 -0.44612899
2.75125098 -0.15044700 -0.43827501
2.80006099 -0.16194101 -0.44612899
2.79953909 -0.17073700 -0.44612899
2.80884409 -0.18016300 -0.44769999
2.81811810 -0.18964900 -0.44927099
2.82735896 -0.19919600 -0.45084199
2.83656907 -0.20880200 -0.45241299
2.82605195 -0.21695700 -0.45084199
2.82535696 -0.22583400 -0.45084199
2.84431696 -0.23634499 -0.45398399
2.86244893 -0.25597000 -0.45712501
2.86163092 -0.26496199 -0.45712501
2.89027691 -0.27677500 -0.46183801
2.88939309 -0.28585300 -0.46183801
2.88848090 -0.29492900 -0.46183801
2.88754010 -0.30400199 -0.46183801
2.89638901 -0.31413701 -0.46340901
2.89538789 -0.32323501 -0.46340901
2.85505509 -0.32832101 -0.45712501
2.91285491 -0.34424400 -0.46655101
2.91182089 -0.35288501 -0.46655101
2.91069794 -0.36203101 -0.46655101
2.89974999 -0.36992300 -0.46498001
2.90836596 -0.38031200 -0.46655101
2.40828896 0.40171301 -0.30061701
2.39974403 0.39254299 -0.29939499
2.42056489 0.38814601 -0.30183899
2.41196799 0.37899801 -0.30061701
2.41314697 0.37141901 -0.30061701
2.40448809 0.36235699 -0.29939499
2.43507099 0.35914600 -0.30306101
2.44601011 0.35291201 -0.30428299
2.46676207 0.34799799 -0.30672699
2.46784306 0.34024701 -0.30672699
2.46889997 0.33249199 -0.30672699
2.48961306 0.32732201 -0.30917099
2.50047302 0.32076201 -0.31039301
2.50146890 0.31290400 -0.31039301
2.51229191 0.30624500 -0.31161499
2.51324201 0.29835099 -0.31161499
2.52402592 0.29159299 -0.31283700
2.46580005 0.27658400 -0.30550501
2.50612307 0.27313700 -0.31039301
2.51679206 0.26674500 -0.31161499
2.50774503 0.25782299 -0.31039301
2.50854206 0.24994400 -0.31039301
2.51919389 0.24301501 -0.31161499
2.51994491 0.23509900 -0.31161499
2.52067208 0.22718000 -0.31161499
2.53126001 0.22012199 -0.31283700
2.54183006 0.21299700 -0.31405899
2.54248595 0.20501100 -0.31405899
2.53322291 0.19625500 -0.31283700
2.53382707 0.18829501 -0.31283700
2.56410599 0.18244900 -0.31650299
2.57456899 0.17506500 -0.31772500
2.58501005 0.16761900 -0.31894699
2.58552408 0.15949599 -0.31894699
2.59592009 0.15195300 -0.32016900
2.61620498 0.14489500 -0.32261300
2.60675907 0.13570200 -0.32139099
2.61708593 0.12799600 -0.32261300
2.62738895 0.12022800 -0.32383499
2.61781907 0.11200800 -0.32261300
2.59832311 0.10299800 -0.32016900
2.60856891 0.09474000 -0.32139099
2.60885406 0.08654400 -0.32139099
2.60911298 0.07834800 -0.32139099
2.60934591 0.07015100 -0.32139099
2.61947608 0.06219000 -0.32261300
2.61965799 0.05395900 -0.32261300
2.61981511 0.04572800 -0.32261300
2.63979292 0.03778200 -0.32505700
2.63989902 0.02948900 -0.32505700
2.63997889 0.02119600 -0.32505700
2.63010502 0.01331200 -0.32383499
2.65990996 0.00464200 -0.32750100
2.69961190 -0.00376900 -0.33238900
2.70951200 -0.01229500 -0.33361101
2.71938801 -0.02040900 -0.33483300
2.70938110 -0.02931900 -0.33361101
2.70927501 -0.03783100 -0.33361101
2.71906710 -0.04651200 -0.33483300
2.72883010 -0.05525500 -0.33605501
2.73856497 -0.06406000 -0.33727700
2.70858598 -0.07187300 -0.33361101
2.71826696 -0.08067600 -0.33483300
2.71800089 -0.08921600 -0.33483300
2.72762609 -0.09811100 -0.33605501
2.73722100 -0.10706700 -0.33727700
2.72695494 -0.11524700 -0.33605501
2.73649502 -0.12426300 -0.33727700
2.73609090 -0.13286000 -0.33727700
2.74557209 -0.14196700 -0.33849901
2.74511194 -0.15059200 -0.33849901
2.73471689 -0.15864100 -0.33727700
2.76392508 -0.16904899 -0.34094301
2.80299807 -0.18027900 -0.34583101
2.81232095 -0.18975200 -0.34705299
2.82161093 -0.19928600 -0.34827599
2.82097101 -0.20814900 -0.34827599
2.83019900 -0.21777201 -0.34949800
2.83939409 -0.22745501 -0.35071999
2.83866596 -0.23637401 -0.35071999
2.76869202 -0.23930800 -0.34216499
2.83712411 -0.25420499 -0.35071999
2.82642889 -0.26220000 -0.34949800
2.83547091 -0.27202600 -0.35071999
2.84447908 -0.28191099 -0.35194200
2.84358001 -0.29084599 -0.35194200
2.85252190 -0.30081901 -0.35316399
2.85156298 -0.30977899 -0.35316399
2.85057592 -0.31873599 -0.35316399
2.84950304 -0.32818699 -0.35316399
2.84845805 -0.33713701 -0.35316399
2.86715102 -0.34797901 -0.35560799
2.86604309 -0.35698500 -0.35560799
2.87475300 -0.36724401 -0.35683000
2.86374402 -0.37498501 -0.35560799
2.48323989 0.42982301 -0.22287500
2.41583395 0.41034299 -0.21670800
2.41711211 0.40275100 -0.21670800
2.43802595 0.39836901 -0.21847001
2.42943001 0.38913199 -0.21758901
2.43064094 0.38149700 -0.21758901
2.44167304 0.37537399 -0.21847001
2.45268989 0.36918300 -0.21935099
2.44398308 0.36002499 -0.21847001
2.45496106 0.35376599 -0.21935099
2.45606089 0.34605101 -0.21935099
2.46700406 0.33969101 -0.22023199
2.46805906 0.33194000 -0.22023199
2.47896600 0.32548201 -0.22111300
2.47997594 0.31769300 -0.22111300
2.49084592 0.31113401 -0.22199400
2.50169897 0.30451000 -0.22287500
2.50264406 0.29664999 -0.22287500
2.50356293 0.28878701 -0.22287500
2.51440597 0.28159201 -0.22375600
2.53589106 0.26832199 -0.22551800
2.54663110 0.26137200 -0.22639900
2.54743910 0.25336999 -0.22639900
2.54822302 0.24536701 -0.22639900
2.54898095 0.23735900 -0.22639900
2.55963492 0.23024200 -0.22728001
2.56034589 0.22220100 -0.22728001
2.57095790 0.21498600 -0.22815999
2.57161999 0.20690800 -0.22815999
2.55239511 0.19729200 -0.22639900
2.56293607 0.19000800 -0.22728001
2.57345605 0.18266299 -0.22815999
2.57401705 0.17457600 -0.22815999
2.58449411 0.16713101 -0.22904100
2.58500600 0.15901101 -0.22904100
2.58549309 0.15088999 -0.22904100
2.59592509 0.14286301 -0.22992200
2.59636092 0.13470601 -0.22992200
2.58682203 0.12606300 -0.22904100
2.60710692 0.11884400 -0.23080300
2.60744810 0.11110800 -0.23080300
2.65817308 0.08771600 -0.23520800
2.64847898 0.07906700 -0.23432700
2.64871407 0.07074700 -0.23432700
2.65888095 0.06266100 -0.23520800
2.66902399 0.05451000 -0.23608901
2.65922308 0.04595200 -0.23520800
2.66931391 0.03773900 -0.23608901
2.68934107 0.02957200 -0.23785099
2.62965488 0.02065400 -0.23256500
2.66955090 0.01258000 -0.23608901
2.68950009 0.00422400 -0.23785099
2.68950009 -0.00422500 -0.23785099
2.67951202 -0.01262700 -0.23697001
2.68941998 -0.02112300 -0.23785099
2.68934107 -0.02957200 -0.23785099
2.69919395 -0.03816200 -0.23873200
2.69906092 -0.04664100 -0.23873200
2.70885992 -0.05532400 -0.23961300
2.71863198 -0.06406800 -0.24049300
2.75773001 -0.09100100 -0.24401700
2.75743008 -0.09966500 -0.24401700
2.76705694 -0.10871800 -0.24489801
2.76670194 -0.11741000 -0.24489801
2.76631999 -0.12610200 -0.24489801
2.77585912 -0.13527700 -0.24577899
2.78536797 -0.14451300 -0.24665999
2.76500797 -0.15216801 -0.24489801
2.74462795 -0.15969600 -0.24313600
2.78388190 -0.17075700 -0.24665999
2.79327202 -0.18014300 -0.24754100
2.78275394 -0.18824500 -0.24665999
2.80202198 -0.19839400 -0.24842200
2.80138493 -0.20719600 -0.24842200
2.81065202 -0.21676099 -0.24930300
2.81988597 -0.22638699 -0.25018400
2.81916094 -0.23524500 -0.25018400
2.82833195 -0.24496000 -0.25106499
2.85649204 -0.26549199 -0.25370699
2.85564399 -0.27446401 -0.25370699
2.85476708 -0.28343400 -0.25370699
2.86377192 -0.29341599 -0.25458801
2.86283588 -0.30241200 -0.25458801
2.87177491 -0.31248200 -0.25546899
2.86087990 -0.32039300 -0.25458801
2.82021999 -0.32531300 -0.25106499
2.87853503 -0.34120601 -0.25635001
2.89728594 -0.35214901 -0.25811201
2.89616609 -0.36125001 -0.25811201
2.90489697 -0.37161100 -0.25899300
2.50925899 0.43387499 -0.13369200
2.43184495 0.41262600 -0.12949800
2.43312907 0.40498400 -0.12949800
2.42453408 0.39572901 -0.12897401
2.43562603 0.38968900 -0.12949800
2.43683791 0.38203400 -0.12949800
2.43802595 0.37437600 -0.12949800
2.42931509 0.36523101 -0.12897401
2.45021009 0.36050501 -0.13002200
2.49086809 0.35849699 -0.13211900
2.51176000 0.35345200 -0.13316800
2.50296497 0.34419799 -0.13264400
2.51393104 0.33766299 -0.13316800
2.52488089 0.33106199 -0.13369200
2.52590799 0.32312900 -0.13369200
2.53682089 0.31642699 -0.13421699
2.52788901 0.30724999 -0.13369200
2.52884197 0.29930800 -0.13369200
2.55953097 0.29479000 -0.13526499
2.47117496 0.27631399 -0.13054700
2.50181508 0.27178401 -0.13211900
2.50260997 0.26435900 -0.13211900
2.49349403 0.25547799 -0.13159500
2.50422192 0.24863100 -0.13211900
2.52487111 0.24267299 -0.13316800
2.52562094 0.23473901 -0.13316800
2.51640010 0.22590999 -0.13264400
2.53699493 0.21972799 -0.13369200
2.53767300 0.21175601 -0.13369200
2.54828000 0.20458300 -0.13421699
2.53895402 0.19580700 -0.13369200
2.52959704 0.18709300 -0.13316800
2.58994007 0.18337800 -0.13631400
2.61043000 0.17658800 -0.13736200
2.61097193 0.16838600 -0.13736200
2.64139104 0.16201700 -0.13893500
2.62194800 0.15255800 -0.13788700
2.63241100 0.14441000 -0.13841100
2.63285208 0.13613901 -0.13841100
2.65321493 0.12883499 -0.13945900
2.65360689 0.12049900 -0.13945900
2.64397502 0.11220300 -0.13893500
2.61437893 0.10272000 -0.13736200
2.61470604 0.09404900 -0.13736200
2.61498809 0.08583400 -0.13736200
2.61524510 0.07761900 -0.13736200
2.62545896 0.06966700 -0.13788700
2.62566400 0.06142000 -0.13788700
2.62584400 0.05317000 -0.13788700
2.64596796 0.04526100 -0.13893500
2.64609694 0.03694900 -0.13893500
2.65618610 0.02874400 -0.13945900
2.64627695 0.02032200 -0.13893500
2.64632797 0.01200900 -0.13893500
2.68629789 0.00375000 -0.14103200
2.72624111 -0.00475800 -0.14312901
2.72621298 -0.01332300 -0.14312901
2.73614407 -0.02196800 -0.14365400
2.73606110 -0.03056300 -0.14365400
2.74593711 -0.03930200 -0.14417800
2.74580002 -0.04792800 -0.14417800
2.75562000 -0.05676000 -0.14470200
2.76541090 -0.06565300 -0.14522600
2.71527791 -0.07299900 -0.14260501
2.71503496 -0.08152900 -0.14260501
2.71476603 -0.09005800 -0.14260501
2.72444892 -0.09894900 -0.14312901
2.73410296 -0.10790100 -0.14365400
2.73375106 -0.11649000 -0.14365400
2.74334693 -0.12553400 -0.14417800
2.74293900 -0.13415200 -0.14417800
2.75247693 -0.14328800 -0.14470200
2.76198411 -0.15248500 -0.14522600
2.77146101 -0.16174300 -0.14575100
2.79087400 -0.17167500 -0.14679900
2.82021689 -0.18237500 -0.14837199
2.83955693 -0.19258600 -0.14942101
2.83893800 -0.20150600 -0.14942101
2.83829093 -0.21042299 -0.14942101
2.86748505 -0.22164799 -0.15099400
2.86677504 -0.23065500 -0.15099400
2.88593888 -0.24132501 -0.15204200
2.78567791 -0.24175601 -0.14679900
2.81474304 -0.25319001 -0.14837199
2.81393409 -0.26203099 -0.14837199
2.83297801 -0.27278501 -0.14942101
2.82216907 -0.28069499 -0.14889599
2.84114194 -0.29159901 -0.14994501
2.85014200 -0.30157399 -0.15046901
2.84918094 -0.31052601 -0.15046901
2.86803889 -0.32170200 -0.15151800
2.86695695 -0.33121100 -0.15151800
2.88573503 -0.34257099 -0.15256600
2.88470602 -0.35113099 -0.15256600
2.88358903 -0.36019200 -0.15256600
2.89234805 -0.37051800 -0.15309100
2.90107107 -0.38090301 -0.15361500
2.38817811 0.38894001 -0.04158900
2.42888308 0.38773999 -0.04227600
2.43996692 0.38165200 -0.04244800
2.44115400 0.37398401 -0.04244800
2.45220494 0.36779699 -0.04262000
2.45334792 0.36009201 -0.04262000
2.45446706 0.35238299 -0.04262000
2.46546412 0.34606001 -0.04279200
2.46653891 0.33831200 -0.04279200
2.46759009 0.33056200 -0.04279200
2.48844409 0.32540101 -0.04313500
2.48945403 0.31758201 -0.04313500
2.48051691 0.30852500 -0.04296400
2.49140000 0.30193299 -0.04313500
2.50226593 0.29527700 -0.04330700
2.50318098 0.28741500 -0.04330700
2.49413490 0.27844101 -0.04313500
2.50493789 0.27168101 -0.04330700
2.53560996 0.26695001 -0.04382300
2.56627607 0.26203001 -0.04433800
2.57703710 0.25495201 -0.04451000
2.58777809 0.24780700 -0.04468200
2.58854389 0.23967600 -0.04468200
2.59924293 0.23243301 -0.04485400
2.59996009 0.22426800 -0.04485400
2.61061597 0.21692599 -0.04502600
2.62125111 0.20951900 -0.04519800
2.62189698 0.20128401 -0.04519800
2.52280092 0.18570501 -0.04347900
2.56326699 0.18059100 -0.04416700
2.58377290 0.17387900 -0.04451000
2.56435108 0.16448000 -0.04416700
2.57483506 0.15703200 -0.04433800
2.58529711 0.14951999 -0.04451000
2.58575392 0.14139800 -0.04451000
2.58618593 0.13327301 -0.04451000
2.58659196 0.12514700 -0.04451000
2.59696007 0.11747300 -0.04468200
2.59729695 0.10976800 -0.04468200
2.61761093 0.10239000 -0.04502600
2.61795306 0.09325100 -0.04502600
2.62822604 0.08535000 -0.04519800
2.68844700 0.07885200 -0.04622900
2.68868089 0.07040600 -0.04622900
2.70888090 0.06241900 -0.04657200
2.70906401 0.05390900 -0.04657200
2.71921706 0.04556500 -0.04674400
2.70934892 0.03688600 -0.04657200
2.70944595 0.02884800 -0.04657200
2.70952296 0.02033500 -0.04657200
2.65958190 0.01160500 -0.04571300
2.68960094 0.00328500 -0.04622900
2.68959808 -0.00516400 -0.04622900
2.68956804 -0.01361300 -0.04622900
2.67951393 -0.02198100 -0.04605700
2.68943000 -0.03051200 -0.04622900
2.70930910 -0.03972300 -0.04657200
2.70917106 -0.04823500 -0.04657200
2.71900201 -0.05695500 -0.04674400
2.71881008 -0.06549700 -0.04674400
2.70859599 -0.07376600 -0.04657200
2.73805690 -0.09178800 -0.04708800
2.78771400 -0.10222100 -0.04794700
2.79736996 -0.11137600 -0.04811900
2.81698489 -0.12102200 -0.04846300
2.82657909 -0.13033199 -0.04863500
2.81616902 -0.13871901 -0.04846300
2.82570410 -0.14808901 -0.04863500
2.83520794 -0.15752000 -0.04880700
2.73488593 -0.16056600 -0.04708800
2.77428603 -0.17162700 -0.04777500
2.79368806 -0.18163900 -0.04811900
2.78312802 -0.18973500 -0.04794700
2.79249096 -0.19918901 -0.04811900
2.81179404 -0.20944600 -0.04846300
2.81112194 -0.21827801 -0.04846300
2.82038808 -0.22791401 -0.04863500
2.81965804 -0.23677300 -0.04863500
2.81890106 -0.24563000 -0.04863500
2.85712194 -0.26705900 -0.04932200
2.89607692 -0.27988100 -0.05001000
2.89518404 -0.28897801 -0.05001000
2.90420794 -0.29909599 -0.05018100
2.89331102 -0.30716300 -0.05001000
2.91220999 -0.31842500 -0.05035300
2.90125990 -0.32645401 -0.05018100
2.85055900 -0.32982099 -0.04932200
2.88922310 -0.34349599 -0.05001000
2.89805388 -0.35378301 -0.05018100
2.89692903 -0.36288601 -0.05018100
2.89577389 -0.37198499 -0.05018100
2.89459109 -0.38108000 -0.05018100
2.46273804 0.42317599 0.39590999
2.44457698 0.41215199 0.39278001
2.46534801 0.40769401 0.39590999
2.46661711 0.39994699 0.39590999
2.47761512 0.39374599 0.39747500
2.47884011 0.38596001 0.39747500
2.48980498 0.37965900 0.39904001
2.49098492 0.37183601 0.39904001
2.49214101 0.36400899 0.39904001
2.50305009 0.35757399 0.40060499
2.50415993 0.34970900 0.40060499
2.50524712 0.34183899 0.40060499
2.51609802 0.33527201 0.40216899
2.51713896 0.32736599 0.40216899
2.52795410 0.32069901 0.40373400
2.52894902 0.31275600 0.40373400
2.52991891 0.30480900 0.40373400
2.54067302 0.29801100 0.40529901
2.54159689 0.29002801 0.40529901
2.55236197 0.28268501 0.40686399
2.55318904 0.27511099 0.40686399
2.55404091 0.26708800 0.40686399
2.55486703 0.25906301 0.40686399
2.56549811 0.25200200 0.40842900
2.56627703 0.24394000 0.40842900
2.56703091 0.23587701 0.40842900
2.57759690 0.22868299 0.40999401
2.57830310 0.22058600 0.40999401
2.57898307 0.21248400 0.40999401
2.58948398 0.20516101 0.41155899
2.59996390 0.19777399 0.41312400
2.59072208 0.18888800 0.41155899
2.60115600 0.18143401 0.41312400
2.60171294 0.17326200 0.41312400
2.60224390 0.16508700 0.41312400
2.61260891 0.15750600 0.41468799
2.62295198 0.14986099 0.41625300
2.63327193 0.14215200 0.41781801
2.62386394 0.13292000 0.41625300
2.63413501 0.12514400 0.41781801
2.64436102 0.11776700 0.41938299
2.64471793 0.10946000 0.41938299
2.65490103 0.10199100 0.42094800
2.66511202 0.09306800 0.42251301
2.67526293 0.08500800 0.42407799
2.66564393 0.07632100 0.42251301
2.67574406 0.06819800 0.42407799
2.68582010 0.06001200 0.42564201
2.68599510 0.05157400 0.42564201
2.69601893 0.04329300 0.42720699
2.69614196 0.03482400 0.42720699
2.69623804 0.02635400 0.42720699
2.70618105 0.01842000 0.42877200
2.70622492 0.00991900 0.42877200
2.71612000 0.00094800 0.43033701
2.71610999 -0.00758500 0.43033701
2.72595191 -0.01570100 0.43190199
2.72588897 -0.02426400 0.43190199
2.73567009 -0.03342400 0.43346700
2.73555112 -0.04201800 0.43346700
2.74528098 -0.05079500 0.43503201
2.74510789 -0.05941900 0.43503201
2.75478101 -0.06828800 0.43659601
2.75455308 -0.07694200 0.43659601
2.76416993 -0.08590200 0.43816099
2.76388597 -0.09458500 0.43816099
2.76357603 -0.10326800 0.43816099
2.76323700 -0.11194900 0.43816099
2.77273989 -0.12106000 0.43972600
2.77234602 -0.12977099 0.43972600
2.78178906 -0.13897200 0.44129100
2.79120111 -0.14823499 0.44285601
2.78086090 -0.15644801 0.44129100
2.80007410 -0.16635500 0.44442099
2.79953790 -0.17515101 0.44442099
2.80882907 -0.18459301 0.44598600
2.80823493 -0.19341600 0.44598600
2.82731700 -0.20365700 0.44911501
2.82666302 -0.21253800 0.44911501
2.83582807 -0.22218800 0.45067999
2.82527208 -0.23029400 0.44911501
2.84421706 -0.24083500 0.45224500
2.85328603 -0.25063401 0.45381001
2.86231995 -0.26049200 0.45537499
2.86148810 -0.26948199 0.45537499
2.86062694 -0.27847099 0.45537499
2.91870189 -0.29338300 0.46476400
2.45555711 0.42150101 0.30442700
2.43729305 0.41048700 0.30200100
2.45815706 0.40606400 0.30442700
2.48881602 0.40310100 0.30806500
2.49007010 0.39527899 0.30806500
2.49130011 0.38745499 0.30806500
2.49250507 0.37962601 0.30806500
2.50350308 0.37325799 0.30927801
2.50466299 0.36539099 0.30927801
2.50579906 0.35752001 0.30927801
2.50690889 0.34964699 0.30927801
2.51783109 0.34310901 0.31049100
2.51889610 0.33519799 0.31049100
2.51993704 0.32728299 0.31049100
2.53080010 0.32061201 0.31170401
2.54164600 0.31387600 0.31291699
2.53276396 0.30470401 0.31170401
2.54356790 0.29789999 0.31291699
2.54449105 0.28990799 0.31291699
2.54543900 0.28146800 0.31291699
2.54626298 0.27391499 0.31291699
2.55698299 0.26694399 0.31413001
2.56768489 0.25990999 0.31534201
2.56848907 0.25184301 0.31534201
2.56926703 0.24377200 0.31534201
2.57001996 0.23569900 0.31534201
2.57074809 0.22762400 0.31534201
2.58134103 0.22039101 0.31655499
2.58202004 0.21228100 0.31655499
2.59257007 0.20495000 0.31776801
2.59320092 0.19680500 0.31776801
2.59380603 0.18865700 0.31776801
2.60428905 0.18119600 0.31898099
2.61474895 0.17367201 0.32019401
2.61528206 0.16545600 0.32019401
2.60588002 0.15664400 0.31898099
2.62617993 0.14958601 0.32140699
2.62663698 0.14133400 0.32140699
2.62709093 0.13262300 0.32140699
2.64732504 0.12530699 0.32383201
2.64768505 0.11745200 0.32383201
2.64804101 0.10913400 0.32383201
2.66819096 0.10203500 0.32625800
2.65861106 0.09237600 0.32504499
2.67873001 0.08465000 0.32747099
2.66906095 0.07595200 0.32625800
2.68913198 0.06807000 0.32868400
2.67940903 0.05940000 0.32747099
2.69943094 0.05136100 0.32989699
2.68965507 0.04272200 0.32868400
2.69970107 0.03439900 0.32989699
2.69979596 0.02591800 0.32989699
2.70978689 0.01797200 0.33111000
2.70983005 0.00945900 0.33111000
2.70984602 0.00047200 0.33111000
2.71975994 -0.00807000 0.33232200
2.72965002 -0.01619800 0.33353499
2.71966004 -0.02468400 0.33232200
2.73941398 -0.03394800 0.33474800
2.73929405 -0.04255400 0.33474800
2.73914695 -0.05116000 0.33474800
2.74889708 -0.05998100 0.33596101
2.74869490 -0.06861700 0.33596101
2.75838804 -0.07753100 0.33717400
2.75813103 -0.08619600 0.33717400
2.76776600 -0.09520200 0.33838701
2.77737308 -0.10426900 0.33959901
2.77703190 -0.11299400 0.33959901
2.79649591 -0.12258700 0.34202501
2.78618193 -0.13090600 0.34081200
2.80558395 -0.14065200 0.34323800
2.81504107 -0.14999300 0.34445101
2.80464506 -0.15827700 0.34323800
2.81404305 -0.16767800 0.34445101
2.83331609 -0.17776100 0.34687701
2.83274293 -0.18666101 0.34687701
2.84204507 -0.19624300 0.34808901
2.83151388 -0.20445600 0.34687701
2.84075594 -0.21409599 0.34808901
2.84996510 -0.22379699 0.34930199
2.85914111 -0.23355700 0.35051501
2.85839295 -0.24253801 0.35051501
2.86750507 -0.25238699 0.35172799
2.86669803 -0.26139399 0.35172799
2.86586308 -0.27039900 0.35172799
2.89463711 -0.28229201 0.35536700
2.89373589 -0.29138401 0.35536700
2.89280701 -0.30047300 0.35536700
2.91158795 -0.31167299 0.35779199
2.90072799 -0.31973100 0.35657901
2.90957189 -0.32996100 0.35779199
2.92817998 -0.34191000 0.36021799
2.93700910 -0.35177699 0.36143100
2.93588901 -0.36100200 0.36143100
2.95443702 -0.37270799 0.36385700
2.94340706 -0.38071501 0.36264399
2.94219708 -0.38995999 0.36264399
2.35909200 0.38927600 0.20771700
2.45865011 0.39777401 0.21637200
2.50908494 0.39784899 0.22070000
2.50047803 0.38843501 0.21983400
2.50168610 0.38057700 0.21983400
2.49301600 0.37124899 0.21896900
2.50402808 0.36485201 0.21983400
2.50516200 0.35698301 0.21983400
2.50627089 0.34911200 0.21983400
2.50735497 0.34123600 0.21983400
2.50841498 0.33335701 0.21983400
2.51933002 0.32675701 0.22070000
2.52034402 0.31884000 0.22070000
2.52133298 0.31092101 0.22070000
2.53218889 0.30418599 0.22156499
2.53313208 0.29622999 0.22156499
2.53404999 0.28827101 0.22156499
2.55479598 0.28205201 0.22329600
2.54571700 0.27340701 0.22243100
2.57792497 0.25231400 0.22502699
2.55886889 0.24233501 0.22329600
2.54969692 0.23338699 0.22243100
2.58018899 0.22800601 0.22502699
2.57096601 0.21905300 0.22416200
2.57164097 0.21097600 0.22416200
2.58222294 0.20367800 0.22502699
2.58284998 0.19556600 0.22502699
2.56357908 0.18600900 0.22329600
2.58402801 0.17933300 0.22502699
2.61440110 0.17319000 0.22762400
2.62487507 0.16560300 0.22848900
2.62538195 0.15735599 0.22848900
2.62586403 0.14910799 0.22848900
2.63626695 0.14139099 0.22935501
2.63672090 0.13264801 0.22935501
2.64707708 0.12483300 0.23022000
2.64743495 0.11697800 0.23022000
2.64778996 0.10866100 0.23022000
2.65805602 0.10118300 0.23108600
2.66887593 0.07548100 0.23195100
2.65914106 0.06684600 0.23108600
2.66929793 0.05871000 0.23195100
2.65950799 0.05013700 0.23108600
2.67957497 0.04209400 0.23281699
2.66973305 0.03355100 0.23195100
2.67978692 0.02525800 0.23281699
2.67985010 0.01730600 0.23281699
2.65996599 0.00882100 0.23108600
2.71975589 0.00000000 0.23627900
2.72970510 -0.00857600 0.23714399
2.72966695 -0.01667500 0.23714399
2.73956394 -0.02534200 0.23801000
2.73946500 -0.03442700 0.23801000
2.73934293 -0.04303300 0.23801000
2.74915504 -0.05182600 0.23887500
2.75893903 -0.06068200 0.23974100
2.75873399 -0.06934900 0.23974100
2.76846099 -0.07829700 0.24060600
2.76820207 -0.08699400 0.24060600
2.77787089 -0.09603500 0.24147099
2.77755594 -0.10476100 0.24147099
2.78716707 -0.11389300 0.24233700
2.79674792 -0.12308700 0.24320200
2.79634809 -0.13187200 0.24320200
2.80587006 -0.14115700 0.24406800
2.81536102 -0.15050299 0.24493299
2.81487393 -0.15934700 0.24493299
2.82430410 -0.16878401 0.24579901
2.82376003 -0.17765599 0.24579901
2.83312893 -0.18718299 0.24666400
2.83252692 -0.19608299 0.24666400
2.84183311 -0.20569900 0.24753000
2.85110688 -0.21537700 0.24839500
2.85041595 -0.22433300 0.24839500
2.85962701 -0.23409900 0.24926101
2.86880398 -0.24392600 0.25012600
2.87794709 -0.25381199 0.25099200
2.88705707 -0.26375899 0.25185701
2.88621402 -0.27282801 0.25185701
2.89525795 -0.28286201 0.25272301
2.90426707 -0.29295599 0.25358799
2.90333295 -0.30207899 0.25358799
2.91227508 -0.31226099 0.25445399
2.91127992 -0.32140800 0.25445399
2.92015505 -0.33167699 0.25531900
2.91903901 -0.34135899 0.25531900
2.92790508 -0.35120499 0.25618500
2.93667507 -0.36161900 0.25705001
2.94540811 -0.37209201 0.25791600
2.95410395 -0.38262299 0.25878099
2.92325997 -0.38796899 0.25618500
2.44241810 0.41047299 0.12847900
2.46340299 0.40604699 0.12951501
2.45480704 0.39671299 0.12899700
2.47576904 0.39212301 0.13003300
2.47698808 0.38434401 0.13003300
2.47818398 0.37655899 0.13003300
2.47935390 0.36877301 0.13003300
2.47061801 0.35954401 0.12951501
2.47173500 0.35178000 0.12951501
2.50250196 0.34814101 0.13106900
2.50358391 0.34027699 0.13106900
2.51453996 0.33372501 0.13158700
2.51557589 0.32582399 0.13158700
2.50668001 0.31666699 0.13106900
2.52748489 0.31123200 0.13210601
2.52845097 0.30328900 0.13210601
2.52939105 0.29534501 0.13210601
2.54022908 0.28852499 0.13262400
2.49153996 0.27462801 0.13003300
2.54199195 0.27255800 0.13262400
2.53290296 0.26353699 0.13210601
2.54365396 0.25658101 0.13262400
2.56432605 0.25053099 0.13366000
2.55515790 0.24153300 0.13314199
2.55590510 0.23350500 0.13314199
2.56657410 0.22635099 0.13366000
2.57722306 0.21913300 0.13417800
2.57789803 0.21103600 0.13417800
2.58850408 0.20371900 0.13469601
2.58913207 0.19558699 0.13469601
2.58973289 0.18745200 0.13469601
2.60027194 0.18000400 0.13521400
2.59085989 0.17117700 0.13469601
2.60135198 0.16366300 0.13521400
2.62179089 0.15668200 0.13625000
2.62227011 0.14844500 0.13625000
2.62274790 0.13974699 0.13625000
2.63314795 0.13200800 0.13676800
2.62357402 0.12326500 0.13625000
2.64388204 0.11635900 0.13728601
2.64423394 0.10805300 0.13728601
2.65452290 0.10058400 0.13780400
2.64487696 0.09097500 0.13728601
2.64514995 0.08266500 0.13728601
2.65537906 0.07463500 0.13780400
2.65560102 0.06629300 0.13780400
2.65579605 0.05795000 0.13780400
2.65596509 0.04960600 0.13780400
2.67607808 0.04157200 0.13884000
2.67619610 0.03316500 0.13884000
2.68627310 0.02485000 0.13935800
2.68633509 0.01687900 0.13935800
2.70634890 0.00803000 0.14039500
2.69637394 -0.00047100 0.13987599
2.71633291 -0.00900800 0.14091299
2.70630693 -0.01700400 0.14039500
2.71622205 -0.02607500 0.14091299
2.71612692 -0.03460800 0.14091299
2.71600509 -0.04314100 0.14091299
2.72584105 -0.05186300 0.14143100
2.75561690 -0.06109000 0.14298500
2.74542809 -0.06949400 0.14246701
2.74519610 -0.07811900 0.14246701
2.75463200 -0.09571200 0.14298500
2.77427602 -0.10512200 0.14402100
2.77393198 -0.11383700 0.14402100
2.79351401 -0.12343300 0.14505699
2.79311299 -0.13220800 0.14505699
2.80265808 -0.14148600 0.14557500
2.80219889 -0.15029000 0.14557500
2.79174304 -0.15852700 0.14505699
2.80119991 -0.16789401 0.14557500
2.81062508 -0.17732200 0.14609300
2.82001901 -0.18681100 0.14661101
2.81941795 -0.19566999 0.14661101
2.82874990 -0.20524900 0.14712900
2.83804893 -0.21488801 0.14764699
2.83735991 -0.22380300 0.14764699
2.83664298 -0.23271599 0.14764699
2.84584808 -0.24247400 0.14816500
2.84507298 -0.25141400 0.14816500
2.88320494 -0.27305099 0.15023801
2.89227200 -0.28308001 0.15075600
2.90130401 -0.29316899 0.15127400
2.90036893 -0.30228201 0.15127400
2.90933490 -0.31245899 0.15179200
2.90833902 -0.32159701 0.15179200
2.91723704 -0.33186099 0.15231000
2.87644506 -0.33688700 0.15023801
2.91509390 -0.35018399 0.15231000
2.92389107 -0.36056301 0.15282799
2.93265104 -0.37099999 0.15334600
2.94137502 -0.38149601 0.15386400
2.42695904 0.39960501 0.04227600
2.47755599 0.39994600 0.04313500
2.47880006 0.39216000 0.04313500
2.48002005 0.38437101 0.04313500
2.49110103 0.37807700 0.04330700
2.49227595 0.37024999 0.04330700
2.48353195 0.36098099 0.04313500
2.48465395 0.35317600 0.04313500
2.49565506 0.34674501 0.04330700
2.50663900 0.34024701 0.04347900
2.49778390 0.33105701 0.04330700
2.50872803 0.32449201 0.04347900
2.51965499 0.31785899 0.04365100
2.53056502 0.31116301 0.04382300
2.53152990 0.30321100 0.04382300
2.54240108 0.29641399 0.04399500
2.55325389 0.28955299 0.04416700
2.49457002 0.27452099 0.04313500
2.56496501 0.27456900 0.04433800
2.55587006 0.26547599 0.04416700
2.56663990 0.25844699 0.04433800
2.56743908 0.25038299 0.04433800
2.57816696 0.24325401 0.04451000
2.57891798 0.23515400 0.04451000
2.57964492 0.22705001 0.04451000
2.59030795 0.21979100 0.04468200
2.59098601 0.21165200 0.04468200
2.60160589 0.20429400 0.04485400
2.59226394 0.19536801 0.04468200
2.59286499 0.18722400 0.04468200
2.61338997 0.18045400 0.04502600
2.60396695 0.17158601 0.04485400
2.62445092 0.16465600 0.04519800
2.62495589 0.15641101 0.04519800
2.64539909 0.14929099 0.04554100
2.65586400 0.14104700 0.04571300
2.64630795 0.13220400 0.04554100
2.65669799 0.12435700 0.04571300
2.65705490 0.11647400 0.04571300
2.64741802 0.10772000 0.04554100
2.65771699 0.10024100 0.04571300
2.66804409 0.09130600 0.04588500
2.66831708 0.08292300 0.04588500
2.67855906 0.07481900 0.04605700
2.67878103 0.06640400 0.04605700
2.68897295 0.05820400 0.04622900
2.68914199 0.04975700 0.04622900
2.69928288 0.04146100 0.04640100
2.69939995 0.03298100 0.04640100
2.70948792 0.02459200 0.04657200
2.70954895 0.01655200 0.04657200
2.71958804 0.00759500 0.04674400
2.71959805 -0.00094900 0.04674400
2.71958208 -0.00949300 0.04674400
2.72954011 -0.01762700 0.04691600
2.72946596 -0.02667800 0.04691600
2.73936701 -0.03538200 0.04708800
2.73924208 -0.04398800 0.04708800
2.74908710 -0.05278500 0.04726000
2.75890398 -0.06164500 0.04743200
2.75869703 -0.07031200 0.04743200
2.75846195 -0.07897800 0.04743200
2.76819396 -0.08796100 0.04760400
2.77789593 -0.09700600 0.04777500
2.77757812 -0.10573300 0.04777500
2.78722191 -0.11487000 0.04794700
2.78684711 -0.12362600 0.04794700
2.79643202 -0.13285500 0.04811900
2.79600096 -0.14163899 0.04811900
2.81551099 -0.15149701 0.04846300
2.80503798 -0.15977301 0.04829100
2.80452299 -0.16858400 0.04829100
2.81395793 -0.17802501 0.04846300
2.83333802 -0.18819000 0.04880700
2.85268092 -0.19847800 0.04915000
2.86201596 -0.20816500 0.04932200
2.85137796 -0.21639800 0.04915000
2.88058591 -0.22771899 0.04966600
2.86989188 -0.23594800 0.04949400
2.87909794 -0.24581300 0.04966600
2.83847404 -0.25132999 0.04897800
2.88745403 -0.26481199 0.04983800
2.88660789 -0.27388099 0.04983800
2.89568400 -0.28392401 0.05001000
2.90472507 -0.29402700 0.05018100
2.90378690 -0.30315101 0.05018100
2.90282106 -0.31227201 0.05018100
2.91176295 -0.32249001 0.05035300
2.92067003 -0.33276799 0.05052500
2.91954994 -0.34245199 0.05052500
2.92844796 -0.35230699 0.05069700
2.93724990 -0.36273101 0.05086900
2.93609595 -0.37195599 0.05086900
2.93491292 -0.38117900 0.05086900
2.93370104 -0.39039701 0.05086900
