2.85959601 0.23359500 -0.76749098
2.87957811 0.22612201 -0.77265900
2.87064099 0.21634901 -0.77007502
2.86167097 0.20663400 -0.76749098
2.86230612 0.19764200 -0.76749098
2.85327291 0.18801400 -0.76490700
2.88274193 0.18136600 -0.77265900
2.87368488 0.17123200 -0.77007502
2.86456299 0.16165900 -0.76749098
2.85541105 0.15214400 -0.76490700
2.85587502 0.14317399 -0.76490700
2.82736111 0.13283999 -0.75715399
2.83739400 0.12487600 -0.75973803
2.74124908 0.11201700 -0.73389697
2.78985500 0.10522500 -0.74681801
2.78051710 0.09612600 -0.74423403
2.77115011 0.08708600 -0.74164897
2.76175308 0.07810800 -0.73906499
2.75232792 0.06918900 -0.73648101
2.75253201 0.06054100 -0.73648101
2.75270796 0.05189400 -0.73648101
2.74319792 0.04309300 -0.73389697
2.74331999 0.03447500 -0.73389697
2.73375511 0.02576600 -0.73131299
2.76280308 0.01735900 -0.73906499
2.75318408 0.00865000 -0.73648101
2.75319695 0.00000000 -0.73648101
2.75318408 -0.00864900 -0.73648101
2.74348593 -0.01675900 -0.73389697
2.72409511 -0.02567500 -0.72872901
2.70468211 -0.03399000 -0.72355998
2.63694811 -0.04142400 -0.70547098
2.66578102 -0.05025500 -0.71322399
2.64629412 -0.05820400 -0.70805597
2.65576601 -0.06629700 -0.71064001
2.64588904 -0.07436900 -0.70805597
2.63598609 -0.08237900 -0.70547098
2.63571501 -0.09065900 -0.70547098
2.62576294 -0.09857700 -0.70288700
2.62544107 -0.10682600 -0.70288700
2.62509203 -0.11507300 -0.70288700
2.61506796 -0.12286600 -0.70030302
2.60502100 -0.13059700 -0.69771898
2.59495091 -0.13826600 -0.69513500
2.59450412 -0.14641801 -0.69513500
2.57474399 -0.15341900 -0.68996602
2.58389091 -0.16211200 -0.69255102
2.57372999 -0.16959301 -0.68996602
2.56354690 -0.17701299 -0.68738198
2.55334306 -0.18437000 -0.68479800
2.55278397 -0.19194500 -0.68479800
2.55216908 -0.19996400 -0.68479800
2.55152798 -0.20798101 -0.68479800
2.54123592 -0.21517999 -0.68221402
2.56941700 -0.22569899 -0.68996602
2.55907512 -0.23289400 -0.68738198
2.56794906 -0.24183799 -0.68996602
2.55756092 -0.24896801 -0.68738198
2.55676699 -0.25700200 -0.68738198
2.55594611 -0.26503301 -0.68738198
2.54549599 -0.27203500 -0.68479800
2.52542400 -0.27791700 -0.67962998
2.52453804 -0.28584999 -0.67962998
2.47565007 -0.28819400 -0.66670901
2.49391603 -0.29826400 -0.67187798
2.46420193 -0.30256599 -0.66412503
2.47282410 -0.31151301 -0.66670901
2.46225190 -0.31804299 -0.66412503
2.46124101 -0.32577699 -0.66412503
2.45063305 -0.33221000 -0.66154099
2.44957709 -0.33990699 -0.66154099
2.44849706 -0.34760100 -0.66154099
2.43789411 -0.35347801 -0.65895700
2.41759706 -0.35872501 -0.65378898
2.42600989 -0.36776599 -0.65637302
2.42484188 -0.37538499 -0.65637302
2.44280195 -0.38559100 -0.66154099
2.44157910 -0.39326301 -0.66154099
2.44033098 -0.40093201 -0.66154099
2.42953205 -0.40700001 -0.65895700
2.42824101 -0.41463101 -0.65895700
2.42692709 -0.42225701 -0.65895700
2.42558789 -0.42987999 -0.65895700
2.42422605 -0.43749800 -0.65895700
2.41326094 -0.44378701 -0.65637302
2.39286399 -0.44781199 -0.65120399
2.33458400 -0.44407901 -0.63569999
2.36162996 -0.45691600 -0.64345199
2.34122610 -0.46060300 -0.63828403
2.31134892 -0.46227300 -0.63053101
2.30988598 -0.46953201 -0.63053101
2.31785989 -0.47874001 -0.63311499
2.33525300 -0.48998699 -0.63828403
2.87455702 0.23431200 -0.66604602
2.85585189 0.22375700 -0.66154599
2.88568902 0.21697600 -0.66829699
2.88635612 0.20791000 -0.66829699
2.87727499 0.19817100 -0.66604602
2.85843801 0.18785299 -0.66154599
2.85898304 0.17937100 -0.66154599
2.84983492 0.16931000 -0.65929598
2.85035300 0.16035800 -0.65929598
2.83138299 0.15036900 -0.65479600
2.82210994 0.14098699 -0.65254498
2.81280589 0.13166399 -0.65029502
2.80345011 0.12289200 -0.64804500
2.81355810 0.11448000 -0.65029502
2.79474592 0.09613000 -0.64579499
2.80477309 0.08765300 -0.64804500
2.80503511 0.07884200 -0.64804500
2.80526900 0.07003000 -0.64804500
2.80547500 0.06121600 -0.64804500
2.78617001 0.05203800 -0.64354497
2.78631902 0.04328400 -0.64354497
2.69875598 0.03344400 -0.62329298
2.71833396 0.02514700 -0.62779403
2.73788691 0.01672500 -0.63229400
2.72818208 0.00809500 -0.63004398
2.72819400 -0.00047600 -0.63004398
2.70869207 -0.00898200 -0.62554401
2.69891000 -0.01695800 -0.62329298
2.68909597 -0.02581400 -0.62104303
2.67925906 -0.03413800 -0.61879301
2.67913890 -0.04255500 -0.61879301
2.66907692 -0.05917200 -0.61654299
2.68837094 -0.06758000 -0.62104303
2.68814492 -0.07602600 -0.62104303
2.68789291 -0.08447000 -0.62104303
2.67787695 -0.09257800 -0.61879301
2.67757297 -0.10099000 -0.61879301
2.66750693 -0.10900300 -0.61654299
2.65741706 -0.11695500 -0.61429298
2.60837293 -0.12300800 -0.60304201
2.60797405 -0.13120200 -0.60304201
2.62700796 -0.14043400 -0.60754198
2.61682606 -0.14813600 -0.60529202
2.60662103 -0.15577500 -0.60304201
2.59639502 -0.16335100 -0.60079199
2.58614612 -0.17086500 -0.59854198
2.58559704 -0.17898899 -0.59854198
2.58502102 -0.18711101 -0.59854198
2.56502295 -0.19331500 -0.59404099
2.56440306 -0.20137300 -0.59404099
2.55404711 -0.20863500 -0.59179097
2.54366994 -0.21583401 -0.58954102
2.54297900 -0.22382399 -0.58954102
2.53256011 -0.23092701 -0.58729100
2.53182197 -0.23888201 -0.58729100
2.52136207 -0.24588899 -0.58504099
2.52057695 -0.25380901 -0.58504099
2.51976705 -0.26172599 -0.58504099
2.50924397 -0.26860401 -0.58279097
2.50838804 -0.27648601 -0.58279097
2.49782610 -0.28326601 -0.58054000
2.49692297 -0.29111201 -0.58054000
2.49504495 -0.30679500 -0.58054000
2.50373602 -0.31585100 -0.58279097
2.51239395 -0.32496500 -0.58504099
2.50170207 -0.33157700 -0.58279097
2.49099302 -0.33812401 -0.58054000
2.48991799 -0.34594801 -0.58054000
2.47917199 -0.35239699 -0.57828999
2.46847296 -0.35835201 -0.57604003
2.46727204 -0.36653501 -0.57604003
2.38904190 -0.36258799 -0.55803901
2.40714788 -0.37307599 -0.56253898
2.42527890 -0.38325900 -0.56703901
2.41444397 -0.38932499 -0.56478900
2.40359402 -0.39532700 -0.56253898
2.41195011 -0.40448800 -0.56478900
2.40106297 -0.41042101 -0.56253898
2.39976192 -0.41796201 -0.56253898
2.38884306 -0.42379701 -0.56028903
2.38750005 -0.43130001 -0.56028903
2.37647390 -0.43745100 -0.55803901
2.36551094 -0.44312099 -0.55578899
2.36418605 -0.45013699 -0.55578899
2.35319400 -0.45570999 -0.55353898
2.35175109 -0.46309999 -0.55353898
2.33117700 -0.46666101 -0.54903799
2.31060290 -0.47009799 -0.54453802
2.31865597 -0.47932699 -0.54678798
2.32667494 -0.48861101 -0.54903799
2.93467498 0.23869701 -0.57507402
2.79842401 0.21876600 -0.54823703
2.89696789 0.21731500 -0.56740600
2.91721511 0.20962100 -0.57124001
2.91785908 0.20045500 -0.57124001
2.90923405 0.18201400 -0.56932300
2.88042903 0.17062300 -0.56357199
2.87115192 0.16102600 -0.56165498
2.87164402 0.15200400 -0.56165498
2.84270000 0.14151800 -0.55590498
2.86273789 0.13350099 -0.55973798
2.85331607 0.12457900 -0.55782199
2.78504801 0.11283400 -0.54440302
2.82462001 0.10554900 -0.55207098
2.86417198 0.09801800 -0.55973798
2.85465693 0.08871300 -0.55782199
2.82548904 0.07892300 -0.55207098
2.81591201 0.06980400 -0.55015397
2.81611705 0.06095600 -0.55015397
2.80648208 0.05192800 -0.54823703
2.78700399 0.04280800 -0.54440302
2.76749706 0.03381300 -0.54056901
2.76765490 0.01642400 -0.54056901
2.74806404 0.00767400 -0.53673601
2.73826003 -0.00095600 -0.53481901
2.73824406 -0.00955800 -0.53481901
2.74801803 -0.01774600 -0.53673601
2.73812890 -0.02676300 -0.53481901
2.71840405 -0.03511100 -0.53098500
2.70846701 -0.04349400 -0.52906799
2.65925407 -0.05106000 -0.51948297
2.71795297 -0.06073000 -0.53098500
2.71776104 -0.06879400 -0.53098500
2.70772099 -0.07705200 -0.52906799
2.69765496 -0.08524900 -0.52715099
2.68756604 -0.09338200 -0.52523398
2.67745209 -0.10145300 -0.52331698
2.67711902 -0.10986400 -0.52331698
2.65715098 -0.11740800 -0.51948297
2.63716197 -0.12482700 -0.51564902
2.63675690 -0.13311100 -0.51564902
2.62607002 -0.14911900 -0.51373303
2.60599399 -0.15619400 -0.50989902
2.60549092 -0.16438000 -0.50989902
2.61475396 -0.17321301 -0.51181602
2.60440612 -0.18074800 -0.50989902
2.59403706 -0.18821800 -0.50798202
2.58367991 -0.19517501 -0.50606501
2.58305502 -0.20329100 -0.50606501
2.56283998 -0.20980300 -0.50223100
2.58172607 -0.21951699 -0.50606501
2.59080100 -0.22848800 -0.50798202
2.58029604 -0.23573400 -0.50606501
2.56977201 -0.24291500 -0.50414801
2.57876396 -0.25194100 -0.50606501
2.55842996 -0.25807101 -0.50223100
2.55760598 -0.26610801 -0.50223100
2.52748203 -0.27100199 -0.49647999
2.53637290 -0.28001800 -0.49839699
2.51597691 -0.28577000 -0.49456301
2.47607398 -0.28911999 -0.48689601
2.51413202 -0.30157200 -0.49456301
2.54239511 -0.31306800 -0.50031400
2.52192497 -0.31859300 -0.49647999
2.54037809 -0.32903600 -0.50031400
2.51014400 -0.33314100 -0.49456301
2.53825998 -0.34499100 -0.50031400
2.50800109 -0.34890601 -0.49456301
2.51660895 -0.35816699 -0.49647999
2.49611092 -0.36280799 -0.49264699
2.52401710 -0.37541601 -0.49839699
2.45490289 -0.37302199 -0.48497900
2.47311592 -0.38374299 -0.48881301
2.45134807 -0.39571500 -0.48497900
2.43072391 -0.40022501 -0.48114499
2.42945504 -0.40785900 -0.48114499
2.43783498 -0.41714501 -0.48306200
2.42684388 -0.42311600 -0.48114499
2.41583991 -0.42902201 -0.47922799
2.41447997 -0.43660900 -0.47922799
2.40336704 -0.44283500 -0.47731099
2.38267112 -0.44676599 -0.47347701
2.35241199 -0.44832101 -0.46772701
2.38953209 -0.46318001 -0.47539401
2.39769506 -0.47258201 -0.47731099
2.38657498 -0.47818401 -0.47539401
2.35620999 -0.47980401 -0.46964401
2.39156699 -0.50267500 -0.47731099
2.38037801 -0.50813597 -0.47539401
3.03100395 0.25558600 -0.48383000
2.85460901 0.23168300 -0.45555499
2.86516905 0.22348100 -0.45712501
2.91509795 0.21816300 -0.46498001
2.92562008 0.20971200 -0.46655101
2.91641212 0.19984400 -0.46498001
2.92687988 0.19132499 -0.46655101
2.89786410 0.18079500 -0.46183801
2.90830708 0.17176500 -0.46340901
2.88911104 0.16152699 -0.46026701
2.87974191 0.15192901 -0.45869601
2.87034202 0.14239199 -0.45712501
2.87077498 0.13337301 -0.45712501
2.85142493 0.12399700 -0.45398399
2.84193206 0.11464100 -0.45241299
2.83272600 0.09644600 -0.45084199
2.85275793 0.08815600 -0.45398399
2.85302091 0.07919400 -0.45398399
2.84338188 0.06998800 -0.45241299
2.82384109 0.06063000 -0.44927099
2.83389211 0.05194000 -0.45084199
2.80441689 0.04258600 -0.44612899
2.71566105 0.03270600 -0.43199101
2.77500296 0.02470200 -0.44141701
2.77506709 0.01598300 -0.44141701
2.76522803 0.00724000 -0.43984601
2.75536108 -0.00144300 -0.43827501
2.75534296 -0.01009900 -0.43827501
2.74542499 -0.01820900 -0.43670401
2.74534893 -0.02731300 -0.43670401
2.74524999 -0.03593700 -0.43670401
2.72537398 -0.04424100 -0.43356201
2.72504306 -0.06136400 -0.43356201
2.73472095 -0.06970100 -0.43513301
2.74436092 -0.07857400 -0.43670401
2.72435904 -0.08656800 -0.43356201
2.72407293 -0.09512700 -0.43356201
2.71389198 -0.10330900 -0.43199101
2.72342205 -0.11224100 -0.43356201
2.70332289 -0.11992100 -0.43042001
2.63387990 -0.12513199 -0.41942400
2.66306400 -0.13490500 -0.42413700
2.65276504 -0.14274000 -0.42256600
2.63258410 -0.14995000 -0.41942400
2.65181589 -0.15940499 -0.42256600
2.63158989 -0.16648801 -0.41942400
2.62120008 -0.17410000 -0.41785300
2.61078811 -0.18164800 -0.41628301
2.62005401 -0.19056600 -0.41785300
2.59978199 -0.19684801 -0.41471201
2.59914994 -0.20501401 -0.41471201
2.59849405 -0.21317799 -0.41471201
2.59781098 -0.22134100 -0.41471201
2.61677790 -0.23124000 -0.41785300
2.62587309 -0.24036001 -0.41942400
2.60544109 -0.24674600 -0.41628301
2.60465288 -0.25492999 -0.41628301
2.59401393 -0.26211801 -0.41471201
2.59317803 -0.27026600 -0.41471201
2.58249593 -0.27735701 -0.41314101
2.55216408 -0.28221199 -0.40842801
2.55126500 -0.29022899 -0.40842801
2.51110506 -0.29365399 -0.40214500
2.52977991 -0.30389699 -0.40528601
2.50921011 -0.30942601 -0.40214500
2.51802301 -0.31854701 -0.40371600
2.52680397 -0.32772601 -0.40528601
2.50618196 -0.33306101 -0.40214500
2.50512409 -0.34093201 -0.40214500
2.51382208 -0.35016301 -0.40371600
2.49315500 -0.35527200 -0.40057400
2.49208999 -0.36266801 -0.40057400
2.48110509 -0.36947599 -0.39900300
2.47993302 -0.37726799 -0.39900300
2.46897602 -0.38354200 -0.39743200
2.44831896 -0.38777599 -0.39429000
2.44708800 -0.39546499 -0.39429000
2.44583392 -0.40315101 -0.39429000
2.44455600 -0.41083300 -0.39429000
2.44325304 -0.41851100 -0.39429000
2.44192600 -0.42618400 -0.39429000
2.43085098 -0.43212500 -0.39271900
2.42948198 -0.43976000 -0.39271900
2.43772197 -0.44960499 -0.39429000
2.40717912 -0.45179600 -0.38957801
2.40582800 -0.45893601 -0.38957801
2.40437388 -0.46649200 -0.38957801
2.39320803 -0.47213200 -0.38800699
2.37234592 -0.47576401 -0.38486499
2.36116290 -0.48124200 -0.38329399
2.35963988 -0.48865801 -0.38329399
2.38708591 -0.50216800 -0.38800699
2.87027597 0.21430500 -0.35438600
2.88083506 0.20599601 -0.35560799
2.87156606 0.19626699 -0.35438600
2.86226392 0.18660000 -0.35316399
2.88319612 0.16977900 -0.35560799
2.86389494 0.15961599 -0.35316399
2.86438298 0.15061700 -0.35316399
2.85492897 0.14112800 -0.35194200
2.85535789 0.13215800 -0.35194200
2.84582210 0.12325600 -0.35071999
2.81644392 0.11312100 -0.34705299
2.80686688 0.10390400 -0.34583101
2.81709909 0.09542200 -0.34705299
2.80746508 0.08626600 -0.34583101
2.78787899 0.07689900 -0.34338701
2.79802895 0.06838300 -0.34460899
2.78830695 0.05938000 -0.34338701
2.77855706 0.05044100 -0.34216499
2.75885391 0.04141300 -0.33972099
2.74904609 0.03262800 -0.33849901
2.73920989 0.02390500 -0.33727700
2.76904702 0.01546500 -0.34094301
2.75915599 0.00674100 -0.33972099
2.75916409 -0.00192600 -0.33972099
2.75914407 -0.01059400 -0.33972099
2.74917603 -0.01871300 -0.33849901
2.75902295 -0.02793000 -0.33972099
2.74899793 -0.03646600 -0.33849901
2.73894596 -0.04493900 -0.33727700
2.65940595 -0.05199200 -0.32750100
2.69892001 -0.06124700 -0.33238900
2.68880391 -0.06900000 -0.33116701
2.68857408 -0.07744700 -0.33116701
2.67839694 -0.08557600 -0.32994500
2.66819596 -0.09364200 -0.32872301
2.65797091 -0.10164400 -0.32750100
2.65763903 -0.10999400 -0.32750100
2.64736509 -0.11790100 -0.32627901
2.64698100 -0.12621801 -0.32627901
2.61683512 -0.13302100 -0.32261300
2.62631512 -0.14177600 -0.32383499
2.63576508 -0.15059300 -0.32505700
2.64518595 -0.15947001 -0.32627901
2.65457702 -0.16840699 -0.32750100
2.62432599 -0.17476800 -0.32383499
2.61386299 -0.18232100 -0.32261300
2.61327696 -0.19053100 -0.32261300
2.61269999 -0.19828400 -0.32261300
2.60216999 -0.20570900 -0.32139099
2.53226995 -0.20818999 -0.31283700
2.57115889 -0.21952200 -0.31772500
2.55068398 -0.22584800 -0.31528100
2.55984592 -0.23476601 -0.31650299
2.54921508 -0.24187000 -0.31528100
2.53856492 -0.24890800 -0.31405899
2.53777003 -0.25688201 -0.31405899
2.53695107 -0.26485401 -0.31405899
2.53610611 -0.27282199 -0.31405899
2.53523707 -0.28078899 -0.31405899
2.51461911 -0.28650501 -0.31161499
2.50384903 -0.29324901 -0.31039301
2.50291610 -0.30111301 -0.31039301
2.50195694 -0.30897501 -0.31039301
2.53051305 -0.32057601 -0.31405899
2.51965094 -0.32724601 -0.31283700
2.50877309 -0.33385000 -0.31161499
2.50771093 -0.34173000 -0.31161499
2.49679494 -0.34823599 -0.31039301
2.48586392 -0.35467601 -0.30917099
2.49462199 -0.36348099 -0.31039301
2.47376990 -0.36882499 -0.30794901
2.47259903 -0.37659401 -0.30794901
2.42236805 -0.37673399 -0.30183899
2.44084406 -0.38702801 -0.30428299
2.42981911 -0.39311001 -0.30306101
2.42857194 -0.40074101 -0.30306101
2.41751289 -0.40672201 -0.30183899
2.41622400 -0.41431499 -0.30183899
2.41491008 -0.42190400 -0.30183899
2.40380096 -0.42774901 -0.30061701
2.40244603 -0.43529901 -0.30061701
2.39122891 -0.44146201 -0.29939499
2.38007593 -0.44713899 -0.29817301
2.37873793 -0.45419899 -0.29817301
2.36755705 -0.45977801 -0.29695100
2.36610103 -0.46721300 -0.29695100
2.35489011 -0.47269100 -0.29572901
2.32421899 -0.47413501 -0.29206300
2.32271791 -0.48143500 -0.29206300
2.35033107 -0.49486399 -0.29572901
2.93041301 0.21828000 -0.25987399
2.84166098 0.20269699 -0.25194600
2.91184998 0.19851001 -0.25811201
2.90251899 0.18871599 -0.25723100
2.88321400 0.17836501 -0.25546899
2.88375998 0.16930699 -0.25546899
2.86438608 0.15914200 -0.25370699
2.86487198 0.15014200 -0.25370699
2.85538006 0.14065100 -0.25282601
2.84585690 0.13122000 -0.25194600
2.83628201 0.12234700 -0.25106499
2.83665299 0.11343700 -0.25106499
2.83759594 0.08669600 -0.25106499
2.83785391 0.07778200 -0.25106499
2.84804296 0.06910800 -0.25194600
2.82832789 0.05973900 -0.25018400
2.80858302 0.05049400 -0.24842200
2.78880692 0.04137600 -0.24665999
2.81880498 0.03296400 -0.24930300
2.72924805 0.02334200 -0.24137400
2.75919104 0.01492900 -0.24401700
2.75922394 0.00626000 -0.24401700
2.75922990 -0.00240800 -0.24401700
2.75920892 -0.01107600 -0.24401700
2.73923898 -0.01960200 -0.24225500
2.71924210 -0.02800200 -0.24049300
2.70918107 -0.03641100 -0.23961300
2.70905304 -0.04492200 -0.23961300
2.69893909 -0.05323600 -0.23873200
2.71824503 -0.07877600 -0.24049300
2.69807196 -0.08667600 -0.23873200
2.69778705 -0.09515200 -0.23873200
2.68752098 -0.10324400 -0.23785099
2.67723107 -0.11127300 -0.23697001
2.67686796 -0.11968300 -0.23697001
2.68642807 -0.12856799 -0.23785099
2.59647703 -0.13244100 -0.22992200
2.63583493 -0.14275201 -0.23344600
2.64531803 -0.15160200 -0.23432700
2.63488603 -0.15931000 -0.23344600
2.63437200 -0.16758700 -0.23344600
2.61395502 -0.17453501 -0.23168400
2.60345697 -0.18205100 -0.23080300
2.60287189 -0.19023000 -0.23080300
2.59236407 -0.19719601 -0.22992200
2.58180094 -0.20455199 -0.22904100
2.58114600 -0.21266200 -0.22904100
2.58968091 -0.22975600 -0.22992200
2.59886599 -0.23880200 -0.23080300
2.59810305 -0.24696600 -0.23080300
2.58739996 -0.25415301 -0.22992200
2.57667899 -0.26127499 -0.22904100
2.56593800 -0.26833299 -0.22815999
2.55517912 -0.27532500 -0.22728001
2.55430198 -0.28335100 -0.22728001
2.54350209 -0.29024500 -0.22639900
2.49311090 -0.29243201 -0.22199400
2.51195908 -0.30264601 -0.22375600
2.52088189 -0.31175900 -0.22463700
2.51989007 -0.31967700 -0.22463700
2.50899506 -0.32630700 -0.22375600
2.49808407 -0.33287200 -0.22287500
2.48715591 -0.33937100 -0.22199400
2.47621202 -0.34580600 -0.22111300
2.47511411 -0.35358301 -0.22111300
2.47399092 -0.36135700 -0.22111300
2.46299100 -0.36765701 -0.22023199
2.46182394 -0.37539300 -0.22023199
2.46063304 -0.38312501 -0.22023199
2.47791195 -0.40133399 -0.22199400
2.46681094 -0.40749300 -0.22111300
2.45569611 -0.41358700 -0.22023199
2.45438504 -0.42129901 -0.22023199
2.43342495 -0.42557600 -0.21847001
2.44188190 -0.43496600 -0.21935099
2.42090201 -0.43907899 -0.21758901
2.42922711 -0.44891500 -0.21847001
2.40822601 -0.45286301 -0.21670800
2.40687203 -0.46000600 -0.21670800
2.37608004 -0.46186301 -0.21406600
2.37461805 -0.46932599 -0.21406600
2.37313199 -0.47678301 -0.21406600
2.33258295 -0.47626501 -0.21054199
2.35058188 -0.48763800 -0.21230400
2.36853194 -0.49912801 -0.21406600
2.90796590 0.21609800 -0.15309100
2.89866900 0.20625500 -0.15256600
2.88933897 0.19646899 -0.15204200
2.88994193 0.18739100 -0.15204200
2.90048409 0.17892499 -0.15256600
2.91100097 0.17039700 -0.15309100
2.91152191 0.16125099 -0.15309100
2.91201401 0.15210301 -0.15309100
2.89252901 0.14197400 -0.15204200
2.90293694 0.13334399 -0.15256600
2.90332007 0.12473100 -0.15256600
2.89371896 0.11521300 -0.15204200
2.79427099 0.10246100 -0.14679900
2.81454110 0.09435100 -0.14784800
2.81482291 0.08550900 -0.14784800
2.79511309 0.07612200 -0.14679900
2.79533792 0.06734100 -0.14679900
2.78555202 0.05834900 -0.14627500
2.77573705 0.04941900 -0.14575100
2.77587795 0.04069900 -0.14575100
2.76600695 0.03186400 -0.14522600
2.75610709 0.02309100 -0.14470200
2.76615191 0.01448400 -0.14522600
2.79614305 0.00585500 -0.14679900
2.79614806 -0.00292800 -0.14679900
2.79612398 -0.01171200 -0.14679900
2.79607391 -0.02049700 -0.14679900
2.77602410 -0.02907200 -0.14575100
2.78590488 -0.03792800 -0.14627500
2.76580191 -0.04634600 -0.14522600
2.72570610 -0.05424000 -0.14312901
2.69557095 -0.06211200 -0.14155699
2.69537497 -0.07011000 -0.14155699
2.67517710 -0.07799500 -0.14050800
2.67491889 -0.08639900 -0.14050800
2.66465402 -0.09444900 -0.13998400
2.65436602 -0.10243400 -0.13945900
2.65403104 -0.11077300 -0.13945900
2.65367007 -0.11911000 -0.13945900
2.64330792 -0.12696700 -0.13893500
2.63292289 -0.13476001 -0.13841100
2.64245796 -0.14357300 -0.13893500
2.66193295 -0.15301999 -0.13998400
2.68137598 -0.16259100 -0.14103200
2.66091895 -0.16974200 -0.13998400
2.67033696 -0.17876799 -0.14050800
2.65980005 -0.18645801 -0.13998400
2.65920091 -0.19481300 -0.13998400
2.64865398 -0.20194300 -0.13945900
2.63805199 -0.20947200 -0.13893500
2.62742805 -0.21693701 -0.13841100
2.57698488 -0.22092600 -0.13578901
2.56633091 -0.22813600 -0.13526499
2.54571390 -0.23436600 -0.13421699
2.55490589 -0.24330901 -0.13474099
2.54419088 -0.25035700 -0.13421699
2.54339194 -0.25834799 -0.13421699
2.54256797 -0.26633701 -0.13421699
2.54171801 -0.27432400 -0.13421699
2.53091908 -0.28120500 -0.13369200
2.52010107 -0.28802001 -0.13316800
2.51918411 -0.29593599 -0.13316800
2.49841309 -0.30145600 -0.13211900
2.52718496 -0.31298599 -0.13369200
2.55590892 -0.32469901 -0.13526499
2.55487704 -0.33272699 -0.13526499
2.54392004 -0.33943099 -0.13474099
2.54284096 -0.34742200 -0.13474099
2.53184700 -0.35402599 -0.13421699
2.53072309 -0.36197799 -0.13421699
2.52957296 -0.36992699 -0.13421699
2.50864506 -0.37492001 -0.13316800
2.50745511 -0.38279900 -0.13316800
2.44703794 -0.38144600 -0.13002200
2.44589496 -0.38870499 -0.13002200
2.44466209 -0.39638701 -0.13002200
2.43355203 -0.40243599 -0.12949800
2.43227601 -0.41007900 -0.12949800
2.44081807 -0.41940901 -0.13002200
2.41981506 -0.42363101 -0.12897401
2.40864110 -0.42947799 -0.12844899
2.41710496 -0.43882701 -0.12897401
2.41563702 -0.44683999 -0.12897401
2.39459300 -0.45073199 -0.12792499
2.39324498 -0.45783499 -0.12792499
2.39179492 -0.46535099 -0.12792499
2.38052511 -0.47092500 -0.12740099
2.36924291 -0.47643200 -0.12687699
2.32859898 -0.47587499 -0.12477900
2.32709193 -0.48318899 -0.12477900
2.35487700 -0.49667999 -0.12635200
2.85302305 0.19349900 -0.04915000
2.89352798 0.18711500 -0.04983800
2.89410090 0.17802501 -0.04983800
2.88466501 0.16835000 -0.04966600
2.87522411 0.15823400 -0.04949400
2.87570691 0.14920001 -0.04949400
2.86617494 0.13967700 -0.04932200
2.85661101 0.13021700 -0.04915000
2.86697412 0.12216700 -0.04932200
2.84736300 0.11237200 -0.04897800
2.84770203 0.10342500 -0.04897800
2.85828900 0.08583000 -0.04915000
2.86854005 0.07712000 -0.04932200
2.86876798 0.06810800 -0.04932200
2.85897112 0.05888900 -0.04915000
2.86913896 0.05008000 -0.04932200
2.84928703 0.04078100 -0.04897800
2.85939908 0.03194100 -0.04915000
2.78949809 0.02239700 -0.04794700
2.75955892 0.01348600 -0.04743200
2.75958800 0.00481600 -0.04743200
2.75958991 -0.00337100 -0.04743200
2.75956607 -0.01204100 -0.04743200
2.74951601 -0.02063500 -0.04726000
2.73943996 -0.02916700 -0.04708800
2.72933102 -0.03811100 -0.04691600
2.72919798 -0.04668500 -0.04691600
2.71905088 -0.05458200 -0.04674400
2.71886611 -0.06312400 -0.04674400
2.71842909 -0.07973100 -0.04674400
2.73813605 -0.08939800 -0.04708800
2.74783397 -0.09835700 -0.04726000
2.73752093 -0.10660000 -0.04708800
2.74716210 -0.11562100 -0.04726000
2.73679709 -0.12379900 -0.04708800
2.71642089 -0.13142900 -0.04674400
2.71599388 -0.13996300 -0.04674400
2.60572100 -0.14248900 -0.04485400
2.64518809 -0.15298399 -0.04554100
2.64469504 -0.16129300 -0.04554100
2.63419700 -0.16896100 -0.04536900
2.63365293 -0.17723601 -0.04536900
2.61316800 -0.18364701 -0.04502600
2.61257792 -0.19185600 -0.04502600
2.60199308 -0.19929899 -0.04485400
2.60135388 -0.20747200 -0.04485400
2.58076096 -0.21399100 -0.04451000
2.58007598 -0.22209799 -0.04451000
2.58932400 -0.23109099 -0.04468200
2.60849810 -0.24106500 -0.04502600
2.61768103 -0.25020999 -0.04519800
2.61688209 -0.25843200 -0.04519800
2.61605692 -0.26665199 -0.04519800
2.60526299 -0.27382401 -0.04502600
2.61433005 -0.28308401 -0.04519800
2.60349107 -0.29018801 -0.04502600
2.58269906 -0.29608801 -0.04468200
2.59168601 -0.30537000 -0.04485400
2.47160101 -0.29909700 -0.04279200
2.52026010 -0.31302199 -0.04365100
2.52918291 -0.32220101 -0.04382300
2.50832891 -0.32755601 -0.04347900
2.50728798 -0.33543399 -0.04347900
2.49631596 -0.34195301 -0.04330700
2.49529004 -0.34935799 -0.04330700
2.48428297 -0.35577801 -0.04313500
2.49304605 -0.36502901 -0.04330700
2.48199797 -0.37138000 -0.04313500
2.46105194 -0.37615401 -0.04279200
2.45985794 -0.38388401 -0.04279200
2.46851397 -0.39318299 -0.04296400
2.48700500 -0.40414301 -0.04330700
2.48572302 -0.41195399 -0.04330700
2.50413394 -0.42309299 -0.04365100
2.49293900 -0.42926100 -0.04347900
2.49157810 -0.43709099 -0.04347900
2.48035002 -0.44315800 -0.04330700
2.47894502 -0.45094800 -0.04330700
2.46768498 -0.45691299 -0.04313500
2.44658589 -0.46096101 -0.04279200
2.43530607 -0.46676201 -0.04262000
2.37494493 -0.46293300 -0.04158900
2.38328600 -0.47233599 -0.04176100
2.39159298 -0.48179501 -0.04193200
2.36068106 -0.48328999 -0.04141700
2.33957291 -0.48663199 -0.04107300
2.36737990 -0.50018001 -0.04158900
2.37557292 -0.50971198 -0.04176100
2.88186097 0.11171700 0.45694000
2.86245704 0.10196000 0.45381001
2.86276293 0.09296600 0.45381001
2.86304092 0.08397300 0.45381001
2.85341692 0.07472000 0.45224500
2.84376407 0.06552700 0.45067999
2.84395599 0.05659300 0.45067999
2.83424401 0.04749200 0.44911501
2.83437896 0.03858800 0.44911501
2.82460999 0.02958100 0.44755000
2.80493593 0.02056100 0.44442099
2.79510999 0.01170800 0.44285601
2.79513311 0.00292600 0.44285601
2.77537489 -0.00581300 0.43972600
2.78522205 -0.01409700 0.44129100
2.78516412 -0.02284700 0.44129100
2.77519703 -0.03196900 0.43972600
2.77508307 -0.04068800 0.43972600
2.76506591 -0.04923000 0.43816099
2.76489806 -0.05791600 0.43816099
2.75483990 -0.06588400 0.43659601
2.75461888 -0.07453800 0.43659601
2.74451399 -0.08241400 0.43503201
2.73435402 -0.09118600 0.43346700
2.73405409 -0.09977500 0.43346700
2.73372698 -0.10836400 0.43346700
2.72350502 -0.11653000 0.43190199
2.72312593 -0.12508500 0.43190199
2.71285510 -0.13315500 0.43033701
2.70255899 -0.14116199 0.42877200
2.70210290 -0.14965200 0.42877200
2.69175911 -0.15756300 0.42720699
2.69125104 -0.16601799 0.42720699
2.68086004 -0.17383300 0.42564201
2.67044711 -0.18158500 0.42407799
2.66001105 -0.18927200 0.42251301
2.64958811 -0.19643299 0.42094800
2.65880489 -0.20551801 0.42251301
2.64830208 -0.21307699 0.42094800
2.63777590 -0.22057299 0.41938299
2.63706994 -0.22885901 0.41938299
2.62650108 -0.23625700 0.41781801
2.62574601 -0.24450800 0.41781801
2.61513400 -0.25180900 0.41625300
2.61433005 -0.26002300 0.41625300
2.60367489 -0.26722699 0.41468799
2.59299994 -0.27436599 0.41312400
2.60194397 -0.28358099 0.41468799
2.59122491 -0.29065299 0.41312400
2.59030008 -0.29879200 0.41312400
2.56973195 -0.30460301 0.40999401
2.56876206 -0.31267399 0.40999401
2.55796695 -0.31951800 0.40842900
2.56674695 -0.32880801 0.40999401
2.55590796 -0.33558401 0.40842900
2.55484200 -0.34361199 0.40842900
2.53418112 -0.34894201 0.40529901
2.53307199 -0.35690200 0.40529901
2.53200197 -0.36441600 0.40529901
2.53084397 -0.37236899 0.40529901
2.51982903 -0.37928900 0.40373400
2.51862502 -0.38720301 0.40373400
2.51746511 -0.39467499 0.40373400
2.50645995 -0.40102100 0.40216899
2.50518799 -0.40889299 0.40216899
2.49414802 -0.41514000 0.40060499
2.49283099 -0.42297399 0.40060499
2.48175812 -0.42912000 0.39904001
2.47067094 -0.43520099 0.39747500
2.47901297 -0.44470501 0.39904001
2.47760296 -0.45249099 0.39904001
2.46637893 -0.45889801 0.39747500
2.45530200 -0.46437800 0.39590999
2.45383096 -0.47208899 0.39590999
2.44264293 -0.47789899 0.39434499
2.44112897 -0.48557100 0.39434499
2.42991090 -0.49127999 0.39278001
2.40900612 -0.49493599 0.38965100
2.37843394 -0.49644801 0.38495600
2.37686300 -0.50391698 0.38495600
2.38492298 -0.51346099 0.38652101
2.92043304 0.21343701 0.35779199
2.97059894 0.20772600 0.36385700
2.96133304 0.19773000 0.36264399
2.96190691 0.18894200 0.36264399
2.96248603 0.17963600 0.36264399
2.96306491 0.16981199 0.36264399
2.93384910 0.15889101 0.35900500
2.93433404 0.14967400 0.35900500
2.92487502 0.13998000 0.35779199
2.92529988 0.13079099 0.35779199
2.90583992 0.12128300 0.35536700
2.89628696 0.11177000 0.35415399
2.89662409 0.10267100 0.35415399
2.88701200 0.09324900 0.35294101
2.87736797 0.08389000 0.35172799
2.86769509 0.07459300 0.35051501
2.86791492 0.06558300 0.35051501
2.85818291 0.05637700 0.34930199
2.84842110 0.04723200 0.34808901
2.83862996 0.03815100 0.34687701
2.82880998 0.02913100 0.34566399
2.82888794 0.02024300 0.34566399
2.81901097 0.01131600 0.34445101
2.81903291 0.00245900 0.34445101
2.80910110 -0.00637400 0.34323800
2.79914308 -0.01465600 0.34202501
2.78915811 -0.02336700 0.34081200
2.78906488 -0.03261600 0.34081200
2.77902389 -0.04123100 0.33959901
2.76895595 -0.04978300 0.33838701
2.75886202 -0.05827200 0.33717400
2.74875307 -0.06621800 0.33596101
2.74853206 -0.07485300 0.33596101
2.73837590 -0.08270800 0.33474800
2.73808694 -0.09178900 0.33474800
2.72786498 -0.10002600 0.33353499
2.72753811 -0.10859600 0.33353499
2.71726608 -0.11673800 0.33232200
2.71688604 -0.12527400 0.33232200
2.70656490 -0.13332000 0.33111000
2.70613194 -0.14182200 0.33111000
2.69576311 -0.14977300 0.32989699
2.69527888 -0.15824100 0.32989699
2.69476795 -0.16670799 0.32989699
2.68432593 -0.17452900 0.32868400
2.66395807 -0.18161000 0.32625800
2.67327499 -0.19068500 0.32747099
2.66279888 -0.19788000 0.32625800
2.65226793 -0.20547800 0.32504499
2.65160894 -0.21380900 0.32504499
2.64103293 -0.22131000 0.32383201
2.62054706 -0.22788601 0.32140699
2.61981797 -0.23611701 0.32140699
2.61906290 -0.24434599 0.32140699
2.60840201 -0.25161999 0.32019401
2.60759902 -0.25981301 0.32019401
2.60677004 -0.26800400 0.32019401
2.59604406 -0.27514601 0.31898099
2.59516692 -0.28330001 0.31898099
2.58439994 -0.29034400 0.31776801
2.58347511 -0.29846099 0.31776801
2.57266808 -0.30540600 0.31655499
2.57169604 -0.31348699 0.31655499
2.56084895 -0.32033199 0.31534201
2.55982995 -0.32837600 0.31534201
2.55878496 -0.33641601 0.31534201
2.54787898 -0.34312800 0.31413001
2.54678798 -0.35113099 0.31413001
2.53584409 -0.35774401 0.31291699
2.52494597 -0.36385000 0.31170401
2.53361106 -0.37322700 0.31291699
2.52254391 -0.38014799 0.31170401
2.52133703 -0.38807100 0.31170401
2.51036906 -0.39401099 0.31049100
2.49931693 -0.40032601 0.30927801
2.50784302 -0.40977600 0.31049100
2.49675298 -0.41602099 0.30927801
2.49543309 -0.42386299 0.30927801
2.49408889 -0.43170100 0.30927801
2.48294497 -0.43781000 0.30806500
2.48155808 -0.44560799 0.30806500
2.47038102 -0.45161700 0.30685201
2.46886992 -0.45980701 0.30685201
2.46749496 -0.46713001 0.30685201
2.46601510 -0.47488001 0.30685201
2.45477009 -0.48071700 0.30564001
2.44351196 -0.48648801 0.30442700
2.44197202 -0.49416199 0.30442700
2.41123891 -0.49583399 0.30078799
2.39023709 -0.49934700 0.29836199
2.38865709 -0.50685298 0.29836199
2.40645909 -0.51853698 0.30078799
2.98149896 0.20796400 0.25964701
2.86285210 0.19065300 0.24926101
2.97277093 0.18911400 0.25878099
2.96340609 0.17917299 0.25791600
2.95403790 0.16877800 0.25705001
2.95455408 0.15949500 0.25705001
2.93514109 0.14920200 0.25531900
2.93559504 0.13997900 0.25531900
2.92606711 0.13031299 0.25445399
2.91648698 0.12121800 0.25358799
2.90689898 0.11167100 0.25272301
2.90723491 0.10253900 0.25272301
2.88762808 0.09276500 0.25099200
2.88790488 0.08369300 0.25099200
2.88815403 0.07462100 0.25099200
2.85849500 0.06486800 0.24839500
2.85868406 0.05588800 0.24839500
2.84888506 0.04674300 0.24753000
2.83905602 0.03766100 0.24666400
2.83915997 0.02874200 0.24666400
2.83923602 0.01982200 0.24666400
2.82932210 0.01086400 0.24579901
2.80941701 0.00196100 0.24406800
2.80941010 -0.00686500 0.24406800
2.79941511 -0.01514600 0.24320200
2.78939104 -0.02385600 0.24233700
2.78929710 -0.03310600 0.24233700
2.78917909 -0.04186800 0.24233700
2.77907300 -0.05045000 0.24147099
2.76893997 -0.05896800 0.24060600
2.76875305 -0.06718300 0.24060600
2.75856996 -0.07560800 0.23974100
2.74837494 -0.08349000 0.23887500
2.74808407 -0.09260400 0.23887500
2.71791196 -0.10013600 0.23627900
2.72753811 -0.10907200 0.23714399
2.73713589 -0.11807000 0.23801000
2.70689607 -0.12528700 0.23541300
2.69653797 -0.13329799 0.23454800
2.69610596 -0.14176901 0.23454800
2.68570089 -0.14968400 0.23368201
2.66532612 -0.15694900 0.23195100
2.69464993 -0.16717200 0.23454800
2.68417096 -0.17498900 0.23368201
2.67366791 -0.18274100 0.23281699
2.67308092 -0.19114000 0.23281699
2.66256690 -0.19833000 0.23195100
2.65199804 -0.20592301 0.23108600
2.65133810 -0.21425299 0.23108600
2.64072394 -0.22174799 0.23022000
2.64001489 -0.23004299 0.23022000
2.62935710 -0.23744000 0.22935501
2.62700200 -0.26221001 0.22935501
2.58652496 -0.26637900 0.22589301
2.59558296 -0.27555501 0.22675800
2.58480096 -0.28262499 0.22589301
2.59380007 -0.29185799 0.22675800
2.58297396 -0.29886001 0.22589301
2.57212901 -0.30579701 0.22502699
2.56126690 -0.31266901 0.22416200
2.49107599 -0.31204599 0.21810301
2.56913304 -0.33002499 0.22502699
2.57796097 -0.33939499 0.22589301
2.56700897 -0.34616101 0.22502699
2.55604005 -0.35286099 0.22416200
2.54505396 -0.35949600 0.22329600
2.54397607 -0.36704600 0.22329600
2.53295493 -0.37358299 0.22243100
2.52185106 -0.38049400 0.22156499
2.52064300 -0.38841501 0.22156499
2.50963807 -0.39434499 0.22070000
2.50838709 -0.40222800 0.22070000
2.49466300 -0.42418000 0.21983400
2.46387005 -0.42691299 0.21723799
2.47232699 -0.43638301 0.21810301
2.46113801 -0.44238499 0.21723799
2.46953607 -0.45190799 0.21810301
2.44843698 -0.45644400 0.21637200
2.44707203 -0.46370599 0.21637200
2.44560289 -0.47139201 0.21637200
2.44410992 -0.47907200 0.21637200
2.39374089 -0.47701299 0.21204500
2.45081592 -0.49639699 0.21723799
2.43948603 -0.50208598 0.21637200
2.40864205 -0.50362998 0.21377601
2.38755798 -0.50705600 0.21204500
2.39569211 -0.51665401 0.21291000
2.41352105 -0.52843899 0.21464100
2.94823694 0.21443599 0.15334600
2.94889593 0.20517200 0.15334600
2.94952607 0.19590800 0.15334600
2.93016100 0.18589000 0.15231000
2.93076205 0.17617300 0.15231000
2.93130112 0.16696499 0.15231000
2.92183900 0.15721799 0.15179200
2.90236998 0.14702800 0.15075600
2.90281796 0.13790800 0.15075600
2.89326000 0.12834600 0.15023801
2.89362788 0.11976200 0.15023801
2.88401103 0.11028800 0.14972000
2.87436295 0.10087800 0.14920200
2.86468410 0.09152700 0.14868300
2.84499311 0.08195300 0.14764699
2.86520290 0.07352700 0.14868300
2.85543609 0.06430000 0.14816500
2.85562301 0.05533000 0.14816500
2.84579802 0.04619500 0.14764699
2.82595801 0.03699400 0.14661101
2.84603190 0.02831500 0.14764699
2.77620292 0.01889700 0.14402100
2.80620790 0.01028600 0.14557500
2.79624009 0.00146400 0.14505699
2.78624392 -0.00729400 0.14453900
2.78621006 -0.01556100 0.14453900
2.77615690 -0.02471200 0.14402100
2.77606606 -0.03343300 0.14402100
2.76596093 -0.04200300 0.14350300
2.75583100 -0.05050900 0.14298500
2.75565910 -0.05916600 0.14298500
2.75547099 -0.06734200 0.14298500
2.73504400 -0.08356300 0.14194900
2.74473310 -0.09297100 0.14246701
2.73444796 -0.10122300 0.14194900
2.72413802 -0.10941300 0.14143100
2.71380305 -0.11753800 0.14091299
2.70344496 -0.12560000 0.14039500
2.71301103 -0.13458700 0.14091299
2.68265700 -0.14153101 0.13935800
2.64231491 -0.14772800 0.13728601
2.67174506 -0.15779500 0.13884000
2.66126895 -0.16556799 0.13832200
2.66073608 -0.17392699 0.13832200
2.65021300 -0.18160300 0.13780400
2.63966799 -0.18921401 0.13728601
2.63909602 -0.19704500 0.13728601
2.62850690 -0.20456000 0.13676800
2.62785101 -0.21281700 0.13676800
2.61721802 -0.22023401 0.13625000
2.61651397 -0.22845501 0.13625000
2.62572908 -0.23757400 0.13676800
2.59513998 -0.24302800 0.13521400
2.59436393 -0.25117999 0.13521400
2.61343598 -0.26131600 0.13625000
2.59273505 -0.26747599 0.13521400
2.58195090 -0.27456400 0.13469601
2.58107591 -0.28267401 0.13469601
2.58017492 -0.29078099 0.13469601
2.55940795 -0.29658601 0.13366000
2.55846405 -0.30462500 0.13366000
2.53766894 -0.31023800 0.13262400
2.56640792 -0.32193801 0.13417800
2.55547905 -0.32872501 0.13366000
2.53463197 -0.33414099 0.13262400
2.54346704 -0.34343800 0.13314199
2.52258992 -0.34869200 0.13210601
2.52148199 -0.35661501 0.13210601
2.52041292 -0.36409500 0.13210601
2.50931311 -0.37099099 0.13158700
2.50813508 -0.37887201 0.13158700
2.49706197 -0.38522699 0.13106900
2.49590802 -0.39263400 0.13106900
2.49466300 -0.40047300 0.13106900
2.49339199 -0.40830901 0.13106900
2.47239709 -0.41284999 0.13003300
2.47108793 -0.42061499 0.13003300
2.47959399 -0.43008301 0.13055100
2.47823000 -0.43787101 0.13055100
2.45718503 -0.44211701 0.12951501
2.44596100 -0.44803500 0.12899700
2.44446206 -0.45614401 0.12899700
2.44309711 -0.46339500 0.12899700
2.43182397 -0.46917599 0.12847900
2.43033791 -0.47681299 0.12847900
2.43862200 -0.48640001 0.12899700
2.42729402 -0.49207401 0.12847900
2.39639306 -0.49365199 0.12692501
2.36550498 -0.49504200 0.12537099
2.39324403 -0.50870001 0.12692501
2.42091894 -0.52253699 0.12847900
2.89261389 0.20074899 0.04983800
2.95308995 0.19562700 0.05086900
2.94367909 0.18623200 0.05069700
2.92431903 0.17527300 0.05035300
2.91487288 0.16551900 0.05018100
2.91537905 0.15636000 0.05018100
2.91585493 0.14720100 0.05018100
2.91630292 0.13803899 0.05018100
2.90673399 0.12843600 0.05001000
2.90710211 0.11981100 0.05001000
2.89747310 0.11029700 0.04983800
2.81786609 0.09840200 0.04846300
2.87812209 0.09145400 0.04949400
2.87839508 0.08241200 0.04949400
2.86864400 0.07311500 0.04932200
2.85886407 0.06387800 0.04915000
2.84905410 0.05470500 0.04897800
2.83921504 0.04559300 0.04880700
2.82934594 0.03654400 0.04863500
2.82944703 0.02765600 0.04863500
2.80952311 0.01863300 0.04829100
2.81956601 0.00984200 0.04846300
2.78958797 0.00097300 0.04794700
2.78957701 -0.00779000 0.04794700
2.78954196 -0.01606700 0.04794700
2.78947306 -0.02531700 0.04794700
2.77938199 -0.03395800 0.04777500
2.77926207 -0.04269000 0.04777500
2.76911712 -0.05123600 0.04760400
2.75894594 -0.05971900 0.04743200
2.73876595 -0.06741200 0.04708800
2.75852990 -0.07657100 0.04743200
2.74829698 -0.08444800 0.04726000
2.74800205 -0.09356100 0.04726000
2.73770308 -0.10182200 0.04708800
2.71738791 -0.10961700 0.04674400
2.71703100 -0.11815300 0.04674400
2.71664596 -0.12668800 0.04674400
2.71623397 -0.13522200 0.04674400
2.70581198 -0.14322600 0.04657200
2.68538308 -0.15060601 0.04622900
2.68489599 -0.15904200 0.04622900
2.67440391 -0.16685300 0.04605700
2.67386699 -0.17525400 0.04605700
2.67330289 -0.18365400 0.04605700
2.66273999 -0.19133499 0.04588500
2.65218997 -0.19848800 0.04571300
2.65155292 -0.20681900 0.04571300
2.65089107 -0.21514800 0.04571300
2.65020204 -0.22347499 0.04571300
2.58972406 -0.22657099 0.04468200
2.62882996 -0.23831700 0.04536900
2.62806797 -0.24657500 0.04536900
2.61732888 -0.25386399 0.04519800
2.60657001 -0.26108900 0.04502600
2.60573602 -0.26927701 0.04502600
2.59493494 -0.27640200 0.04485400
2.59405398 -0.28455299 0.04485400
2.58321190 -0.29157999 0.04468200
2.58228302 -0.29969400 0.04468200
2.57140088 -0.30662099 0.04451000
2.56049991 -0.31348300 0.04433800
2.56942296 -0.32277101 0.04451000
2.54856396 -0.32828701 0.04416700
2.55743194 -0.33760101 0.04433800
2.56626701 -0.34697300 0.04451000
2.55526090 -0.35366300 0.04433800
2.56403708 -0.36309001 0.04451000
2.55305195 -0.36926499 0.04433800
2.54192305 -0.37626499 0.04416700
2.54072905 -0.38424900 0.04416700
2.51974607 -0.38917699 0.04382300
2.44944310 -0.38576299 0.04262000
2.50745010 -0.40297499 0.04365100
2.50617194 -0.41084999 0.04365100
2.49500704 -0.41707301 0.04347900
2.49368405 -0.42491001 0.04347900
2.48248601 -0.43103099 0.04330700
2.48112011 -0.43882799 0.04330700
2.46988797 -0.44484800 0.04313500
2.46847892 -0.45260501 0.04313500
2.45713592 -0.45895299 0.04296400
2.45576310 -0.46624100 0.04296400
2.44446898 -0.47205800 0.04279200
2.45278502 -0.48166201 0.04296400
2.44145489 -0.48740801 0.04279200
2.43011308 -0.49308699 0.04262000
2.40896702 -0.49668100 0.04227600
2.39760804 -0.50219703 0.04210400
2.39601898 -0.50972700 0.04210400
2.40417910 -0.51936299 0.04227600
