2.26747203 0.43500501 -0.61760998
2.24034810 0.42250800 -0.60985798
2.26066208 0.41898799 -0.61502600
2.23352599 0.40630299 -0.60727400
2.23479104 0.39928499 -0.60727400
2.23603392 0.39226201 -0.60727400
2.23725605 0.38523501 -0.60727400
2.23845506 0.37820399 -0.60727400
2.27775311 0.37748799 -0.61760998
2.27892804 0.37033099 -0.61760998
2.28008008 0.36317000 -0.61760998
2.29075503 0.35749400 -0.62019497
2.29186606 0.35029501 -0.62019497
2.31206298 0.34595299 -0.62536299
2.29402208 0.33588901 -0.62019497
2.29506612 0.32868099 -0.62019497
2.28652000 0.32012901 -0.61760998
2.29708600 0.31425300 -0.62019497
2.29806209 0.30703500 -0.62019497
2.28943610 0.29856500 -0.61760998
2.26161289 0.28771299 -0.60985798
2.24333191 0.27822900 -0.60469002
2.23460507 0.27002099 -0.60210598
2.23544192 0.26299900 -0.60210598
2.23625708 0.25597599 -0.60210598
2.23705006 0.24894799 -0.60210598
2.23782110 0.24191999 -0.60210598
2.22900295 0.23349001 -0.59952098
2.22011495 0.22551100 -0.59693700
2.23038793 0.21987100 -0.59952098
2.22148800 0.21155700 -0.59693700
2.22214198 0.20457700 -0.59693700
2.22277403 0.19759500 -0.59693700
2.22338295 0.19061200 -0.59693700
2.23359895 0.18442000 -0.59952098
2.22453690 0.17663699 -0.59693700
2.25397801 0.17185099 -0.60469002
2.27377605 0.16617700 -0.60985798
2.27428699 0.15903500 -0.60985798
2.27477503 0.15188800 -0.60985798
2.25595999 0.14351401 -0.60469002
2.25639892 0.13642600 -0.60469002
2.27610612 0.13044301 -0.60985798
2.26685810 0.12276800 -0.60727400
2.24793696 0.11466200 -0.60210598
2.25793600 0.10806100 -0.60469002
2.26791501 0.10139900 -0.60727400
2.26822209 0.09427400 -0.60727400
2.25885391 0.08677600 -0.60469002
2.23980594 0.07899900 -0.59952098
2.23038793 0.07165100 -0.59693700
2.23061299 0.06425500 -0.59693700
2.23080397 0.05724700 -0.59693700
2.22130704 0.05040800 -0.59435302
2.23111200 0.04361900 -0.59693700
2.22158003 0.03645000 -0.59435302
2.22168303 0.02947100 -0.59435302
2.22176504 0.02249200 -0.59435302
2.22182703 0.01512300 -0.59435302
2.22186399 0.00814400 -0.59435302
2.22187805 0.00116300 -0.59435302
2.22187090 -0.00581700 -0.59435302
2.22184205 -0.01279700 -0.59435302
2.21213388 -0.01930500 -0.59176898
2.20239806 -0.02652400 -0.58918500
2.22161698 -0.03412400 -0.59435302
2.25047398 -0.04164000 -0.60210598
2.25999904 -0.04852400 -0.60469002
2.25983500 -0.05562400 -0.60469002
2.25964999 -0.06272300 -0.60469002
2.26909709 -0.07012000 -0.60727400
2.25921106 -0.07692000 -0.60469002
2.24930406 -0.08365800 -0.60210598
2.25868297 -0.09111300 -0.60469002
2.26803708 -0.09862800 -0.60727400
2.25804710 -0.10569700 -0.60469002
2.26735306 -0.11327200 -0.60727400
2.27665305 -0.12051000 -0.60985798
2.25697303 -0.12658000 -0.60469002
2.20834708 -0.13081300 -0.59176898
2.21754289 -0.13873900 -0.59435302
2.21709609 -0.14570500 -0.59435302
2.22626495 -0.15333299 -0.59693700
2.21613693 -0.15963200 -0.59435302
2.21562409 -0.16659400 -0.59435302
2.21509004 -0.17355300 -0.59435302
2.22416210 -0.18129601 -0.59693700
2.22358203 -0.18828300 -0.59693700
2.22297907 -0.19526701 -0.59693700
2.21273398 -0.20137499 -0.59435302
2.22170806 -0.20923100 -0.59693700
2.21142507 -0.21527401 -0.59435302
2.22035003 -0.22318600 -0.59693700
2.21002889 -0.22916400 -0.59435302
2.21890402 -0.23713200 -0.59693700
2.24695492 -0.24727200 -0.60469002
2.24616694 -0.25433001 -0.60469002
2.24535704 -0.26138499 -0.60469002
2.25411701 -0.26958501 -0.60727400
2.25321007 -0.27705899 -0.60727400
2.24274397 -0.28292701 -0.60469002
2.26100492 -0.29245001 -0.60985798
2.26007605 -0.29955101 -0.60985798
2.25912309 -0.30665001 -0.60985798
2.23901200 -0.31108701 -0.60469002
2.25715208 -0.32083800 -0.60985798
2.26569295 -0.32931700 -0.61244202
2.25509191 -0.33501399 -0.60985798
2.19672203 -0.33340001 -0.59435302
2.20520997 -0.34177899 -0.59693700
2.20412588 -0.34870499 -0.59693700
2.21255589 -0.35716701 -0.59952098
2.20189095 -0.36254701 -0.59693700
2.21026802 -0.37106201 -0.59952098
2.20902610 -0.37838900 -0.59952098
2.20782590 -0.38532701 -0.59952098
2.20660496 -0.39226201 -0.59952098
2.21486712 -0.40091199 -0.60210598
2.22309709 -0.40961900 -0.60469002
2.22180009 -0.41660100 -0.60469002
2.21099091 -0.42176899 -0.60210598
2.20965505 -0.42871299 -0.60210598
2.21777511 -0.43752199 -0.60469002
2.21638894 -0.44448799 -0.60469002
2.20551610 -0.44951901 -0.60210598
2.21355200 -0.45840499 -0.60469002
2.21210098 -0.46535599 -0.60469002
2.20118189 -0.47028500 -0.60210598
2.19969296 -0.47719800 -0.60210598
2.18874907 -0.48202899 -0.59952098
2.20781898 0.43755999 -0.51978600
2.17092800 0.42316601 -0.51078600
2.20095491 0.42184600 -0.51753598
2.19269395 0.41312501 -0.51528603
2.20356202 0.40800801 -0.51753598
2.19531608 0.39895600 -0.51528603
2.18696690 0.39034599 -0.51303601
2.18818212 0.38347399 -0.51303601
2.18937612 0.37659699 -0.51303601
2.19054890 0.36971700 -0.51303601
2.19169903 0.36283299 -0.51303601
2.19282794 0.35594699 -0.51303601
2.19393611 0.34905601 -0.51303601
2.18539405 0.34066099 -0.51078600
2.18645406 0.33379301 -0.51078600
2.18749189 0.32692301 -0.51078600
2.18850803 0.32004899 -0.51078600
2.17985702 0.31179199 -0.50853503
2.19047499 0.30629200 -0.51078600
2.18177295 0.29808900 -0.50853503
2.18269897 0.29123399 -0.50853503
2.19326496 0.28563401 -0.51078600
2.24336505 0.27783599 -0.52203602
2.22487998 0.26845101 -0.51753598
2.24506593 0.26373401 -0.52203602
2.21684194 0.25336099 -0.51528603
2.23699498 0.24854700 -0.51978600
2.21838999 0.23942700 -0.51528603
2.22886300 0.23308200 -0.51753598
2.22958398 0.22608000 -0.51753598
2.23994207 0.22041801 -0.51978600
2.22126102 0.21114400 -0.51528603
2.23161602 0.20505700 -0.51753598
2.22254300 0.19718300 -0.51528603
2.21344399 0.18937100 -0.51303601
2.14605308 0.17681500 -0.49728501
2.17573810 0.17238000 -0.50403500
2.18598390 0.16628399 -0.50628501
2.17677808 0.15870699 -0.50403500
2.19670510 0.15322299 -0.50853503
2.17773199 0.14502700 -0.50403500
2.17817712 0.13818400 -0.50403500
2.18832588 0.13192700 -0.50628501
2.17900205 0.12449600 -0.50403500
2.16965294 0.11712400 -0.50178498
2.16027904 0.10981300 -0.49953499
2.18007898 0.10395400 -0.50403500
2.18039393 0.09710500 -0.50403500
2.17095304 0.08985200 -0.50178498
2.17122507 0.08303000 -0.50178498
2.18121290 0.07655100 -0.50403500
2.22039700 0.07094200 -0.51303601
2.23035908 0.06385800 -0.51528603
2.22080898 0.05660300 -0.51303601
2.22096705 0.05001300 -0.51303601
2.22111297 0.04303600 -0.51303601
2.23097897 0.03621500 -0.51528603
2.22133899 0.02907900 -0.51303601
2.21167707 0.02200400 -0.51078600
2.21173811 0.01466900 -0.51078600
2.21177292 0.00772100 -0.51078600
2.22152901 0.00077500 -0.51303601
2.22152090 -0.00620400 -0.51303601
2.22149110 -0.01318300 -0.51303601
2.22144198 -0.01977400 -0.51303601
2.14342093 -0.02618800 -0.49503401
2.17254996 -0.03375000 -0.50178498
2.17243290 -0.04057500 -0.50178498
2.17230296 -0.04702100 -0.50178498
2.17214489 -0.05384500 -0.50178498
2.17196488 -0.06066800 -0.50178498
2.17176294 -0.06749200 -0.50178498
2.18127894 -0.07464700 -0.50403500
2.17129707 -0.08113600 -0.50178498
2.16129494 -0.08756200 -0.49953499
2.17074394 -0.09477700 -0.50178498
2.17041802 -0.10197500 -0.50178498
2.17981791 -0.10928100 -0.50403500
2.16975403 -0.11523100 -0.50178498
2.15965295 -0.12150000 -0.49953499
2.16898799 -0.12886199 -0.50178498
2.17827296 -0.13666400 -0.50403500
2.21672201 -0.14606901 -0.51303601
2.21625304 -0.15303200 -0.51303601
2.22547889 -0.16069600 -0.51528603
2.21524692 -0.16695400 -0.51303601
2.22442603 -0.17467500 -0.51528603
2.21415401 -0.18087000 -0.51303601
2.21357489 -0.18782499 -0.51303601
2.20326805 -0.19392399 -0.51078600
2.20264792 -0.20084400 -0.51078600
2.21170712 -0.20867801 -0.51303601
2.21104002 -0.21562600 -0.51303601
2.21035194 -0.22257100 -0.51303601
2.19995093 -0.22850700 -0.51078600
2.13140392 -0.22815800 -0.49503401
2.15973210 -0.23805501 -0.50178498
2.17833591 -0.24703500 -0.50628501
2.15819407 -0.25161999 -0.50178498
2.15739202 -0.25839901 -0.50178498
2.15652394 -0.26555201 -0.50178498
2.17501211 -0.27476799 -0.50628501
2.18380094 -0.28285101 -0.50853503
2.16358399 -0.28714699 -0.50403500
2.16267109 -0.29394200 -0.50403500
2.16173697 -0.30073500 -0.50403500
2.17042804 -0.30889800 -0.50628501
2.15016294 -0.31290799 -0.50178498
2.15880704 -0.32109499 -0.50403500
2.15778708 -0.32787600 -0.50403500
2.17600298 -0.33764100 -0.50853503
2.18455505 -0.34599999 -0.51078600
2.20269489 -0.35597000 -0.51528603
2.21117997 -0.36447299 -0.51753598
2.21002412 -0.37141699 -0.51753598
2.20878005 -0.37874401 -0.51753598
2.19798112 -0.38400400 -0.51528603
2.22554207 -0.39602900 -0.52203602
2.20511198 -0.39954400 -0.51753598
2.21342802 -0.40823701 -0.51978600
2.20255899 -0.41339099 -0.51753598
2.20124888 -0.42030901 -0.51753598
2.20948195 -0.42908001 -0.51978600
2.20812297 -0.43601900 -0.51978600
2.19719005 -0.44103599 -0.51753598
2.13851190 -0.43625101 -0.50403500
2.17529392 -0.45087799 -0.51303601
2.17386699 -0.45770901 -0.51303601
2.16288996 -0.46249899 -0.51078600
2.17094803 -0.47135901 -0.51303601
2.15994096 -0.47608000 -0.51078600
2.14884305 -0.48111099 -0.50853503
2.21973491 0.46130201 -0.44280699
2.12501907 0.43465799 -0.42363799
2.15523791 0.43378901 -0.42938799
2.15658998 0.42701599 -0.42938799
2.14828801 0.41836300 -0.42747200
2.15923095 0.41345900 -0.42938799
2.16051888 0.40667200 -0.42938799
2.15213490 0.39809701 -0.42747200
2.16310000 0.39271200 -0.42938799
2.15585709 0.37742099 -0.42747200
2.17637801 0.37397000 -0.43130499
2.17754197 0.36713099 -0.43130499
2.17868495 0.36028799 -0.43130499
2.17011809 0.35187101 -0.42938799
2.19059801 0.34813300 -0.43322200
2.18198395 0.33973899 -0.43130499
2.18303990 0.33288199 -0.43130499
2.19378209 0.32747099 -0.43322200
2.18508911 0.31916001 -0.43130499
2.17636490 0.31090501 -0.42938799
2.17733097 0.30406699 -0.42938799
2.16855097 0.29589701 -0.42747200
2.15001297 0.28649101 -0.42363799
2.17036700 0.28226700 -0.42747200
2.16150689 0.27421099 -0.42555499
2.16235805 0.26741999 -0.42555499
2.17293096 0.26179901 -0.42747200
2.17374301 0.25497100 -0.42747200
2.17453289 0.24814101 -0.42747200
2.16554689 0.24022600 -0.42555499
2.16629100 0.23342200 -0.42555499
2.16705298 0.22623600 -0.42555499
2.16775298 0.21942800 -0.42555499
2.15862703 0.21203600 -0.42363799
2.15931892 0.20487601 -0.42363799
2.15995193 0.19809200 -0.42363799
2.16056299 0.19130400 -0.42363799
2.15137506 0.18368100 -0.42172101
2.16227007 0.17093299 -0.42363799
2.16279697 0.16414000 -0.42363799
2.17308998 0.15805700 -0.42555499
2.17357612 0.15122899 -0.42555499
2.17404103 0.14440000 -0.42555499
2.17448401 0.13756900 -0.42555499
2.16510797 0.13014799 -0.42363799
2.17530489 0.12390400 -0.42555499
2.16588306 0.11654200 -0.42363799
2.16623902 0.10973700 -0.42363799
2.17637610 0.10339600 -0.42555499
2.16688490 0.09612400 -0.42363799
2.16717601 0.08931600 -0.42363799
2.10860205 0.08026700 -0.41213599
2.14807796 0.07501300 -0.41980401
2.16792202 0.06888700 -0.42363799
2.15832806 0.06141900 -0.42172101
2.16832209 0.05488600 -0.42363799
2.14885092 0.04801400 -0.41980401
2.15880394 0.04145100 -0.42172101
2.15892291 0.03466800 -0.42172101
2.16883492 0.02801300 -0.42363799
2.16891289 0.02120000 -0.42363799
2.16897106 0.01400700 -0.42363799
2.16900396 0.00719300 -0.42363799
2.15920210 0.00037600 -0.42172101
2.15919209 -0.00640600 -0.42172101
2.15916109 -0.01319000 -0.42172101
2.13948393 -0.01941800 -0.41788700
2.14922190 -0.02663400 -0.41980401
2.15893507 -0.03391500 -0.42172101
2.15881801 -0.04069800 -0.42172101
2.15868807 -0.04710300 -0.42172101
2.15852904 -0.05388400 -0.42172101
2.15834904 -0.06066500 -0.42172101
2.15814805 -0.06744600 -0.42172101
2.15792608 -0.07422500 -0.42172101
2.15768194 -0.08100400 -0.42172101
2.15741706 -0.08778200 -0.42172101
2.15713000 -0.09456000 -0.42172101
2.15680504 -0.10171200 -0.42172101
2.17607903 -0.10947400 -0.42555499
2.17574406 -0.11593000 -0.42555499
2.16557002 -0.12221200 -0.42363799
2.09659600 -0.12492800 -0.41021901
2.14514589 -0.13496099 -0.41980401
2.14471102 -0.14170000 -0.41980401
2.14425492 -0.14843699 -0.41980401
2.14377904 -0.15517201 -0.41980401
2.15306711 -0.16264600 -0.42172101
2.15254498 -0.16940901 -0.42172101
2.14222097 -0.17536999 -0.41980401
2.15143895 -0.18292999 -0.42172101
2.15085292 -0.18968800 -0.42172101
2.16002107 -0.19733800 -0.42363799
2.15938997 -0.20412201 -0.42363799
2.15873790 -0.21090500 -0.42363799
2.15806508 -0.21768600 -0.42363799
2.15737009 -0.22446500 -0.42363799
2.14689589 -0.23019500 -0.42172101
2.15591693 -0.23801599 -0.42363799
2.15515900 -0.24478699 -0.42363799
2.17387605 -0.25383300 -0.42747200
2.16332293 -0.25949299 -0.42555499
2.15270996 -0.26546401 -0.42363799
2.16160202 -0.27345699 -0.42555499
2.16073298 -0.28024700 -0.42555499
2.17930007 -0.28961900 -0.42938799
2.14920402 -0.29249400 -0.42363799
2.15799499 -0.30059800 -0.42555499
2.16675711 -0.30876100 -0.42747200
2.15606403 -0.31415099 -0.42555499
2.16477394 -0.32236901 -0.42747200
2.15404797 -0.32769200 -0.42555499
2.13361096 -0.33144400 -0.42172101
2.10347891 -0.33353499 -0.41597000
2.15086389 -0.34797901 -0.42555499
2.14007592 -0.35313600 -0.42363799
2.14863491 -0.36148599 -0.42555499
2.14742398 -0.36860901 -0.42555499
2.14625502 -0.37535399 -0.42555499
2.13540292 -0.38037300 -0.42363799
2.14385509 -0.38883099 -0.42555499
2.14262295 -0.39556500 -0.42555499
2.14136910 -0.40229401 -0.42555499
2.14009500 -0.40901899 -0.42555499
2.13879895 -0.41574100 -0.42555499
2.14711094 -0.42436099 -0.42747200
2.13614511 -0.42917100 -0.42555499
2.13478589 -0.43587899 -0.42555499
2.13340592 -0.44258401 -0.42555499
2.13200498 -0.44928399 -0.42555499
2.12098598 -0.45392600 -0.42363799
2.11954999 -0.46058699 -0.42363799
2.13725996 -0.47147200 -0.42747200
2.13568497 -0.47855699 -0.42747200
2.12460089 -0.48308700 -0.42555499
2.11350989 -0.48755401 -0.42363799
2.20175004 0.47161201 -0.35815999
2.13557792 0.45042601 -0.34716401
2.12731290 0.44170800 -0.34559301
2.12869000 0.43502200 -0.34559301
2.11068201 0.42443800 -0.34245101
2.13138199 0.42163801 -0.34559301
2.12300110 0.41305500 -0.34402201
2.12428904 0.40638301 -0.34402201
2.11584902 0.39788201 -0.34245101
2.12680006 0.39302701 -0.34402201
2.13780904 0.38773501 -0.34559301
2.12929392 0.37928501 -0.34402201
2.13047504 0.37259501 -0.34402201
2.13163495 0.36589900 -0.34402201
2.13277411 0.35920000 -0.34402201
2.13389206 0.35249799 -0.34402201
2.13498902 0.34579301 -0.34402201
2.12631106 0.33753499 -0.34245101
2.11760211 0.32933599 -0.34088001
2.11862612 0.32268101 -0.34088001
2.12939692 0.31748101 -0.34245101
2.13038397 0.31079000 -0.34245101
2.11179590 0.30130500 -0.33930999
2.11273193 0.29466900 -0.33930999
2.13321900 0.29069701 -0.34245101
2.15370107 0.28659999 -0.34559301
2.17417693 0.28237700 -0.34873500
2.17505407 0.27554399 -0.34873500
2.15630603 0.26628900 -0.34559301
2.17674208 0.26187199 -0.34873500
2.18736291 0.25618199 -0.35030600
2.18815708 0.24930900 -0.35030600
2.17911410 0.24134600 -0.34873500
2.16022301 0.23238701 -0.34559301
2.18062711 0.22726899 -0.34873500
2.17150402 0.21942499 -0.34716401
2.16231704 0.21201700 -0.34559301
2.17284012 0.20577601 -0.34716401
2.08496308 0.19084699 -0.33302599
2.12490201 0.18777300 -0.33930999
2.13532209 0.18193500 -0.34088001
2.12603998 0.17441900 -0.33930999
2.11673188 0.16696200 -0.33773899
2.12709403 0.16105700 -0.33930999
2.12758899 0.15437400 -0.33930999
2.11821198 0.14700501 -0.33773899
2.11866307 0.14035000 -0.33773899
2.10923696 0.13307101 -0.33616799
2.12936091 0.12762600 -0.33930999
2.11003208 0.11981700 -0.33616799
2.12026000 0.11371600 -0.33773899
2.13047004 0.10755200 -0.33930999
2.12093210 0.10039100 -0.33773899
2.12123704 0.09372800 -0.33773899
2.11165404 0.08665900 -0.33616799
2.14152193 0.08114600 -0.34088001
2.16150594 0.07510400 -0.34402201
2.17160201 0.06862400 -0.34559301
2.17181802 0.06142300 -0.34559301
2.16212702 0.05435200 -0.34402201
2.17215300 0.04815500 -0.34559301
2.16241908 0.04114300 -0.34402201
2.17241192 0.03450600 -0.34559301
2.16263509 0.02755500 -0.34402201
2.18246198 0.02095100 -0.34716401
2.15289211 0.01352700 -0.34245101
2.17267609 0.00682600 -0.34559301
2.17268610 0.00000000 -0.34559301
2.16280007 -0.00679500 -0.34402201
2.14301610 -0.01346500 -0.34088001
2.10346508 -0.01945800 -0.33459699
2.11326408 -0.02655700 -0.33616799
2.10329008 -0.03340800 -0.33459699
2.10317397 -0.04001600 -0.33459699
2.11292005 -0.04647300 -0.33616799
2.10289097 -0.05286300 -0.33459699
2.10271406 -0.05946900 -0.33459699
2.09264588 -0.06576400 -0.33302599
2.11216903 -0.07302000 -0.33616799
2.11192894 -0.07965600 -0.33616799
2.11166906 -0.08629000 -0.33616799
2.11138701 -0.09292400 -0.33616799
2.12093210 -0.10039200 -0.33773899
2.11074305 -0.10655600 -0.33616799
2.11041808 -0.11281900 -0.33616799
2.11005306 -0.11944800 -0.33616799
2.11952496 -0.12666500 -0.33773899
2.12895012 -0.13431500 -0.33930999
2.15808010 -0.14296100 -0.34402201
2.16747308 -0.15042400 -0.34559301
2.18668890 -0.15866201 -0.34873500
2.16648507 -0.16404000 -0.34559301
2.15611410 -0.17006800 -0.34402201
2.16541100 -0.17764901 -0.34559301
2.16484308 -0.18445100 -0.34559301
2.16425300 -0.19125099 -0.34559301
2.16364098 -0.19804899 -0.34559301
2.15317607 -0.20391400 -0.34402201
2.17218304 -0.21260200 -0.34716401
2.16167808 -0.21843199 -0.34559301
2.16098094 -0.22522201 -0.34559301
2.07188892 -0.22251800 -0.33145499
2.12026000 -0.23445299 -0.33930999
2.09007502 -0.23776400 -0.33459699
2.08931804 -0.24432901 -0.33459699
2.10815001 -0.25324801 -0.33773899
2.10729909 -0.26023701 -0.33773899
2.09667301 -0.26561499 -0.33616799
2.11541605 -0.27474499 -0.33930999
2.11454201 -0.28138900 -0.33930999
2.11364794 -0.28803101 -0.33930999
2.10295105 -0.29330501 -0.33773899
2.11179590 -0.30130500 -0.33930999
2.10106707 -0.30651301 -0.33773899
2.10009408 -0.31311199 -0.33773899
2.09910011 -0.31970799 -0.33773899
2.10784292 -0.32781801 -0.33930999
2.09704900 -0.33289000 -0.33773899
2.11549091 -0.34263501 -0.34088001
2.14363599 -0.35410801 -0.34559301
2.15225101 -0.36248100 -0.34716401
2.15103698 -0.36961600 -0.34716401
2.15959311 -0.37807500 -0.34873500
2.16811800 -0.38659099 -0.35030600
2.15717506 -0.39163601 -0.34873500
2.15593410 -0.39841101 -0.34873500
2.15467191 -0.40518200 -0.34873500
2.15338898 -0.41194901 -0.34873500
2.15208411 -0.41871199 -0.34873500
2.16044593 -0.42738801 -0.35030600
2.13972807 -0.43027899 -0.34716401
2.14804196 -0.43897599 -0.34873500
2.08863401 -0.43367600 -0.33930999
2.11625099 -0.44635001 -0.34402201
2.08586788 -0.44679099 -0.33930999
2.09410501 -0.45544001 -0.34088001
2.09266400 -0.46201700 -0.34088001
2.10075688 -0.47111499 -0.34245101
2.09926605 -0.47771201 -0.34245101
2.08813190 -0.48208299 -0.34088001
2.06722403 0.44242001 -0.26029000
2.04918003 0.43182901 -0.25784600
2.06024408 0.42740700 -0.25906801
2.04212809 0.41696101 -0.25662401
2.05315900 0.41249800 -0.25784600
2.04470801 0.40412101 -0.25662401
2.04596710 0.39769599 -0.25662401
2.05695510 0.39313000 -0.25784600
2.07768893 0.39033100 -0.26029000
2.08866501 0.38560301 -0.26151201
2.09969807 0.38044399 -0.26273400
2.10088301 0.37384599 -0.26273400
2.09226990 0.36553600 -0.26151201
2.10318995 0.36063901 -0.26273400
2.09452605 0.35238200 -0.26151201
2.10541511 0.34741700 -0.26273400
2.10649610 0.34080100 -0.26273400
2.09775400 0.33262700 -0.26151201
2.12821102 0.33060601 -0.26517799
2.09980202 0.31943899 -0.26151201
2.10079503 0.31284100 -0.26151201
2.11158895 0.30767101 -0.26273400
2.05359101 0.29263499 -0.25540200
2.06433010 0.28755099 -0.25662401
2.05538893 0.27972600 -0.25540200
2.06609607 0.27457500 -0.25662401
2.05710602 0.26680699 -0.25540200
2.05793405 0.26034200 -0.25540200
2.05874205 0.25387600 -0.25540200
2.05952907 0.24740601 -0.25540200
2.05043793 0.23978300 -0.25418001
2.06104302 0.23446199 -0.25540200
2.05190396 0.22689500 -0.25418001
2.05260706 0.22044800 -0.25418001
2.05332708 0.21363901 -0.25418001
2.05398798 0.20718800 -0.25418001
2.05459309 0.20109300 -0.25418001
2.05524898 0.19427800 -0.25418001
2.05584908 0.18782100 -0.25418001
2.04654193 0.18048900 -0.25295800
2.08665705 0.17742200 -0.25784600
2.08720398 0.17086600 -0.25784600
2.09762502 0.16508600 -0.25906801
2.10803008 0.15924400 -0.26029000
2.08872199 0.15118800 -0.25784600
2.08918595 0.14462399 -0.25784600
2.09953403 0.13871500 -0.25906801
2.09995890 0.13211800 -0.25906801
2.09045601 0.12492800 -0.25784600
2.09083796 0.11836100 -0.25784600
2.09120011 0.11179100 -0.25784600
2.09154105 0.10522100 -0.25784600
2.10177493 0.09911700 -0.25906801
2.07233000 0.09120500 -0.25540200
2.05277300 0.08388400 -0.25295800
2.04310799 0.07706000 -0.25173599
2.04333997 0.07064100 -0.25173599
2.05347204 0.06453300 -0.25295800
2.05367494 0.05772300 -0.25295800
2.04392409 0.05102400 -0.25173599
2.06391191 0.04539500 -0.25418001
2.05412102 0.03872400 -0.25295800
2.04430890 0.03211400 -0.25173599
2.04439902 0.02569200 -0.25173599
2.04447007 0.01927000 -0.25173599
2.04452300 0.01248900 -0.25173599
2.03462696 0.00603700 -0.25051400
2.04456091 -0.00035700 -0.25173599
2.04454899 -0.00678000 -0.25173599
2.02466798 -0.01307500 -0.24929200
2.02461696 -0.01943600 -0.24929200
2.05431390 -0.02653400 -0.25295800
2.08399200 -0.03346600 -0.25662401
2.08387709 -0.04001200 -0.25662401
2.08374906 -0.04619500 -0.25662401
2.09351492 -0.05299200 -0.25784600
2.08341789 -0.05928700 -0.25662401
2.07330108 -0.06551800 -0.25540200
2.08300400 -0.07237600 -0.25662401
2.07284808 -0.07854400 -0.25540200
2.08250809 -0.08546200 -0.25662401
2.08222890 -0.09200400 -0.25662401
2.08191299 -0.09890900 -0.25662401
2.08159208 -0.10544900 -0.25662401
2.10109091 -0.11268800 -0.25906801
2.09081793 -0.11872500 -0.25784600
2.00126910 -0.11994900 -0.24684800
2.05038691 -0.12971801 -0.25295800
2.04006600 -0.13550100 -0.25173599
2.03962994 -0.14190900 -0.25173599
2.04907298 -0.14903601 -0.25295800
2.03869796 -0.15472201 -0.25173599
2.03820205 -0.16112600 -0.25173599
2.03768611 -0.16752800 -0.25173599
2.03714895 -0.17392901 -0.25173599
2.03659296 -0.18032800 -0.25173599
2.04590011 -0.18763199 -0.25295800
2.03541994 -0.19312100 -0.25173599
2.03480291 -0.19951400 -0.25173599
2.04404092 -0.20690501 -0.25295800
2.03350902 -0.21229500 -0.25173599
2.02296400 -0.21762100 -0.25051400
2.02226996 -0.22397500 -0.25051400
2.02155709 -0.23032700 -0.25051400
2.07996893 -0.24360400 -0.25784600
2.08904791 -0.25132301 -0.25906801
2.07835293 -0.25703099 -0.25784600
2.08738089 -0.26480800 -0.25906801
2.08653903 -0.27136400 -0.25906801
2.07583809 -0.27660701 -0.25784600
2.08479309 -0.28446901 -0.25906801
2.08388901 -0.29101700 -0.25906801
2.07313895 -0.29615900 -0.25784600
2.07219791 -0.30267000 -0.25784600
2.08105302 -0.31064400 -0.25906801
2.07025599 -0.31568399 -0.25784600
2.06925392 -0.32218701 -0.25784600
2.09763694 -0.33335900 -0.26151201
2.00840592 -0.32565099 -0.25051400
2.05633307 -0.34005499 -0.25662401
2.03568101 -0.34321299 -0.25418001
2.05409408 -0.35332701 -0.25662401
2.04319811 -0.35806501 -0.25540200
2.03229308 -0.36273801 -0.25418001
2.04090810 -0.37089601 -0.25540200
2.03973293 -0.37730601 -0.25540200
2.03853703 -0.38371199 -0.25540200
2.03732204 -0.39011401 -0.25540200
2.03608608 -0.39651299 -0.25540200
2.03483105 -0.40290701 -0.25540200
2.03355503 -0.40929800 -0.25540200
2.02253509 -0.41369599 -0.25418001
2.03094292 -0.42206699 -0.25540200
2.01989603 -0.42639500 -0.25418001
2.01854610 -0.43273899 -0.25418001
2.01717710 -0.43907800 -0.25418001
2.02547908 -0.44755399 -0.25540200
2.02398300 -0.45426899 -0.25540200
2.03222394 -0.46282899 -0.25662401
2.02108908 -0.46697700 -0.25540200
2.03893900 -0.47785300 -0.25784600
2.00845909 -0.47737101 -0.25418001
2.14678693 0.48734301 -0.19468500
2.04137802 0.45667699 -0.18499500
2.02334690 0.44597301 -0.18323299
2.02473807 0.43961301 -0.18323299
2.01636791 0.43116799 -0.18235201
2.01771307 0.42482999 -0.18235201
2.01903701 0.41849101 -0.18235201
2.02034211 0.41214499 -0.18235201
2.02162695 0.40579599 -0.18235201
2.02289200 0.39944300 -0.18235201
2.01435900 0.39118701 -0.18147101
2.01557803 0.38485700 -0.18147101
2.01677704 0.37852299 -0.18147101
2.01795602 0.37218401 -0.18147101
2.01917911 0.36549100 -0.18147101
2.01050997 0.35740301 -0.18059000
2.01162291 0.35108399 -0.18059000
2.01271605 0.34476301 -0.18059000
2.00396609 0.33678699 -0.17970900
2.01484299 0.33210999 -0.18059000
2.02570891 0.32736799 -0.18147101
2.00705099 0.31788501 -0.17970900
2.00803900 0.31157899 -0.17970900
2.02870488 0.30826101 -0.18147101
2.01980996 0.30042100 -0.18059000
2.06110501 0.29333800 -0.18411399
2.07188201 0.28823501 -0.18499500
2.06290698 0.28038201 -0.18411399
2.08352709 0.27652201 -0.18587600
2.06462789 0.26741600 -0.18411399
2.06545806 0.26092800 -0.18411399
2.07615399 0.25565499 -0.18499500
2.07694697 0.24913099 -0.18499500
2.08761406 0.24376100 -0.18587600
2.08836889 0.23720200 -0.18587600
2.08910394 0.23063900 -0.18587600
2.08981800 0.22407500 -0.18587600
2.09054995 0.21714300 -0.18587600
2.08131099 0.20957699 -0.18499500
2.05221701 0.20013700 -0.18235201
2.02308393 0.19088100 -0.17970900
2.01375389 0.18362001 -0.17882800
2.01432109 0.17729300 -0.17882800
2.00494194 0.17012200 -0.17794800
2.00546694 0.16382299 -0.17794800
2.00597095 0.15752099 -0.17794800
2.00645590 0.15121900 -0.17794800
2.01685691 0.14563200 -0.17882800
2.00736690 0.13860799 -0.17794800
2.00779200 0.13230200 -0.17794800
2.01814008 0.12661700 -0.17882800
1.99864101 0.11909100 -0.17706700
1.99900496 0.11281200 -0.17706700
2.00929594 0.10706100 -0.17794800
1.99967396 0.10025000 -0.17706700
2.00992990 0.09443400 -0.17794800
2.02016807 0.08855600 -0.17882800
2.03038907 0.08261400 -0.17970900
2.07045507 0.07772900 -0.18323299
2.07068896 0.07122500 -0.18323299
2.07090211 0.06471900 -0.18323299
2.07110596 0.05785100 -0.18323299
2.06131911 0.05109800 -0.18235201
2.07141995 0.04519800 -0.18323299
2.06159306 0.03850500 -0.18235201
2.06170392 0.03202800 -0.18235201
2.07175398 0.02567400 -0.18323299
2.07182789 0.01880400 -0.18323299
2.07187700 0.01229500 -0.18323299
2.06194401 0.00575800 -0.18235201
2.08187389 -0.00072700 -0.18411399
2.06193995 -0.00719800 -0.18235201
2.01210308 -0.01334500 -0.17794800
2.01205111 -0.01966600 -0.17794800
2.00201392 -0.02620800 -0.17706700
2.01188207 -0.03265900 -0.17794800
2.00181007 -0.03878600 -0.17706700
2.00168610 -0.04472600 -0.17706700
2.00153589 -0.05101400 -0.17706700
2.00136495 -0.05730200 -0.17706700
1.99122000 -0.06327200 -0.17618600
2.00096607 -0.06987500 -0.17706700
1.99078298 -0.07578200 -0.17618600
1.99053502 -0.08203600 -0.17618600
2.00021911 -0.08873100 -0.17706700
1.99991298 -0.09536300 -0.17706700
1.98965597 -0.10114000 -0.17618600
1.99929297 -0.10757800 -0.17706700
1.99894595 -0.11385800 -0.17706700
2.00850010 -0.12108600 -0.17794800
2.00811005 -0.12739500 -0.17794800
2.05739498 -0.13701300 -0.18235201
2.07682800 -0.14486200 -0.18411399
2.06642795 -0.15066101 -0.18323299
2.07587695 -0.15790799 -0.18411399
2.06544089 -0.16364200 -0.18323299
2.07484388 -0.17094800 -0.18411399
2.06437206 -0.17661600 -0.18323299
2.07372904 -0.18398100 -0.18411399
2.07314110 -0.19049500 -0.18411399
2.07253194 -0.19700700 -0.18411399
2.07190299 -0.20351700 -0.18411399
2.06134295 -0.20902000 -0.18323299
2.06067610 -0.21549501 -0.18323299
2.05998898 -0.22196800 -0.18323299
2.00977993 -0.22294700 -0.17882800
1.99917305 -0.22813000 -0.17794800
1.99844599 -0.23441000 -0.17794800
1.99769998 -0.24068700 -0.17794800
1.99689102 -0.24731000 -0.17794800
1.99610400 -0.25358200 -0.17794800
1.99529696 -0.25985199 -0.17794800
1.98459804 -0.26480201 -0.17706700
2.00349498 -0.27373201 -0.17882800
1.99275994 -0.27864599 -0.17794800
1.98201394 -0.28349400 -0.17706700
1.99097002 -0.29116100 -0.17794800
1.98019302 -0.29594201 -0.17706700
1.98910105 -0.30366501 -0.17794800
1.99797904 -0.31144601 -0.17882800
1.98715401 -0.31615600 -0.17794800
1.99598300 -0.32399401 -0.17882800
2.00478292 -0.33188999 -0.17970900
2.03313708 -0.34351400 -0.18235201
2.06149697 -0.35497099 -0.18499500
2.05056095 -0.35972399 -0.18411399
2.05922699 -0.36791700 -0.18499500
2.05805993 -0.37438399 -0.18499500
2.04708004 -0.37903401 -0.18411399
2.03608990 -0.38361901 -0.18323299
2.05444098 -0.39376399 -0.18499500
2.05319405 -0.40021601 -0.18499500
2.05192590 -0.40666401 -0.18499500
2.05063796 -0.41310900 -0.18499500
2.04933000 -0.41954899 -0.18499500
2.03824997 -0.42395699 -0.18411399
2.04665399 -0.43241701 -0.18499500
2.05502510 -0.44093400 -0.18587600
2.01469803 -0.43890700 -0.18235201
1.99378002 -0.44128001 -0.18059000
2.00210309 -0.44972500 -0.18147101
1.99096799 -0.45379901 -0.18059000
1.98953295 -0.46005100 -0.18059000
2.00747299 -0.47084901 -0.18235201
1.99629295 -0.47484800 -0.18147101
1.96574199 -0.47411001 -0.17882800
2.00476408 0.46136200 -0.10800200
2.00620389 0.45506099 -0.10800200
1.97838604 0.44222301 -0.10643000
1.97976601 0.43600401 -0.10643000
1.97136700 0.42766500 -0.10590500
1.97270000 0.42146999 -0.10590500
1.97401500 0.41527000 -0.10590500
1.97530901 0.40906799 -0.10590500
1.95701504 0.39887100 -0.10485700
1.96805000 0.39468399 -0.10538100
2.03786206 0.40202901 -0.10905100
2.03911400 0.39562500 -0.10905100
2.03053808 0.38734600 -0.10852700
2.05137491 0.38464600 -0.10957500
2.05257392 0.37819901 -0.10957500
2.05381703 0.37139100 -0.10957500
2.05497289 0.36493701 -0.10957500
2.06594706 0.36019400 -0.11009900
2.05722499 0.35201800 -0.10957500
2.03862500 0.34224600 -0.10852700
2.05939698 0.33908501 -0.10957500
2.05059290 0.33102199 -0.10905100
2.06148601 0.32613799 -0.10957500
2.05263305 0.31813100 -0.10905100
1.97463596 0.29969299 -0.10485700
1.98544598 0.29495600 -0.10538100
1.97648001 0.28728101 -0.10485700
1.97737300 0.28106999 -0.10485700
1.98813796 0.27623099 -0.10538100
1.97909999 0.26864001 -0.10485700
1.97993398 0.26242101 -0.10485700
1.98074901 0.25619999 -0.10485700
1.98154402 0.24997599 -0.10485700
1.98231995 0.24375001 -0.10485700
1.97316003 0.23633300 -0.10433200
1.97389305 0.23013300 -0.10433200
1.97460604 0.22393100 -0.10433200
1.97529995 0.21772601 -0.10433200
1.97597396 0.21152000 -0.10433200
1.96673203 0.20393500 -0.10380800
1.96736300 0.19775601 -0.10380800
1.95803499 0.19060700 -0.10328400
1.98845100 0.18726300 -0.10485700
2.02881002 0.18463600 -0.10695400
2.03932810 0.17913499 -0.10747800
2.04983091 0.17357001 -0.10800200
2.05036592 0.16712999 -0.10800200
2.05088091 0.16068700 -0.10800200
2.04141808 0.15349500 -0.10747800
2.05185103 0.14779900 -0.10800200
2.06226802 0.14203800 -0.10852700
2.05273890 0.13490400 -0.10800200
2.05315208 0.12845400 -0.10800200
2.04357696 0.12141000 -0.10747800
2.04394794 0.11499100 -0.10747800
2.03432798 0.10803900 -0.10695400
2.05460501 0.10264400 -0.10800200
1.96513903 0.09198600 -0.10328400
1.96541798 0.08581200 -0.10328400
1.96567798 0.07963800 -0.10328400
1.96591902 0.07346100 -0.10328400
1.97612000 0.06762700 -0.10380800
1.97632301 0.06141800 -0.10380800
1.97651601 0.05486400 -0.10380800
1.97667801 0.04865500 -0.10380800
1.97681403 0.04278900 -0.10380800
1.96695399 0.03639400 -0.10328400
1.96705902 0.03021400 -0.10328400
1.96714401 0.02403400 -0.10328400
1.96721303 0.01751100 -0.10328400
1.96725798 0.01133100 -0.10328400
1.96728396 0.00515100 -0.10328400
1.96729004 -0.00103000 -0.10328400
1.95729101 -0.00717400 -0.10276000
1.94727302 -0.01325500 -0.10223500
1.94722199 -0.01937200 -0.10223500
2.02702999 -0.02688900 -0.10643000
2.03692007 -0.03342100 -0.10695400
2.04678893 -0.04001500 -0.10747800
2.04666209 -0.04608800 -0.10747800
2.03652406 -0.05226100 -0.10695400
2.04633188 -0.05894600 -0.10747800
2.03615499 -0.06505600 -0.10695400
2.04592109 -0.07180300 -0.10747800
2.04568505 -0.07823000 -0.10747800
2.04542899 -0.08465600 -0.10747800
2.03517699 -0.09063700 -0.10695400
2.03486490 -0.09738600 -0.10695400
2.03454900 -0.10377800 -0.10695400
2.04420400 -0.11035200 -0.10747800
2.04384708 -0.11677400 -0.10747800
1.96370399 -0.11872900 -0.10328400
1.97328806 -0.12553200 -0.10380800
1.96291995 -0.13106500 -0.10328400
1.96249795 -0.13723101 -0.10328400
1.96205699 -0.14339601 -0.10328400
1.96159697 -0.14955901 -0.10328400
1.97107303 -0.15651099 -0.10380800
1.96061897 -0.16188100 -0.10328400
1.96010101 -0.16804001 -0.10328400
1.96950996 -0.17508100 -0.10380800
1.96895003 -0.18126801 -0.10380800
1.96837103 -0.18745200 -0.10380800
1.95783401 -0.19265699 -0.10328400
1.95721900 -0.19880700 -0.10328400
1.96651697 -0.20599499 -0.10380800
1.96586001 -0.21217200 -0.10380800
1.93540800 -0.21503900 -0.10223500
1.94464505 -0.22225200 -0.10276000
1.98360896 -0.23302101 -0.10485700
2.03243899 -0.24523200 -0.10747800
2.02170491 -0.25074199 -0.10695400
2.03081298 -0.25835201 -0.10747800
2.02999210 -0.26473099 -0.10747800
2.03904796 -0.27242899 -0.10800200
2.03818202 -0.27883399 -0.10800200
2.03729606 -0.28523600 -0.10800200
2.02650499 -0.29021901 -0.10747800
2.02558303 -0.29658401 -0.10747800
2.02464104 -0.30294600 -0.10747800
2.02367902 -0.30930501 -0.10747800
2.02269793 -0.31566101 -0.10747800
2.02169609 -0.32201400 -0.10747800
2.02067399 -0.32836401 -0.10747800
1.98022604 -0.32817900 -0.10538100
1.95943403 -0.33141300 -0.10433200
1.95838296 -0.33756700 -0.10433200
1.94747698 -0.34199101 -0.10380800
1.96605301 -0.35162401 -0.10485700
1.96493900 -0.35779899 -0.10485700
1.96380496 -0.36397001 -0.10485700
1.96265197 -0.37013701 -0.10485700
1.95167196 -0.37441999 -0.10433200
1.96028805 -0.38246199 -0.10485700
1.95907700 -0.38861799 -0.10485700
1.95784605 -0.39477101 -0.10485700
1.95659602 -0.40092000 -0.10485700
1.95532703 -0.40706500 -0.10485700
1.95403898 -0.41320500 -0.10485700
1.95273101 -0.41934201 -0.10485700
1.95140398 -0.42547500 -0.10485700
1.94998205 -0.43194401 -0.10485700
1.94861495 -0.43806699 -0.10485700
1.94722998 -0.44418699 -0.10485700
1.95555401 -0.45255399 -0.10538100
1.94439995 -0.45641300 -0.10485700
1.94295704 -0.46251899 -0.10485700
1.94149399 -0.46862099 -0.10485700
1.94001198 -0.47471800 -0.10485700
1.91912603 -0.47600201 -0.10380800
1.97671902 0.46072400 -0.03488600
1.94892204 0.44779500 -0.03437100
1.94056797 0.43946099 -0.03419900
1.93218005 0.43118501 -0.03402700
1.94329095 0.42726001 -0.03419900
1.93485200 0.41903600 -0.03402700
1.94593704 0.41504201 -0.03419900
1.93744600 0.40687099 -0.03402700
1.93871498 0.40078300 -0.03402700
1.93016601 0.39269701 -0.03385500
1.93139100 0.38663101 -0.03385500
1.94240606 0.38249299 -0.03402700
1.94359803 0.37639001 -0.03402700
1.93494904 0.36841100 -0.03385500
1.92626905 0.36049199 -0.03368300
1.93722498 0.35624599 -0.03385500
1.93839598 0.34981999 -0.03385500
1.93948495 0.34372899 -0.03385500
1.93070495 0.33592001 -0.03368300
1.94160700 0.33153600 -0.03385500
1.94263899 0.32543400 -0.03385500
1.93378496 0.31770900 -0.03368300
1.93477404 0.31163299 -0.03368300
1.93574297 0.30555299 -0.03368300
1.94657505 0.30099800 -0.03385500
1.94751096 0.29488099 -0.03385500
1.95831800 0.29022700 -0.03402700
1.94932497 0.28263900 -0.03385500
1.96010303 0.27791700 -0.03402700
1.96096599 0.27175799 -0.03402700
1.96181095 0.26559499 -0.03402700
1.96263504 0.25943100 -0.03402700
1.96344101 0.25326499 -0.03402700
1.96422696 0.24709500 -0.03402700
1.95506895 0.23970599 -0.03385500
1.95581198 0.23356199 -0.03385500
1.96646798 0.22857200 -0.03402700
1.95724106 0.22126999 -0.03385500
1.96786499 0.21621101 -0.03402700
1.97847700 0.21108900 -0.03419900
1.97913098 0.20487200 -0.03419900
1.93997002 0.19466101 -0.03351200
1.93061996 0.18759800 -0.03334000
1.92124605 0.18059599 -0.03316800
1.92183399 0.17422301 -0.03316800
1.93233204 0.16905700 -0.03334000
1.92289102 0.16214600 -0.03316800
1.93335605 0.15691300 -0.03334000
1.92387199 0.15006000 -0.03316800
1.93430400 0.14476100 -0.03334000
1.92477596 0.13797000 -0.03316800
1.92519999 0.13192201 -0.03316800
1.93558204 0.12652600 -0.03334000
1.92599106 0.11982300 -0.03316800
1.93633902 0.11436100 -0.03334000
1.92670596 0.10772000 -0.03316800
1.92703497 0.10166600 -0.03316800
1.93733096 0.09610700 -0.03334000
1.94761097 0.09048400 -0.03351200
1.94788599 0.08436500 -0.03351200
1.94814098 0.07824600 -0.03351200
1.94837701 0.07212500 -0.03351200
1.94859397 0.06600400 -0.03351200
1.94879198 0.05988100 -0.03351200
1.94897103 0.05375900 -0.03351200
1.95912600 0.04788100 -0.03368300
1.94927001 0.04151200 -0.03351200
1.94939101 0.03538800 -0.03351200
1.94949198 0.02926400 -0.03351200
1.93957698 0.02302100 -0.03334000
1.93964005 0.01692700 -0.03334000
1.94968200 0.01088900 -0.03351200
1.93970799 0.00440000 -0.03334000
1.95971000 -0.00171000 -0.03368300
1.93969905 -0.00744800 -0.03334000
1.91966999 -0.01340200 -0.03299600
1.91961801 -0.01943300 -0.03299600
1.92954099 -0.02593300 -0.03316800
1.91945302 -0.03182900 -0.03299600
1.91934299 -0.03785900 -0.03299600
1.92921102 -0.04411700 -0.03316800
1.92906201 -0.05017700 -0.03316800
1.92889500 -0.05623700 -0.03316800
1.92870903 -0.06229700 -0.03316800
1.92850399 -0.06835600 -0.03316800
1.92828000 -0.07441400 -0.03316800
1.92803597 -0.08047200 -0.03316800
1.91778600 -0.08608000 -0.03299600
1.91750598 -0.09210400 -0.03299600
1.92719197 -0.09863900 -0.03316800
1.91688895 -0.10415100 -0.03299600
1.92653406 -0.11074600 -0.03316800
1.91619694 -0.11619300 -0.03299600
1.94575703 -0.12412100 -0.03351200
1.93535900 -0.12990400 -0.03334000
1.93494105 -0.13598301 -0.03334000
1.94447601 -0.14279300 -0.03351200
1.95398700 -0.14966500 -0.03368300
1.94353998 -0.15500800 -0.03351200
1.94304395 -0.16111299 -0.03351200
1.94252801 -0.16721600 -0.03351200
1.95195198 -0.17420700 -0.03368300
1.95139503 -0.18033800 -0.03368300
1.95081902 -0.18646801 -0.03368300
1.95022404 -0.19259600 -0.03368300
1.94960904 -0.19872200 -0.03368300
1.94897497 -0.20484599 -0.03368300
1.93838096 -0.20989101 -0.03351200
1.93771195 -0.21597999 -0.03351200
1.92709100 -0.22092700 -0.03334000
1.91645801 -0.22581001 -0.03316800
1.91573906 -0.23183000 -0.03316800
1.91495895 -0.23818099 -0.03316800
1.91420197 -0.24419600 -0.03316800
1.91342497 -0.25020900 -0.03316800
1.92253900 -0.25754601 -0.03334000
1.91181505 -0.26222599 -0.03316800
1.92088306 -0.26962101 -0.03334000
1.92002702 -0.27565399 -0.03334000
1.91915095 -0.28168499 -0.03334000
1.91825700 -0.28771201 -0.03334000
1.91734397 -0.29373699 -0.03334000
1.90653300 -0.29821399 -0.03316800
1.91545999 -0.30577800 -0.03334000
1.91448998 -0.31179500 -0.03334000
1.91350102 -0.31780800 -0.03334000
1.92235100 -0.32548699 -0.03351200
1.93117201 -0.33322400 -0.03368300
1.93990397 -0.34135899 -0.03385500
1.93882203 -0.34745201 -0.03385500
1.92788506 -0.35174701 -0.03368300
1.93660104 -0.35962701 -0.03385500
1.94528604 -0.36756599 -0.03402700
1.93430305 -0.37178800 -0.03385500
1.92331195 -0.37594500 -0.03368300
1.92212200 -0.38198501 -0.03368300
1.93071306 -0.39000100 -0.03385500
1.91968405 -0.39405501 -0.03368300
1.91843605 -0.40008301 -0.03368300
1.91717005 -0.40610799 -0.03368300
1.91588497 -0.41212901 -0.03368300
1.91458094 -0.41814601 -0.03368300
1.91325700 -0.42415899 -0.03368300
1.91191602 -0.43016800 -0.03368300
1.91047800 -0.43650499 -0.03368300
1.91883802 -0.44476300 -0.03385500
1.91743100 -0.45078900 -0.03385500
1.91600597 -0.45681000 -0.03385500
1.91456103 -0.46282700 -0.03385500
1.91309798 -0.46884000 -0.03385500
1.89220798 -0.47002700 -0.03351200
1.89072204 -0.47596899 -0.03351200
1.81322002 0.48144400 0.22923000
1.82432497 0.47826299 0.23044300
1.83542800 0.47501501 0.23165500
1.82729399 0.46678999 0.23044300
1.82875097 0.46104801 0.23044300
1.83982301 0.45769599 0.23165500
1.83161199 0.44954801 0.23044300
1.83301497 0.44379100 0.23044300
1.83440006 0.43803099 0.23044300
1.82610500 0.42999101 0.22923000
1.83711600 0.42649600 0.23044300
1.82877100 0.41850901 0.22923000
1.83975995 0.41494501 0.23044300
1.83136499 0.40700999 0.22923000
1.84233105 0.40337801 0.23044300
1.83388603 0.39549500 0.22923000
1.83511901 0.38973099 0.22923000
1.83633399 0.38396499 0.22923000
1.82780898 0.37619299 0.22801700
1.82898200 0.37044901 0.22801700
1.83987200 0.36664101 0.22923000
1.83127403 0.35894901 0.22801700
1.82264602 0.35131699 0.22680400
1.83349299 0.34743601 0.22801700
1.83457506 0.34167501 0.22801700
1.83563995 0.33590901 0.22801700
1.83674300 0.32982099 0.22801700
1.82799494 0.32232499 0.22680400
1.83878005 0.31827301 0.22801700
1.82998395 0.31083301 0.22680400
1.83095205 0.30508199 0.22680400
1.83190095 0.29932901 0.22680400
1.83283305 0.29357299 0.22680400
1.83374596 0.28781301 0.22680400
1.83464098 0.28205100 0.22680400
1.83551800 0.27628499 0.22680400
1.82655704 0.26907101 0.22559100
1.82739305 0.26333201 0.22559100
1.82821095 0.25758901 0.22559100
1.81917799 0.25049001 0.22437800
1.82979405 0.24609700 0.22559100
1.83055794 0.24034800 0.22559100
1.83130395 0.23459600 0.22559100
1.84188104 0.23007099 0.22680400
1.84259498 0.22428299 0.22680400
1.83343399 0.21732500 0.22559100
1.83410704 0.21156500 0.22559100
1.83476305 0.20580199 0.22559100
1.83539999 0.20003600 0.22559100
1.82614899 0.19322400 0.22437800
1.82677901 0.18716800 0.22437800
1.82732606 0.18174700 0.22437800
1.82788801 0.17600600 0.22437800
1.82846200 0.16994300 0.22437800
1.82898700 0.16419700 0.22437800
1.82949400 0.15845200 0.22437800
1.82998300 0.15270300 0.22437800
1.83045304 0.14695400 0.22437800
1.83090603 0.14120200 0.22437800
1.83133996 0.13544901 0.22437800
1.84165800 0.13039701 0.22559100
1.83215499 0.12394000 0.22437800
1.83253598 0.11818300 0.22437800
1.82298994 0.11181800 0.22316501
1.83324206 0.10666700 0.22437800
1.83356798 0.10090800 0.22437800
1.82396305 0.09463200 0.22316501
1.81433702 0.08841800 0.22195300
1.82452202 0.08317000 0.22316501
1.83469105 0.07785900 0.22437800
1.83492696 0.07209500 0.22437800
1.82522500 0.06597100 0.22316501
1.83534396 0.06056300 0.22437800
1.82560301 0.05450100 0.22316501
1.83569598 0.04871100 0.22437800
1.82590902 0.04303100 0.22316501
1.83596003 0.03749600 0.22437800
1.82614398 0.03155600 0.22316501
1.83615899 0.02596000 0.22437800
1.83623195 0.02019100 0.22437800
1.83628595 0.01442300 0.22437800
1.82639802 0.00828800 0.22316501
1.82641494 0.00255000 0.22316501
1.82641399 -0.00318800 0.22316501
1.82639503 -0.00892600 0.22316501
1.82635999 -0.01434400 0.22316501
1.82630205 -0.02040100 0.22316501
1.82622504 -0.02645700 0.22316501
1.83605695 -0.03236900 0.22437800
1.82602894 -0.03761200 0.22316501
1.82590199 -0.04334900 0.22316501
1.82575703 -0.04908500 0.22316501
1.82559299 -0.05482000 0.22316501
1.82541203 -0.06055500 0.22316501
1.83513296 -0.06665000 0.22437800
1.82499599 -0.07202300 0.22316501
1.82475996 -0.07775600 0.22316501
1.82450700 -0.08348900 0.22316501
1.83413506 -0.09002500 0.22437800
1.82394695 -0.09495100 0.22316501
1.82363904 -0.10068000 0.22316501
1.83322299 -0.10698700 0.22437800
1.82297099 -0.11213600 0.22316501
1.82258904 -0.11818100 0.22316501
1.82220900 -0.12390600 0.22316501
1.82181001 -0.12963000 0.22316501
1.81149495 -0.13461700 0.22195300
1.82096004 -0.14107400 0.22316501
1.82050800 -0.14679401 0.22316501
1.82992899 -0.15334199 0.22437800
1.82943797 -0.15909000 0.22437800
1.82892895 -0.16483600 0.22437800
1.82840300 -0.17058100 0.22437800
1.82785797 -0.17632499 0.22437800
1.81741798 -0.18108200 0.22316501
1.81684005 -0.18679100 0.22316501
1.81624401 -0.19249800 0.22316501
1.82549798 -0.19927999 0.22437800
1.82486296 -0.20501401 0.22437800
1.82421005 -0.21074601 0.22437800
1.81368101 -0.21530500 0.22316501
1.82284904 -0.22220300 0.22437800
1.82210195 -0.22824700 0.22437800
1.82137597 -0.23397000 0.22437800
1.82063198 -0.23969100 0.22437800
1.81987000 -0.24540900 0.22437800
1.81909001 -0.25112501 0.22437800
1.81829202 -0.25683901 0.22437800
1.81747699 -0.26255000 0.22437800
1.81664300 -0.26825801 0.22437800
1.81579101 -0.27396399 0.22437800
1.81492102 -0.27966699 0.22437800
1.82384002 -0.28691000 0.22559100
1.81312799 -0.29106501 0.22437800
1.81220496 -0.29675999 0.22437800
1.82105505 -0.30408701 0.22559100
1.82009006 -0.30980599 0.22559100
1.81905305 -0.31584001 0.22559100
1.80827701 -0.31982401 0.22437800
1.81703305 -0.32726300 0.22559100
1.81599605 -0.33296999 0.22559100
1.81493998 -0.33867300 0.22559100
1.80411601 -0.34252200 0.22437800
1.82252300 -0.35195199 0.22680400
1.82140803 -0.35767600 0.22680400
1.81054103 -0.36145300 0.22559100
1.81912506 -0.36911300 0.22680400
1.81795597 -0.37482601 0.22680400
1.80705404 -0.37850100 0.22559100
1.80585599 -0.38417599 0.22559100
1.80464101 -0.38984701 0.22559100
1.81310296 -0.39764100 0.22680400
1.80215502 -0.40117899 0.22559100
1.81049705 -0.40934199 0.22680400
1.79952705 -0.41280800 0.22559100
1.79822099 -0.41845900 0.22559100
1.80655897 -0.42638701 0.22680400
1.80520999 -0.43206000 0.22680400
1.80384398 -0.43772900 0.22680400
1.80245996 -0.44339401 0.22680400
1.80105805 -0.44905400 0.22680400
1.79963899 -0.45471001 0.22680400
1.79820096 -0.46036199 0.22680400
1.78713799 -0.46351701 0.22559100
1.77607203 -0.46660700 0.22437800
1.74582005 -0.46452701 0.22074001
1.75393701 -0.47259200 0.22195300
1.88232303 0.48049799 0.16877000
1.84518003 0.46484700 0.16530800
1.86596799 0.46385401 0.16703901
1.86741602 0.45798999 0.16703901
1.86884606 0.45212099 0.16703901
1.87994695 0.44856000 0.16790500
1.86195195 0.43808901 0.16617399
1.86331904 0.43223700 0.16617399
1.87437904 0.42860201 0.16703901
1.87571704 0.42271101 0.16703901
1.86731005 0.41465700 0.16617399
1.86860299 0.40878901 0.16617399
1.86013901 0.40081701 0.16530800
1.86138999 0.39497101 0.16530800
1.86262095 0.38912201 0.16530800
1.86383402 0.38326800 0.16530800
1.86502898 0.37741101 0.16530800
1.87597597 0.37349501 0.16617399
1.86736405 0.36568499 0.16530800
1.87828600 0.36170101 0.16617399
1.86962402 0.35394499 0.16530800
1.87072694 0.34807000 0.16530800
1.87181199 0.34219101 0.16530800
1.87293601 0.33598199 0.16530800
1.87398195 0.33009699 0.16530800
1.87501001 0.32420701 0.16530800
1.86619699 0.31664899 0.16444300
1.86718297 0.31078401 0.16444300
1.86815000 0.30491701 0.16444300
1.86909902 0.29904699 0.16444300
1.86018705 0.29163000 0.16357701
1.86109400 0.28578401 0.16357701
1.86198199 0.27993599 0.16357701
1.86285198 0.27408600 0.16357701
1.87356496 0.26965201 0.16444300
1.87440300 0.26376399 0.16444300
1.86535299 0.25651601 0.16357701
1.86615002 0.25065500 0.16357701
1.86692798 0.24479100 0.16357701
1.86768794 0.23892500 0.16357701
1.86842895 0.23305599 0.16357701
1.86915195 0.22718500 0.16357701
1.86985600 0.22131200 0.16357701
1.87054300 0.21543700 0.16357701
1.87120998 0.20956001 0.16357701
1.87185895 0.20367900 0.16357701
1.87249005 0.19779700 0.16357701
1.87313604 0.19158700 0.16357701
1.87369597 0.18602900 0.16357701
1.86435401 0.17918900 0.16271199
1.86493802 0.17300500 0.16271199
1.87539506 0.16803400 0.16357701
1.86598802 0.16128500 0.16271199
1.86648595 0.15542100 0.16271199
1.85703397 0.14876100 0.16184600
1.86742496 0.14369000 0.16271199
1.86786795 0.13782300 0.16271199
1.86829102 0.13195500 0.16271199
1.86869705 0.12608400 0.16271199
1.86908400 0.12021300 0.16271199
1.86945200 0.11434100 0.16271199
1.86980200 0.10846700 0.16271199
1.87013400 0.10259300 0.16271199
1.87044704 0.09671700 0.16271199
1.87074101 0.09083900 0.16271199
1.86106503 0.08451000 0.16184600
1.86132205 0.07866400 0.16184600
1.86155903 0.07281600 0.16184600
1.86177897 0.06696700 0.16184600
1.86197996 0.06111700 0.16184600
1.86216295 0.05526800 0.16184600
1.86233604 0.04909300 0.16184600
1.86247301 0.04356700 0.16184600
1.86260104 0.03771500 0.16184600
1.86271000 0.03186300 0.16184600
1.86280096 0.02601100 0.16184600
1.86287403 0.02015900 0.16184600
1.85296595 0.01423000 0.16098100
1.86296499 0.00812900 0.16184600
1.86298203 0.00227600 0.16184600
1.87294197 -0.00359600 0.16271199
1.86295903 -0.00942900 0.16184600
1.86292303 -0.01495700 0.16184600
1.85290098 -0.02102100 0.16098100
1.86278296 -0.02731200 0.16184600
1.87264895 -0.03334100 0.16271199
1.86258101 -0.03869000 0.16184600
1.86245000 -0.04454200 0.16184600
1.86230099 -0.05039200 0.16184600
1.86213398 -0.05624300 0.16184600
1.85199106 -0.06176000 0.16098100
1.86174405 -0.06794200 0.16184600
1.86152101 -0.07379000 0.16184600
1.86127996 -0.07963800 0.16184600
1.86102104 -0.08548500 0.16184600
1.86072695 -0.09165600 0.16184600
1.86044705 -0.09717600 0.16184600
1.85018504 -0.10247000 0.16098100
1.84985399 -0.10828200 0.16098100
1.85944796 -0.11470600 0.16184600
1.84911597 -0.12022500 0.16098100
1.84872901 -0.12603401 0.16098100
1.85826194 -0.13255000 0.16184600
1.85783601 -0.13838699 0.16184600
1.85739195 -0.14422300 0.16184600
1.86686003 -0.15086000 0.16271199
1.85644901 -0.15589000 0.16184600
1.85595000 -0.16172200 0.16184600
1.86535501 -0.16844800 0.16271199
1.85489798 -0.17338000 0.16184600
1.85434401 -0.17920600 0.16184600
1.85377204 -0.18503100 0.16184600
1.85318100 -0.19085400 0.16184600
1.85257196 -0.19667500 0.16184600
1.85194504 -0.20249400 0.16184600
1.85130000 -0.20831101 0.16184600
1.85063696 -0.21412601 0.16184600
1.84995496 -0.21993899 0.16184600
1.84925497 -0.22575000 0.16184600
1.85838103 -0.23312099 0.16271199
1.84775805 -0.23768701 0.16184600
1.85687900 -0.24479300 0.16271199
1.85610104 -0.25062501 0.16271199
1.85530496 -0.25645500 0.16271199
1.84462595 -0.26088700 0.16184600
1.85365701 -0.26810700 0.16271199
1.85280502 -0.27392900 0.16271199
1.85193598 -0.27974799 0.16271199
1.85104799 -0.28556499 0.16271199
1.85014105 -0.29137900 0.16271199
1.84921706 -0.29719001 0.16271199
1.84827399 -0.30299801 0.16271199
1.84731305 -0.30880299 0.16271199
1.85615504 -0.31627801 0.16357701
1.84528005 -0.32072601 0.16271199
1.85407400 -0.32825801 0.16357701
1.85303295 -0.33408099 0.16357701
1.85197496 -0.33990100 0.16357701
1.84110498 -0.34388801 0.16271199
1.84980202 -0.35152999 0.16357701
1.85846996 -0.35923100 0.16444300
1.84755695 -0.36314601 0.16357701
1.84640706 -0.36894900 0.16357701
1.84523904 -0.37474701 0.16357701
1.84405303 -0.38054201 0.16357701
1.84284794 -0.38633400 0.16357701
1.84162498 -0.39212099 0.16357701
1.84038401 -0.39790499 0.16357701
1.83912504 -0.40368500 0.16357701
1.83784795 -0.40946099 0.16357701
1.83648002 -0.41555300 0.16357701
1.84487498 -0.42355001 0.16444300
1.83383298 -0.42708400 0.16357701
1.83248198 -0.43284300 0.16357701
1.84080100 -0.44091800 0.16444300
1.83940697 -0.44669899 0.16444300
1.84766805 -0.45485699 0.16530800
1.83656394 -0.45824701 0.16444300
1.83511496 -0.46401501 0.16444300
1.83364904 -0.46977800 0.16444300
1.82252097 -0.47303301 0.16357701
1.82102597 -0.47875601 0.16357701
1.80025899 -0.47934800 0.16184600
1.90111101 0.46590301 0.10154000
1.90256596 0.45992699 0.10154000
1.89428699 0.45163199 0.10102200
1.88597500 0.44339401 0.10050400
1.90681601 0.44197601 0.10154000
1.88872397 0.43153399 0.10050400
1.90955496 0.42998600 0.10154000
1.89139795 0.41965899 0.10050400
1.90246296 0.41584799 0.10102200
1.89399695 0.40776700 0.10050400
1.90503800 0.40388501 0.10102200
1.89652205 0.39585900 0.10050400
1.89775598 0.38989899 0.10050400
1.88918304 0.38195601 0.09998600
1.89037395 0.37601900 0.09998600
1.89154601 0.37007701 0.09998600
1.88289201 0.36224800 0.09946800
1.89383399 0.35818601 0.09998600
1.88513100 0.35041001 0.09946800
1.88622296 0.34448501 0.09946800
1.88735497 0.33822900 0.09946800
1.88840795 0.33229801 0.09946800
1.88944197 0.32636300 0.09946800
1.89045894 0.32042500 0.09946800
1.89145601 0.31448501 0.09946800
1.88257802 0.30693501 0.09895000
1.89339399 0.30259499 0.09946800
1.89433599 0.29664499 0.09946800
1.88538694 0.28917801 0.09895000
1.89616203 0.28473699 0.09946800
1.88716698 0.27732700 0.09895000
1.88802898 0.27139699 0.09895000
1.88887203 0.26546401 0.09895000
1.88969696 0.25952801 0.09895000
1.88060498 0.25226200 0.09843200
1.89128995 0.24765000 0.09895000
1.88215303 0.24044199 0.09843200
1.88289905 0.23452701 0.09843200
1.89354002 0.22981399 0.09895000
1.88433504 0.22269200 0.09843200
1.88502598 0.21677200 0.09843200
1.88569701 0.21084900 0.09843200
1.88635004 0.20492300 0.09843200
1.88698494 0.19899499 0.09843200
1.89756894 0.19375201 0.09895000
1.88819802 0.18713599 0.09843200
1.88880801 0.18087301 0.09843200
1.88936698 0.17493901 0.09843200
1.88990700 0.16900200 0.09843200
1.89042902 0.16306500 0.09843200
1.88098001 0.15629700 0.09791400
1.88146102 0.15038700 0.09791400
1.88192499 0.14447600 0.09791400
1.88236904 0.13856199 0.09791400
1.89275706 0.13335100 0.09843200
1.88320196 0.12673301 0.09791400
1.88359106 0.12081600 0.09791400
1.88396204 0.11489800 0.09791400
1.88431299 0.10897900 0.09791400
1.88464606 0.10305900 0.09791400
1.88496101 0.09713700 0.09791400
1.89523196 0.09169700 0.09843200
1.88553405 0.08529200 0.09791400
1.88579297 0.07936800 0.09791400
1.88603306 0.07344400 0.09791400
1.88625395 0.06751800 0.09791400
1.88645697 0.06159100 0.09791400
1.88664103 0.05566500 0.09791400
1.88681495 0.04940800 0.09791400
1.88695395 0.04380900 0.09791400
1.88708198 0.03788100 0.09791400
1.88719201 0.03195200 0.09791400
1.88728297 0.02602400 0.09791400
1.88735497 0.02009500 0.09791400
1.88741100 0.01383500 0.09791400
1.88744497 0.00790600 0.09791400
1.88746095 0.00197600 0.09791400
1.88745797 -0.00395300 0.09791400
1.89742303 -0.00993500 0.09843200
1.88739800 -0.01548300 0.09791400
1.88733697 -0.02174200 0.09791400
1.88725400 -0.02800000 0.09791400
1.88715696 -0.03392900 0.09791400
1.87706399 -0.03931900 0.09739500
1.87693095 -0.04521600 0.09739500
1.88676202 -0.05138400 0.09791400
1.87661004 -0.05700800 0.09739500
1.88640201 -0.06323800 0.09791400
1.88619399 -0.06916400 0.09791400
1.88596797 -0.07508900 0.09791400
1.87574506 -0.08058500 0.09739500
1.88545895 -0.08693700 0.09791400
1.88515997 -0.09318900 0.09791400
1.88487506 -0.09878200 0.09791400
1.88455606 -0.10470300 0.09791400
1.88421798 -0.11062300 0.09791400
1.88383996 -0.11687100 0.09791400
1.88346398 -0.12278800 0.09791400
1.87310505 -0.12802400 0.09739500
1.88265502 -0.13462000 0.09791400
1.88222301 -0.14053400 0.09791400
1.88177204 -0.14644600 0.09791400
1.88130295 -0.15235700 0.09791400
1.87086296 -0.15742999 0.09739500
1.88030803 -0.16417500 0.09791400
1.87978303 -0.17008100 0.09791400
1.87924004 -0.17598601 0.09791400
1.87867701 -0.18188900 0.09791400
1.87809706 -0.18779001 0.09791400
1.87749803 -0.19368900 0.09791400
1.88680995 -0.20064300 0.09843200
1.88617098 -0.20656900 0.09843200
1.87558901 -0.21137500 0.09791400
1.88483596 -0.21841601 0.09843200
1.87422395 -0.22315601 0.09791400
1.88342595 -0.23025499 0.09843200
1.87274301 -0.23525400 0.09791400
1.88189995 -0.24241200 0.09843200
1.87122798 -0.24701600 0.09791400
1.88033998 -0.25423199 0.09843200
1.86963904 -0.25876901 0.09791400
1.86881697 -0.26464099 0.09791400
1.86797702 -0.27051100 0.09791400
1.86711800 -0.27637801 0.09791400
1.87611401 -0.28373599 0.09843200
1.87521398 -0.28962800 0.09843200
1.86442995 -0.29396299 0.09791400
1.87335706 -0.30140501 0.09843200
1.88225603 -0.30890599 0.09895000
1.87142599 -0.31316900 0.09843200
1.87037694 -0.31937301 0.09843200
1.86936498 -0.32524800 0.09843200
1.86833405 -0.33111900 0.09843200
1.86728406 -0.33698699 0.09843200
1.86621702 -0.34285200 0.09843200
1.87494695 -0.35054800 0.09895000
1.86402500 -0.35457000 0.09843200
1.87270701 -0.36232200 0.09895000
1.86176097 -0.36627501 0.09843200
1.87039399 -0.37408099 0.09895000
1.86920905 -0.37995499 0.09895000
1.86800599 -0.38582599 0.09895000
1.86678505 -0.39169201 0.09895000
1.86554503 -0.39755499 0.09895000
1.87404799 -0.40552601 0.09946800
1.86301100 -0.40926901 0.09895000
1.87138999 -0.41761899 0.09946800
1.87006903 -0.42349601 0.09946800
1.85899603 -0.42713299 0.09895000
1.86737096 -0.43523800 0.09946800
1.86599398 -0.44110200 0.09946800
1.86459899 -0.44696200 0.09946800
1.86318600 -0.45281801 0.09946800
1.86175394 -0.45866901 0.09946800
1.86030400 -0.46451601 0.09946800
1.85883605 -0.47035801 0.09946800
1.85734904 -0.47619501 0.09946800
1.83651197 -0.47700700 0.09843200
1.81568801 -0.47769201 0.09739500
1.91751003 0.45045501 0.03385500
1.95787895 0.45345199 0.03454300
1.95929396 0.44729799 0.03454300
1.95093405 0.43894601 0.03437100
1.95230401 0.43281499 0.03437100
1.95365405 0.42668000 0.03437100
1.93543506 0.41633499 0.03402700
1.94651496 0.41232401 0.03419900
1.94780004 0.40620801 0.03419900
1.94906700 0.40008599 0.03419900
1.94051301 0.39198199 0.03402700
1.95154202 0.38783199 0.03419900
1.94293797 0.37977999 0.03402700
1.94412100 0.37367600 0.03402700
1.94528604 0.36756599 0.03402700
1.94643104 0.36145300 0.03402700
1.94755697 0.35533601 0.03402700
1.94872499 0.34887600 0.03402700
1.93996298 0.34102100 0.03385500
1.94102502 0.33492401 0.03385500
1.95192599 0.33049300 0.03402700
1.94309103 0.32272199 0.03385500
1.94409597 0.31661600 0.03385500
1.94508100 0.31050801 0.03385500
1.93616796 0.30285001 0.03368300
1.93710995 0.29676500 0.03368300
1.97758496 0.29661000 0.03437100
1.98839903 0.29184899 0.03454300
1.98930597 0.28560099 0.03454300
1.99019396 0.27934900 0.03454300
1.99106097 0.27309501 0.03454300
1.99190998 0.26683900 0.03454300
1.98282397 0.25928399 0.03437100
1.99354696 0.25431901 0.03454300
1.99433601 0.24805400 0.03454300
2.00503111 0.24299000 0.03471500
1.99585497 0.23551799 0.03454300
1.99658501 0.22924700 0.03454300
1.99729502 0.22297400 0.03454300
1.99798596 0.21669801 0.03454300
1.91910899 0.20204499 0.03316800
1.95955598 0.19973500 0.03385500
1.95018995 0.19293600 0.03368300
1.94086599 0.18551600 0.03351200
1.95139503 0.18033800 0.03368300
1.93203402 0.17242900 0.03334000
1.94252801 0.16721700 0.03351200
1.93307900 0.16028699 0.03334000
1.95350695 0.15580299 0.03368300
1.93404806 0.14813800 0.03334000
1.93450403 0.14206100 0.03334000
1.94491506 0.13668500 0.03351200
1.93535900 0.12990400 0.03334000
1.94573498 0.12446100 0.03351200
1.95609701 0.11895500 0.03368300
1.94647896 0.11223400 0.03351200
1.94682205 0.10611800 0.03351200
1.93716002 0.09948800 0.03334000
1.94745004 0.09388300 0.03351200
1.92775905 0.08686500 0.03316800
1.95799100 0.08206400 0.03368300
1.96823096 0.07630000 0.03385500
1.97845304 0.07047200 0.03402700
1.97866404 0.06425600 0.03402700
1.97885704 0.05804000 0.03402700
1.97903800 0.05147800 0.03402700
1.97918200 0.04560500 0.03402700
1.97931600 0.03938700 0.03402700
1.97942996 0.03316800 0.03402700
1.97952402 0.02695000 0.03402700
1.98959696 0.02083600 0.03419900
1.98965502 0.01423800 0.03419900
1.97969198 0.00794700 0.03402700
1.97970700 0.00172700 0.03402700
1.99969900 -0.00453700 0.03437100
1.90969002 -0.01033300 0.03282400
1.93964505 -0.01625000 0.03334000
1.93958104 -0.02268200 0.03334000
1.93949497 -0.02911400 0.03334000
1.92939699 -0.03502500 0.03316800
1.92928505 -0.04075000 0.03316800
1.92914701 -0.04681000 0.03316800
1.93898499 -0.05314500 0.03334000
1.92881501 -0.05893100 0.03316800
1.92861998 -0.06499000 0.03316800
1.92840695 -0.07104800 0.03316800
1.93816400 -0.07750600 0.03334000
1.92792201 -0.08316400 0.03316800
1.94762695 -0.09014400 0.03351200
1.94731700 -0.09660200 0.03351200
1.93703699 -0.10185500 0.03334000
1.93670797 -0.10794000 0.03334000
1.93635905 -0.11402400 0.03334000
1.93596995 -0.12044400 0.03334000
1.92560506 -0.12587300 0.03316800
1.94515097 -0.13328899 0.03351200
1.96466804 -0.14082900 0.03385500
1.97418702 -0.14774700 0.03402700
1.97371304 -0.15394799 0.03402700
1.96325302 -0.15933900 0.03385500
1.97270596 -0.16634600 0.03402700
1.98213506 -0.17341401 0.03419900
1.98158002 -0.17964099 0.03419900
1.98100603 -0.18586500 0.03419900
1.99036396 -0.19305301 0.03437100
1.97979903 -0.19830801 0.03419900
1.97916603 -0.20452701 0.03419900
1.97851396 -0.21074399 0.03419900
1.97784197 -0.21695800 0.03419900
1.98708606 -0.22429200 0.03437100
1.89698505 -0.22015999 0.03282400
1.94592500 -0.23203699 0.03368300
1.93526196 -0.23693500 0.03351200
1.93446600 -0.24335100 0.03351200
1.92377496 -0.24814799 0.03334000
1.92298603 -0.25419000 0.03334000
1.93208599 -0.26157200 0.03351200
1.93125498 -0.26763999 0.03351200
1.94030404 -0.27511001 0.03368300
1.92953503 -0.27976900 0.03351200
1.92864704 -0.28582999 0.03351200
1.93762505 -0.29338399 0.03368300
1.93669403 -0.29947001 0.03368300
1.93574297 -0.30555299 0.03368300
1.93477404 -0.31163299 0.03368300
1.92391896 -0.31608799 0.03351200
1.93277800 -0.32378301 0.03368300
1.93169296 -0.33019000 0.03368300
1.91094601 -0.33282599 0.03334000
1.91973603 -0.34057400 0.03351200
1.92849600 -0.34838101 0.03368300
1.95689297 -0.35986301 0.03419900
1.94592500 -0.36417001 0.03402700
1.95459294 -0.37215099 0.03419900
1.95341396 -0.37829000 0.03419900
1.96202600 -0.38635701 0.03437100
1.96080303 -0.39251900 0.03437100
1.94976199 -0.39668399 0.03419900
1.96808898 -0.40685499 0.03454300
1.96680105 -0.41303599 0.03454300
1.95571601 -0.41712701 0.03437100
1.95439601 -0.42326900 0.03437100
1.95305598 -0.42940700 0.03437100
1.95162106 -0.43588099 0.03437100
1.93074000 -0.43759000 0.03402700
1.91961098 -0.44141299 0.03385500
1.92795205 -0.44971299 0.03402700
1.92653000 -0.45576701 0.03402700
1.92508900 -0.46181801 0.03402700
1.93334401 -0.47022599 0.03419900
1.91244102 -0.47151101 0.03385500
1.92065096 -0.47994000 0.03402700
1.89974797 -0.48106301 0.03368300
1.89822805 -0.48702899 0.03368300
