2.76110101 0.41314200 -0.74681801
2.75282598 0.40306601 -0.74423403
2.77320504 0.39715600 -0.74940199
2.75530505 0.38576201 -0.74423403
2.76607394 0.37841201 -0.74681801
2.76724911 0.36972100 -0.74681801
2.75881791 0.35977700 -0.74423403
2.75993490 0.35110801 -0.74423403
2.76102400 0.34243599 -0.74423403
2.76208591 0.33375901 -0.74423403
2.76312089 0.32508099 -0.74423403
2.75458598 0.31481999 -0.74164897
2.76516294 0.30723000 -0.74423403
2.76616597 0.29806000 -0.74423403
2.77664590 0.29085699 -0.74681801
2.76793599 0.28115600 -0.74423403
2.76880503 0.27246001 -0.74423403
2.76964688 0.26375899 -0.74423403
2.77046204 0.25505701 -0.74423403
2.77125001 0.24635200 -0.74423403
2.81050992 0.24094699 -0.75457001
2.80162597 0.23131999 -0.75198603
2.80233908 0.22251700 -0.75198603
2.80302405 0.21371301 -0.75198603
2.81331611 0.20560899 -0.75457001
2.80431104 0.19609800 -0.75198603
2.80491400 0.18728600 -0.75198603
2.80548811 0.17847200 -0.75198603
2.80603504 0.16965801 -0.75198603
2.72939801 0.15642101 -0.73131299
2.77810693 0.15045699 -0.74423403
2.76891804 0.14123701 -0.74164897
2.76934791 0.13253599 -0.74164897
2.76975107 0.12383600 -0.74164897
2.77012610 0.11513500 -0.74164897
2.77049303 0.10594700 -0.74164897
2.78046608 0.09758200 -0.74423403
2.77111912 0.08805400 -0.74164897
2.77136803 0.07983200 -0.74164897
2.77160501 0.07112500 -0.74164897
2.76215696 0.06220000 -0.73906499
2.77199793 0.05370900 -0.74164897
2.79147100 0.04531300 -0.74681801
2.80125904 0.03667000 -0.74940199
2.81101990 0.02796700 -0.75198603
2.80143404 0.01906900 -0.74940199
2.80148005 0.01026800 -0.74940199
2.80149794 0.00146600 -0.74940199
2.80148911 -0.00733400 -0.74940199
2.81111312 -0.01619100 -0.75198603
2.80139208 -0.02444700 -0.74940199
2.80129600 -0.03373700 -0.74940199
2.75287199 -0.04228400 -0.73648101
2.77204299 -0.05129000 -0.74164897
2.77187896 -0.05951500 -0.74164897
2.77167797 -0.06822200 -0.74164897
2.77145100 -0.07693000 -0.74164897
2.78085089 -0.08593400 -0.74423403
2.76125789 -0.09401300 -0.73906499
2.77060199 -0.10304600 -0.74164897
2.77026510 -0.11175000 -0.74164897
2.77955103 -0.12087200 -0.74423403
2.77913499 -0.13008800 -0.74423403
2.76906490 -0.13833700 -0.74164897
2.77828908 -0.14706300 -0.74423403
2.77778602 -0.15627500 -0.74423403
2.78692389 -0.16557400 -0.74681801
2.79603195 -0.17493200 -0.74940199
2.79546905 -0.18371500 -0.74940199
2.80451488 -0.19316000 -0.75198603
2.80389500 -0.20196900 -0.75198603
2.80324602 -0.21077700 -0.75198603
2.81220102 -0.22033700 -0.75457001
2.81149507 -0.22917099 -0.75457001
2.80113506 -0.23718700 -0.75198603
2.80037594 -0.24598600 -0.75198603
2.77072811 -0.25215599 -0.74423403
2.76992202 -0.26085901 -0.74423403
2.77870393 -0.27049601 -0.74681801
2.76822805 -0.27825800 -0.74423403
2.76733994 -0.28695300 -0.74423403
2.77603102 -0.29667199 -0.74681801
2.76548290 -0.30433500 -0.74423403
2.76451302 -0.31302199 -0.74423403
2.77311206 -0.32282200 -0.74681801
2.76249194 -0.33038500 -0.74423403
2.77096891 -0.34072301 -0.74681801
2.76988506 -0.34942701 -0.74681801
2.76877403 -0.35812700 -0.74681801
2.77721095 -0.36809301 -0.74940199
2.79518700 -0.37941399 -0.75457001
2.79398108 -0.38819399 -0.75457001
2.79274702 -0.39697000 -0.75457001
2.80104589 -0.40713099 -0.75715399
2.79019809 -0.41450900 -0.75457001
2.78888202 -0.42327300 -0.75457001
2.77799201 -0.43055201 -0.75198603
2.78616810 -0.44078699 -0.75457001
2.78476906 -0.44953799 -0.75457001
2.73568296 -0.45043701 -0.74164897
2.77236199 -0.46542701 -0.75198603
2.76128197 -0.47298700 -0.74940199
2.75978303 -0.48165900 -0.74940199
2.75825596 -0.49032700 -0.74940199
2.76620793 -0.50071001 -0.75198603
2.74562001 -0.50589699 -0.74681801
2.85373712 0.41733301 -0.66604602
2.79716206 0.40008700 -0.65254498
2.82735395 0.39534599 -0.65929598
2.84788990 0.38909900 -0.66379601
2.83944011 0.37886199 -0.66154599
2.85027790 0.37119901 -0.66379601
2.85142994 0.36224201 -0.66379601
2.87189388 0.35567701 -0.66829699
2.83430290 0.34198400 -0.65929598
2.85471797 0.33535200 -0.66379601
2.85581398 0.32588401 -0.66379601
2.86650801 0.31798401 -0.66604602
2.86754704 0.30847701 -0.66604602
2.86844897 0.29996699 -0.66604602
2.85968399 0.28997201 -0.66379601
2.87027693 0.28193900 -0.66604602
2.88084888 0.27384201 -0.66829699
2.82347894 0.25944099 -0.65479600
2.83398509 0.25143000 -0.65704602
2.85417700 0.24418899 -0.66154599
2.84522009 0.23442000 -0.65929598
2.85565495 0.22624899 -0.66154599
2.84663701 0.21653800 -0.65929598
2.84730291 0.20759501 -0.65929598
2.85766101 0.19932599 -0.66154599
2.84855103 0.18970001 -0.65929598
2.83940911 0.18013300 -0.65704602
2.84968710 0.17179801 -0.65929598
2.84048390 0.16229001 -0.65704602
2.85070992 0.15389000 -0.65929598
2.85117888 0.14493400 -0.65929598
2.85161996 0.13597500 -0.65929598
2.86176705 0.12745000 -0.66154599
2.86215401 0.11845900 -0.66154599
2.86253095 0.10896600 -0.66154599
2.85312104 0.09963300 -0.65929598
2.86317492 0.09047900 -0.66154599
2.86343098 0.08198400 -0.66154599
2.87341499 0.07323600 -0.66379601
2.86388898 0.06399000 -0.66154599
2.82510900 0.05424500 -0.65254498
2.85449195 0.04583800 -0.65929598
2.86436510 0.03699700 -0.66154599
2.85472393 0.02790300 -0.65929598
2.84505391 0.01886900 -0.65704602
2.85484290 0.00996600 -0.65929598
2.85486007 0.00099600 -0.65929598
2.84510589 -0.00794500 -0.65704602
2.84506702 -0.01688300 -0.65704602
2.85474706 -0.02541100 -0.65929598
2.84490395 -0.03475900 -0.65704602
2.84477401 -0.04419300 -0.65704602
2.83470893 -0.06135900 -0.65479600
2.86372399 -0.07098800 -0.66154599
2.86348701 -0.07998400 -0.66154599
2.86322188 -0.08898000 -0.66154599
2.86292791 -0.09797500 -0.66154599
2.86260605 -0.10696800 -0.66154599
2.85251999 -0.11556600 -0.65929598
2.86187696 -0.12495200 -0.66154599
2.86144710 -0.13444200 -0.66154599
2.87074304 -0.14391901 -0.66379601
2.81192398 -0.14933500 -0.65029502
2.84059691 -0.16030601 -0.65704602
2.85953212 -0.17038800 -0.66154599
2.84925795 -0.17876101 -0.65929598
2.85840511 -0.18835200 -0.66154599
2.84807897 -0.19666000 -0.65929598
2.85716510 -0.20630801 -0.66154599
2.84678698 -0.21455100 -0.65929598
2.84609890 -0.22349299 -0.65929598
2.85509396 -0.23322600 -0.66154599
2.85434699 -0.24219500 -0.66154599
2.85357189 -0.25116101 -0.66154599
2.85193801 -0.26908499 -0.66154599
2.87047410 -0.27993500 -0.66604602
2.87927508 -0.28992799 -0.66829699
2.87835002 -0.29897201 -0.66829699
2.87739611 -0.30801299 -0.66829699
2.88609910 -0.31811801 -0.67054701
2.88508511 -0.32718399 -0.67054701
2.88404298 -0.33624601 -0.67054701
2.88297296 -0.34530500 -0.67054701
2.86247110 -0.35248199 -0.66604602
2.81301498 -0.35536599 -0.65479600
2.85053706 -0.36920801 -0.66379601
2.84936309 -0.37816200 -0.66379601
2.84816098 -0.38711101 -0.66379601
2.85658097 -0.39739999 -0.66604602
2.85531902 -0.40637201 -0.66604602
2.84438610 -0.41393700 -0.66379601
2.84307098 -0.42287099 -0.66379601
2.85136199 -0.43326399 -0.66604602
2.84998703 -0.44222000 -0.66604602
2.84858298 -0.45117101 -0.66604602
2.84715199 -0.46011800 -0.66604602
2.84569192 -0.46906000 -0.66604602
2.84420490 -0.47799799 -0.66604602
2.83300090 -0.48578101 -0.66379601
2.85065699 -0.49803200 -0.66829699
2.84907794 -0.50698501 -0.66829699
2.89662695 0.40451699 -0.57124001
2.94650602 0.40204901 -0.58082402
2.95748305 0.39408699 -0.58274102
2.94897389 0.38352901 -0.58082402
2.95990109 0.37549701 -0.58274102
2.96106601 0.36619699 -0.58274102
2.96220207 0.35689101 -0.58274102
2.95356107 0.34644100 -0.58082402
2.95469308 0.33664501 -0.58082402
2.94598198 0.32628000 -0.57890803
2.94704700 0.31650901 -0.57890803
2.95773506 0.30878201 -0.58082402
2.94892597 0.29850101 -0.57890803
2.94984889 0.28923601 -0.57890803
2.97028399 0.28182000 -0.58274102
2.94183397 0.26979899 -0.57699102
2.96221995 0.26228601 -0.58082402
2.95402789 0.24286599 -0.57890803
2.96456099 0.23435700 -0.58082402
2.94570899 0.22355700 -0.57699102
2.94639707 0.21430300 -0.57699102
2.94705606 0.20504400 -0.57699102
2.95747900 0.19643600 -0.57890803
2.95808101 0.18714300 -0.57890803
2.93906093 0.17667200 -0.57507402
2.93960094 0.16743800 -0.57507402
2.93031192 0.15767400 -0.57315701
2.94059491 0.14896400 -0.57507402
2.97045898 0.14112200 -0.58082402
2.96108294 0.13135500 -0.57890803
2.96148109 0.12205200 -0.57890803
2.95206189 0.11185900 -0.57699102
2.95239902 0.10258400 -0.57699102
2.95272303 0.09279300 -0.57699102
2.95298505 0.08403200 -0.57699102
2.96304607 0.07500300 -0.57890803
2.94364309 0.06525800 -0.57507402
2.94383311 0.05601100 -0.57507402
2.95380807 0.04691700 -0.57699102
2.94412708 0.03751300 -0.57507402
2.95404410 0.02835800 -0.57699102
2.94430399 0.01901300 -0.57507402
2.93453503 0.00973200 -0.57315701
2.94436598 0.00051300 -0.57507402
2.95416689 -0.00876500 -0.57699102
2.93449712 -0.01792600 -0.57315701
2.95405889 -0.02681100 -0.57699102
2.93432593 -0.03636400 -0.57315701
2.93418908 -0.04609400 -0.57315701
2.90459204 -0.05475700 -0.56740600
2.94366503 -0.06423100 -0.57507402
2.95325994 -0.07372300 -0.57699102
2.94320297 -0.08272500 -0.57507402
2.95273900 -0.09227800 -0.57699102
2.95243406 -0.10155400 -0.57699102
2.95210099 -0.11082800 -0.57699102
2.95173812 -0.12010200 -0.57699102
2.95134592 -0.12937500 -0.57699102
2.96070504 -0.13962300 -0.57890803
2.95044899 -0.14843100 -0.57699102
2.93039393 -0.15614000 -0.57315701
2.93912196 -0.17564601 -0.57507402
2.93855596 -0.18487801 -0.57507402
2.93795991 -0.19410899 -0.57507402
2.95691800 -0.20469400 -0.57890803
2.93668294 -0.21256500 -0.57507402
2.94578695 -0.22252899 -0.57699102
2.94507408 -0.23178200 -0.57699102
2.94433093 -0.24103300 -0.57699102
2.95333791 -0.25111401 -0.57890803
2.91342902 -0.25694200 -0.57124001
2.94192910 -0.26877201 -0.57699102
2.95084095 -0.27893701 -0.57890803
2.95971799 -0.28916001 -0.58082402
2.95879507 -0.29845700 -0.58082402
2.94808102 -0.30673501 -0.57890803
2.95686102 -0.31704101 -0.58082402
2.94609499 -0.32525200 -0.57890803
2.94505906 -0.33450601 -0.57890803
2.94399405 -0.34375599 -0.57890803
2.93315411 -0.35183400 -0.57699102
2.94171190 -0.36276001 -0.57890803
2.93937492 -0.38123599 -0.57890803
2.95762110 -0.39305499 -0.58274102
2.93692207 -0.39969799 -0.57890803
2.93565106 -0.40892199 -0.57890803
2.94406796 -0.41952699 -0.58082402
2.94273591 -0.42877400 -0.58082402
2.94137502 -0.43801701 -0.58082402
2.93998408 -0.44725499 -0.58082402
2.94826198 -0.45799601 -0.58274102
2.90803504 -0.46110800 -0.57507402
2.94532704 -0.47651100 -0.58274102
2.94381499 -0.48576200 -0.58274102
2.94227505 -0.49500799 -0.58274102
2.93094397 -0.50310200 -0.58082402
2.92934895 -0.51230699 -0.58082402
2.94787097 0.38286200 -0.47283399
3.02744007 0.38352799 -0.48540100
3.03843093 0.37522599 -0.48697200
3.02978992 0.36449799 -0.48540100
3.03092003 0.35497901 -0.48540100
3.03207994 0.34492600 -0.48540100
3.05278111 0.33756900 -0.48854300
3.04406404 0.32639199 -0.48697200
3.03519702 0.31633401 -0.48540100
3.04600096 0.30779001 -0.48697200
3.05678201 0.29918200 -0.48854300
3.05770707 0.28957599 -0.48854300
3.03893209 0.27816901 -0.48540100
3.04962802 0.26948899 -0.48697200
3.00125909 0.25571600 -0.47911799
3.05126095 0.25032401 -0.48697200
3.04218698 0.23995900 -0.48540100
3.04292607 0.23040099 -0.48540100
3.03378510 0.22012600 -0.48383000
3.05416608 0.21196100 -0.48697200
3.05481696 0.20236599 -0.48697200
3.04558110 0.19214500 -0.48540100
3.04617000 0.18257700 -0.48540100
3.03686810 0.17244700 -0.48383000
3.03739500 0.16290399 -0.48383000
3.04775500 0.15386000 -0.48540100
3.02849388 0.14334901 -0.48225901
3.02892900 0.13383500 -0.48225901
3.02933502 0.12431900 -0.48225901
3.02973104 0.11427200 -0.48225901
3.03007507 0.10475400 -0.48225901
3.03040504 0.09470400 -0.48225901
3.03067303 0.08571300 -0.48225901
3.03092694 0.07619200 -0.48225901
3.03115201 0.06666900 -0.48225901
3.03134608 0.05714700 -0.48225901
3.04138494 0.04777700 -0.48383000
3.05139494 0.03834700 -0.48540100
3.05150104 0.02876100 -0.48540100
3.04170108 0.01911200 -0.48383000
3.04174590 0.00955600 -0.48383000
3.05163598 0.00000000 -0.48540100
3.05162096 -0.00958700 -0.48540100
3.06145191 -0.01923600 -0.48697200
3.04163098 -0.02813700 -0.48383000
3.04152012 -0.03822300 -0.48383000
3.05125189 -0.04846600 -0.48540100
3.02146196 -0.05748700 -0.48068899
3.02127790 -0.06645200 -0.48068899
3.03092694 -0.07619200 -0.48225901
3.03067303 -0.08571300 -0.48225901
3.03038907 -0.09523400 -0.48225901
3.03007507 -0.10475400 -0.48225901
3.01986194 -0.11390000 -0.48068899
3.02935696 -0.12379000 -0.48225901
3.02895308 -0.13330600 -0.48225901
3.02849388 -0.14335001 -0.48225901
3.03789210 -0.15336099 -0.48383000
3.04728508 -0.16290200 -0.48540100
3.03686905 -0.17244600 -0.48383000
3.04617000 -0.18257600 -0.48540100
3.04558110 -0.19214500 -0.48540100
3.04496288 -0.20171200 -0.48540100
3.05416608 -0.21196100 -0.48697200
3.05348492 -0.22155499 -0.48697200
3.05277395 -0.23114701 -0.48697200
3.04218698 -0.23996000 -0.48540100
3.04141903 -0.24951600 -0.48540100
3.04062009 -0.25906900 -0.48540100
3.02995300 -0.26775101 -0.48383000
3.02909708 -0.27726901 -0.48383000
3.02821112 -0.28678399 -0.48383000
3.02729511 -0.29629499 -0.48383000
3.04600096 -0.30779001 -0.48697200
3.03519702 -0.31633401 -0.48540100
3.03418803 -0.32586801 -0.48540100
3.03314900 -0.33539900 -0.48540100
3.04189301 -0.34604201 -0.48697200
3.04079103 -0.35559699 -0.48697200
3.04946399 -0.36632600 -0.48854300
3.02863002 -0.37401500 -0.48540100
3.03723693 -0.38476899 -0.48697200
3.03601289 -0.39430901 -0.48697200
3.04454899 -0.40514800 -0.48854300
3.04326200 -0.41471100 -0.48854300
3.05172491 -0.42563400 -0.49011400
3.04059601 -0.43382400 -0.48854300
3.04899001 -0.44479999 -0.49011400
3.04757810 -0.45437601 -0.49011400
3.01684499 -0.45948699 -0.48540100
3.03490400 -0.47199801 -0.48854300
3.04315996 -0.48307800 -0.49011400
3.03187895 -0.49105701 -0.48854300
3.03032088 -0.50058001 -0.48854300
3.01899505 -0.50845701 -0.48697200
3.08073711 0.39957201 -0.38249201
3.07213092 0.38864499 -0.38126999
3.10288811 0.38263601 -0.38493600
3.08436608 0.37051800 -0.38249201
3.09537292 0.36197999 -0.38371399
3.07683301 0.34947300 -0.38126999
3.10751104 0.34307200 -0.38493600
3.11849999 0.33382201 -0.38615799
3.10960507 0.32354000 -0.38493600
3.12048101 0.31476599 -0.38615799
3.11157703 0.30399701 -0.38493600
3.12239695 0.29515299 -0.38615799
3.12330890 0.28534299 -0.38615799
3.11430407 0.27465701 -0.38493600
3.11515093 0.26487201 -0.38493600
3.04672408 0.24941599 -0.37638199
3.09696507 0.24373600 -0.38249201
3.08781791 0.23325799 -0.38126999
3.08853602 0.22355700 -0.38126999
3.08922291 0.21385200 -0.38126999
3.08987999 0.20414700 -0.38126999
3.09050608 0.19443800 -0.38126999
3.09110093 0.18472800 -0.38126999
3.09166598 0.17501700 -0.38126999
3.09220099 0.16530199 -0.38126999
3.08279300 0.15508901 -0.38004801
3.11300707 0.14680500 -0.38371399
3.10353708 0.13658901 -0.38249201
3.12378407 0.12764899 -0.38493600
3.13410902 0.11766100 -0.38615799
3.12454391 0.10747400 -0.38493600
3.12488294 0.09711100 -0.38493600
3.13507795 0.08811800 -0.38615799
3.12541795 0.07802200 -0.38493600
3.12564707 0.06820200 -0.38493600
3.12584591 0.05838200 -0.38493600
3.04662299 0.04732800 -0.37516001
3.10630298 0.03849500 -0.38249201
3.09648395 0.02864500 -0.38126999
3.09655905 0.01891600 -0.38126999
3.08667803 0.00915900 -0.38004801
3.09661603 -0.00054000 -0.38126999
3.08667397 -0.01023600 -0.38004801
3.08662701 -0.01993300 -0.38004801
3.08654904 -0.02963000 -0.38004801
3.08643389 -0.03986500 -0.38004801
3.08629298 -0.04956100 -0.38004801
3.09604597 -0.05944700 -0.38126999
3.11570096 -0.06907300 -0.38371399
3.12539005 -0.07911200 -0.38493600
3.11520505 -0.08864800 -0.38371399
3.12483096 -0.09874800 -0.38493600
3.11458707 -0.10822000 -0.38371399
3.11423206 -0.11800400 -0.38371399
3.11384511 -0.12778699 -0.38371399
3.10351300 -0.13713001 -0.38249201
3.11295509 -0.14789200 -0.38371399
3.04308891 -0.15415600 -0.37516001
3.10208297 -0.16637400 -0.38249201
3.08169603 -0.17553100 -0.38004801
3.09103703 -0.18580700 -0.38126999
3.09043789 -0.19551700 -0.38126999
3.08980799 -0.20522501 -0.38126999
3.08914804 -0.21493100 -0.38126999
3.08845806 -0.22463401 -0.38126999
3.08773708 -0.23433600 -0.38126999
3.09687996 -0.24481700 -0.38249201
3.08620405 -0.25373200 -0.38126999
3.08539104 -0.26342601 -0.38126999
3.11420798 -0.27574399 -0.38493600
3.12320900 -0.28643301 -0.38615799
3.12229395 -0.29624301 -0.38615799
3.11146998 -0.30508199 -0.38493600
3.12037110 -0.31585500 -0.38615799
3.11936402 -0.32565701 -0.38615799
3.11832500 -0.33545500 -0.38615799
3.11725593 -0.34525001 -0.38615799
3.12601709 -0.35616499 -0.38738000
3.06573701 -0.35905600 -0.38004801
3.10400891 -0.37342799 -0.38493600
3.09290409 -0.38250101 -0.38371399
3.09168696 -0.39221600 -0.38371399
3.09044003 -0.40192699 -0.38371399
3.09899998 -0.41294399 -0.38493600
3.08785295 -0.42133600 -0.38371399
3.08651400 -0.43103501 -0.38371399
3.09496999 -0.44213301 -0.38493600
3.09356594 -0.45185399 -0.38493600
3.09213090 -0.46156999 -0.38493600
3.09066606 -0.47128201 -0.38493600
3.08916998 -0.48098999 -0.38493600
3.09744596 -0.49225000 -0.38615799
3.09588408 -0.50197798 -0.38615799
3.07470798 -0.50846303 -0.38371399
3.08457208 0.37983099 -0.27485001
3.20443296 0.38437399 -0.28542101
3.22547793 0.37605301 -0.28718299
3.22664404 0.36591899 -0.28718299
3.20803690 0.35303700 -0.28542101
3.21903491 0.34401599 -0.28630200
3.21013403 0.33343300 -0.28542101
3.21116495 0.32334700 -0.28542101
3.20225096 0.31229100 -0.28454000
3.19329906 0.30129299 -0.28365901
3.19423008 0.29126000 -0.28365901
3.18520689 0.28034899 -0.28277799
3.19599700 0.27118400 -0.28365901
3.19683290 0.26114300 -0.28365901
3.18921709 0.23028500 -0.28277799
3.19986200 0.22095001 -0.28365901
3.20054102 0.21089700 -0.28365901
3.20118690 0.20084000 -0.28365901
3.20180202 0.19078299 -0.28365901
3.20238590 0.18072399 -0.28365901
3.20293808 0.17066200 -0.28365901
3.20345807 0.16059899 -0.28365901
3.13429594 0.14726099 -0.27749199
3.19445300 0.14003199 -0.28277799
3.20485210 0.12984100 -0.28365901
3.20524502 0.11977200 -0.28365901
3.19566894 0.10880400 -0.28277799
3.20595098 0.09907000 -0.28365901
3.19627404 0.08928000 -0.28277799
3.19653797 0.07923900 -0.28277799
3.19677210 0.06919500 -0.28277799
3.18701410 0.05896800 -0.28189701
3.19714308 0.04910800 -0.28277799
3.20742512 0.01903300 -0.28365901
3.17758608 0.00887400 -0.28101599
3.17759800 -0.00110900 -0.28101599
3.18754005 -0.01112700 -0.28189701
3.17752790 -0.02107400 -0.28101599
3.19736791 -0.03125200 -0.28277799
3.18728590 -0.04172400 -0.28189701
3.14730000 -0.05109000 -0.27837300
3.18696094 -0.06174900 -0.28189701
3.22659898 -0.07209500 -0.28542101
3.22635603 -0.08223100 -0.28542101
3.21612501 -0.09208200 -0.28454000
3.20586300 -0.10186800 -0.28365901
3.20552802 -0.11193900 -0.28365901
3.19520593 -0.12163000 -0.28277799
3.19480801 -0.13166800 -0.28277799
3.18442702 -0.14126299 -0.28189701
3.18394089 -0.15182200 -0.28189701
3.19231391 -0.18239100 -0.28277799
3.19172502 -0.19241901 -0.28277799
3.19110489 -0.20244500 -0.28277799
3.19045401 -0.21246900 -0.28277799
3.19970703 -0.22318400 -0.28365901
3.17912102 -0.23178700 -0.28189701
3.19824195 -0.24328400 -0.28365901
3.21732211 -0.25490400 -0.28542101
3.12715697 -0.25764900 -0.27749199
3.19580698 -0.27341500 -0.28365901
3.19493198 -0.28345400 -0.28365901
3.20394492 -0.29440099 -0.28454000
3.20300508 -0.30446500 -0.28454000
3.19211888 -0.31355199 -0.28365901
3.19111800 -0.32357901 -0.28365901
3.19999290 -0.33463901 -0.28454000
3.18902206 -0.34362301 -0.28365901
3.19782710 -0.35473800 -0.28454000
3.19669700 -0.36478299 -0.28454000
3.18445206 -0.38366899 -0.28365901
3.19304800 -0.39545199 -0.28454000
3.19179010 -0.40548101 -0.28454000
3.19050002 -0.41550601 -0.28454000
3.18917894 -0.42552701 -0.28454000
3.18782711 -0.43554401 -0.28454000
3.19630790 -0.44693601 -0.28542101
3.18502688 -0.45556501 -0.28454000
3.11458611 -0.45547900 -0.27837300
3.19195294 -0.47704101 -0.28542101
3.20028591 -0.48856899 -0.28630200
3.19873500 -0.49862099 -0.28630200
3.18731594 -0.50710201 -0.28542101
3.26216006 0.39072099 -0.17248900
3.28327608 0.38221100 -0.17353800
3.27453709 0.37077099 -0.17301300
3.27574897 0.35991001 -0.17301300
3.26693296 0.34855801 -0.17248900
3.27788591 0.33989200 -0.17301300
3.30874610 0.33259001 -0.17458600
3.31971407 0.32316199 -0.17511100
3.31077099 0.31179401 -0.17458600
3.31173396 0.30139199 -0.17458600
3.30271697 0.29011101 -0.17406200
3.31356192 0.28057700 -0.17458600
3.30447412 0.26935500 -0.17406200
3.27543712 0.25663200 -0.17248900
3.27622700 0.24634100 -0.17248900
3.26702404 0.23533000 -0.17196500
3.25778508 0.22437800 -0.17144100
3.26843810 0.21479800 -0.17196500
3.26909709 0.20452800 -0.17196500
3.26972389 0.19425599 -0.17196500
3.27031803 0.18398499 -0.17196500
3.27087998 0.17370901 -0.17196500
3.27140903 0.16343300 -0.17196500
3.26193094 0.15268700 -0.17144100
3.31227803 0.14461701 -0.17406200
3.27282691 0.13202301 -0.17196500
3.29318500 0.12248200 -0.17301300
3.30355310 0.11190000 -0.17353800
3.30388808 0.10152000 -0.17353800
3.29419303 0.09144000 -0.17301300
3.30444694 0.08133700 -0.17353800
3.31467009 0.07116900 -0.17406200
3.27493906 0.06002400 -0.17196500
3.27511096 0.04973400 -0.17196500
3.26526594 0.03932500 -0.17144100
3.27535892 0.02915600 -0.17196500
3.27543497 0.01886500 -0.17196500
3.26549101 0.00855000 -0.17144100
3.27548909 -0.00171500 -0.17196500
3.26548100 -0.01196900 -0.17144100
3.26542711 -0.02222700 -0.17144100
3.27532697 -0.03258500 -0.17196500
3.26521492 -0.04331400 -0.17144100
3.25507808 -0.05340800 -0.17091601
3.27486300 -0.06402400 -0.17196500
3.27465892 -0.07374100 -0.17196500
3.27441096 -0.08402800 -0.17196500
3.26414895 -0.09402700 -0.17144100
3.26383710 -0.10428100 -0.17144100
3.26349401 -0.11453400 -0.17144100
3.26311803 -0.12478600 -0.17144100
3.26270890 -0.13503700 -0.17144100
3.27224493 -0.14573000 -0.17196500
3.27174401 -0.15658100 -0.17196500
3.26126289 -0.16635001 -0.17144100
3.26072407 -0.17659500 -0.17144100
3.27012300 -0.18740900 -0.17196500
3.26951790 -0.19768099 -0.17196500
3.25891495 -0.20731799 -0.17144100
3.26821208 -0.21822000 -0.17196500
3.27747202 -0.22918300 -0.17248900
3.26677608 -0.23875099 -0.17196500
3.27596688 -0.24977100 -0.17248900
3.25525689 -0.25848100 -0.17144100
3.26438093 -0.26952800 -0.17196500
3.27346802 -0.28063500 -0.17248900
3.26262307 -0.29003301 -0.17196500
3.27164006 -0.30119699 -0.17248900
3.28061891 -0.31242099 -0.17301300
3.26968288 -0.32174799 -0.17248900
3.26865602 -0.33201799 -0.17248900
3.26759696 -0.34228501 -0.17248900
3.26650500 -0.35254899 -0.17248900
3.27530694 -0.36391199 -0.17301300
3.25430393 -0.37193200 -0.17196500
3.26303697 -0.38331899 -0.17248900
3.27173209 -0.39476401 -0.17301300
3.27040410 -0.40561199 -0.17301300
3.26911402 -0.41588399 -0.17301300
3.27769399 -0.42744300 -0.17353800
3.27633500 -0.43773800 -0.17353800
3.26504898 -0.44667599 -0.17301300
3.28340912 -0.45969999 -0.17406200
3.26217794 -0.46718201 -0.17301300
3.28045607 -0.48032099 -0.17406200
3.26905489 -0.48914701 -0.17353800
3.27737403 -0.50092298 -0.17406200
3.24618292 -0.50659800 -0.17248900
3.31836796 0.37514800 -0.05739900
3.37922812 0.37068200 -0.05843000
3.38037491 0.36006501 -0.05843000
3.37154508 0.34841499 -0.05825900
3.37262201 0.33782199 -0.05825900
3.37366700 0.32722500 -0.05825900
3.38463306 0.31755799 -0.05843000
3.36569905 0.30511701 -0.05808700
3.36664104 0.29454201 -0.05808700
3.36754894 0.28396499 -0.05808700
3.36842489 0.27338499 -0.05808700
3.36926699 0.26280001 -0.05808700
3.36010599 0.25146699 -0.05791500
3.37085199 0.24162699 -0.05808700
3.38156891 0.23171800 -0.05825900
3.36232591 0.21979000 -0.05791500
3.37297893 0.20984600 -0.05808700
3.37362194 0.19924700 -0.05808700
3.36424804 0.18809199 -0.05791500
3.37480688 0.17804700 -0.05808700
3.36536407 0.16694900 -0.05791500
3.36587191 0.15637501 -0.05791500
3.36634588 0.14580099 -0.05791500
3.36678791 0.13522500 -0.05791500
3.36719608 0.12464600 -0.05791500
3.37758398 0.11381700 -0.05808700
3.36793089 0.10289900 -0.05791500
3.37823200 0.09259300 -0.05808700
3.36851096 0.08173700 -0.05791500
3.35875511 0.07094200 -0.05774300
3.37895489 0.06074900 -0.05808700
3.37912893 0.05013400 -0.05808700
3.37927008 0.03951800 -0.05808700
3.36937904 0.02881700 -0.05791500
3.36945295 0.01823100 -0.05791500
3.36949301 0.00764400 -0.05791500
3.36950111 -0.00294000 -0.05791500
3.36947703 -0.01293800 -0.05791500
3.35942197 -0.02345400 -0.05774300
3.37932801 -0.03421000 -0.05808700
3.36919808 -0.04528100 -0.05791500
3.36903906 -0.05586600 -0.05791500
3.36884689 -0.06645000 -0.05791500
3.36862206 -0.07703300 -0.05791500
3.36836290 -0.08761500 -0.05791500
3.37806511 -0.09848800 -0.05808700
3.36774611 -0.10877800 -0.05791500
3.36738801 -0.11935700 -0.05791500
3.37698698 -0.13032100 -0.05808700
3.36657095 -0.14051300 -0.05791500
3.36611295 -0.15108800 -0.05791500
3.37560892 -0.16214199 -0.05808700
3.36509705 -0.17223500 -0.05791500
3.37452292 -0.18334800 -0.05808700
3.36394906 -0.19337501 -0.05791500
3.37326908 -0.20513600 -0.05808700
3.37260795 -0.21573301 -0.05808700
3.37191391 -0.22632700 -0.05808700
3.37118602 -0.23691900 -0.05808700
3.38039708 -0.24824101 -0.05825900
3.35966206 -0.25733200 -0.05791500
3.35883594 -0.26788601 -0.05791500
3.36794305 -0.27926299 -0.05808700
3.37701011 -0.29069901 -0.05825900
3.37608099 -0.30130699 -0.05825900
3.37511706 -0.31191200 -0.05825900
3.37412095 -0.32251400 -0.05825900
3.37309098 -0.33311200 -0.05825900
3.37202811 -0.34370700 -0.05825900
3.38087511 -0.35534400 -0.05843000
3.36980200 -0.36488700 -0.05825900
3.37857604 -0.37658000 -0.05843000
3.37737608 -0.38719201 -0.05843000
3.37614298 -0.39780000 -0.05843000
3.37487602 -0.40840501 -0.05843000
3.36358094 -0.41835999 -0.05825900
3.37216902 -0.43019000 -0.05843000
3.38071489 -0.44207901 -0.05860200
3.38921905 -0.45402500 -0.05877400
3.37787008 -0.46331099 -0.05860200
3.37639809 -0.47392100 -0.05860200
3.37489200 -0.48452601 -0.05860200
3.37335396 -0.49512601 -0.05860200
3.38167000 -0.50720400 -0.05877400
3.34052706 -0.51176900 -0.05808700
3.45933104 0.37397099 0.05980500
3.51020789 0.36831701 0.06066500
3.52123308 0.35891500 0.06083600
3.52234292 0.34785199 0.06083600
3.51346493 0.33583200 0.06066500
3.50454712 0.32387301 0.06049300
3.50554705 0.31286100 0.06049300
3.51647401 0.30270600 0.06066500
3.51740789 0.29165599 0.06066500
3.51830602 0.28060299 0.06066500
3.50920200 0.26878601 0.06049300
3.51999998 0.25849199 0.06066500
3.51082110 0.24673299 0.06049300
3.52155495 0.23637100 0.06066500
3.52227998 0.22530600 0.06066500
3.52296996 0.21424000 0.06066500
3.52362609 0.20317200 0.06066500
3.51426291 0.19155701 0.06049300
3.51484799 0.18051501 0.06049300
3.51539803 0.16947100 0.06049300
3.51591301 0.15842700 0.06049300
3.51639295 0.14738099 0.06049300
3.51686192 0.13571900 0.06049300
3.51727104 0.12467000 0.06049300
3.51766491 0.11300500 0.06049300
3.51800299 0.10195400 0.06049300
3.50829506 0.09125600 0.06032100
3.51855993 0.08046100 0.06049300
3.51879597 0.06940800 0.06049300
3.50899911 0.05818600 0.06032100
3.50916505 0.04716300 0.06032100
3.51929402 0.03624200 0.06049300
3.51939011 0.02518400 0.06049300
3.50945306 0.01408800 0.06032100
3.51947904 0.00307100 0.06049300
3.51947093 -0.00798500 0.06049300
3.51942897 -0.01904200 0.06049300
3.51935697 -0.02948400 0.06049300
3.51923895 -0.04115500 0.06049300
3.51908398 -0.05282500 0.06049300
3.51889992 -0.06388000 0.06049300
3.51869512 -0.07432100 0.06049300
3.51844501 -0.08537400 0.06049300
3.50816393 -0.09615400 0.06032100
3.50784492 -0.10717400 0.06032100
3.51748395 -0.11853100 0.06049300
3.50710201 -0.12921301 0.06032100
3.50667906 -0.14023000 0.06032100
3.50622106 -0.15124600 0.06032100
3.51571608 -0.16272201 0.06049300
3.51515698 -0.17438000 0.06049300
3.50464010 -0.18428400 0.06032100
3.51399302 -0.19646300 0.06049300
3.51335812 -0.20750099 0.06049300
3.51268911 -0.21853800 0.06049300
3.51198506 -0.22957200 0.06049300
3.51124597 -0.24060400 0.06049300
3.52044606 -0.25234899 0.06066500
3.50966501 -0.26266101 0.06049300
3.51879096 -0.27446300 0.06066500
3.50794601 -0.28470799 0.06049300
3.51699710 -0.29656699 0.06066500
3.50608802 -0.30674300 0.06049300
3.51506400 -0.31865901 0.06066500
3.51404595 -0.32969999 0.06066500
3.52294397 -0.34170300 0.06083600
3.52185297 -0.35276899 0.06083600
3.51078200 -0.36280400 0.06066500
3.51956701 -0.37489101 0.06083600
3.51837206 -0.38594601 0.06083600
3.51714301 -0.39699700 0.06083600
3.51587796 -0.40804499 0.06083600
3.52450705 -0.42027199 0.06100800
3.51324511 -0.43012699 0.06083600
3.51179910 -0.44177499 0.06083600
3.52030993 -0.45408499 0.06100800
3.50895405 -0.46383199 0.06083600
3.50747991 -0.47485301 0.06083600
3.51587391 -0.48724201 0.06100800
3.51432610 -0.49828500 0.06100800
3.51274300 -0.50932401 0.06100800
3.48145509 -0.51595902 0.06049300
