2.42348289 1.62421894 -0.78041202
2.47682309 1.64871502 -0.79591602
2.44975805 1.61961496 -0.78557998
2.45483398 1.61190999 -0.78557998
2.45179296 1.59891498 -0.78299600
2.44869590 1.58595204 -0.78041202
2.46179104 1.58347797 -0.78299600
2.45861292 1.57053494 -0.78041202
2.46353507 1.56280398 -0.78041202
2.45208502 1.54475904 -0.77524298
2.46511602 1.54217005 -0.77782702
2.45353699 1.52422297 -0.77265900
2.46653509 1.52157903 -0.77524298
2.47130299 1.51382303 -0.77524298
2.45953894 1.49601197 -0.77007502
2.45595789 1.48328304 -0.76749098
2.46034789 1.47599006 -0.76749098
2.46497297 1.46825194 -0.76749098
2.45294309 1.45066702 -0.76232302
2.44915795 1.43806195 -0.75973803
2.45366406 1.43035996 -0.75973803
2.46650600 1.42748404 -0.76232302
2.45422602 1.41010296 -0.75715399
2.45864391 1.40238595 -0.75715399
2.46303701 1.39465499 -0.75715399
2.46740699 1.38690996 -0.75715399
2.48862505 1.38856494 -0.76232302
2.48452306 1.37606001 -0.75973803
2.49729896 1.37290204 -0.76232302
2.49311996 1.36042297 -0.75973803
2.49738193 1.35258305 -0.75973803
2.49310994 1.34015596 -0.75715399
2.49730802 1.33231795 -0.75715399
2.49294305 1.31994605 -0.75457001
2.44576812 1.28514695 -0.73906499
2.45835900 1.28192306 -0.74164897
2.46237493 1.27419198 -0.74164897
2.46636510 1.26645195 -0.74164897
2.47033095 1.25869703 -0.74164897
2.46565199 1.24657202 -0.73906499
2.46955705 1.23881900 -0.73906499
2.46478796 1.22674894 -0.73648101
2.47729111 1.22327900 -0.73906499
2.46377206 1.20698905 -0.73389697
2.47623992 1.20346606 -0.73648101
2.48870993 1.19987595 -0.73906499
2.48375201 1.18788397 -0.73648101
2.49620008 1.18421602 -0.73906499
2.49990797 1.17636800 -0.73906499
2.50359106 1.16850901 -0.73906499
2.49848390 1.15657902 -0.73648101
2.50210500 1.14872396 -0.73648101
2.50570107 1.14085805 -0.73648101
2.50046802 1.12900496 -0.73389697
2.50380707 1.12158096 -0.73389697
2.49849010 1.10978794 -0.73131299
2.47544098 1.09025204 -0.72355998
2.47885394 1.08247006 -0.72355998
2.47356510 1.07040703 -0.72097600
2.47691607 1.06263006 -0.72097600
2.48024201 1.05484402 -0.72097600
2.47464108 1.04329395 -0.71839201
2.47772598 1.03594804 -0.71839201
2.47204399 1.02445996 -0.71580797
2.47525001 1.01668799 -0.71580797
2.46948504 1.00526500 -0.71322399
2.48158908 1.00111604 -0.71580797
2.47575212 0.98973000 -0.71322399
2.47884893 0.98194599 -0.71322399
2.48209190 0.97372001 -0.71322399
2.51215100 0.97641701 -0.72097600
2.50619102 0.96504903 -0.71839201
2.51806808 0.96105403 -0.72097600
2.51203895 0.94972199 -0.71839201
2.51501107 0.94182402 -0.71839201
2.50889993 0.93055999 -0.71580797
2.51181102 0.92267400 -0.71580797
2.50561810 0.91147602 -0.71322399
2.50847006 0.90359902 -0.71322399
2.48399997 0.88597703 -0.70547098
2.49587893 0.88138801 -0.70805597
2.48039794 0.86716503 -0.70288700
2.49238992 0.86209202 -0.70547098
2.48594594 0.85112900 -0.70288700
2.48846006 0.84375000 -0.70288700
2.48194003 0.83285600 -0.70030302
2.48454499 0.82505399 -0.70030302
2.48712492 0.81724298 -0.70030302
2.48968005 0.80942601 -0.70030302
2.48301411 0.79864299 -0.69771898
2.48551011 0.79083902 -0.69771898
2.48798299 0.78302598 -0.69771898
2.49043107 0.77520502 -0.69771898
2.48362088 0.76453602 -0.69513500
2.48601007 0.75673002 -0.69513500
2.46987391 0.74334902 -0.68996602
2.46293807 0.73282999 -0.68738198
2.41226506 1.61609006 -0.67054701
2.43355298 1.61930001 -0.67504698
2.47114396 1.63313401 -0.68404800
2.46811604 1.62001705 -0.68179798
2.47319293 1.61225498 -0.68179798
2.46688294 1.58614504 -0.67729700
2.47185493 1.57838595 -0.67729700
2.46034408 1.56017697 -0.67279702
2.46523309 1.55244100 -0.67279702
2.47835898 1.54985404 -0.67504698
2.47493792 1.53691995 -0.67279702
2.47975492 1.52913702 -0.67279702
2.47623706 1.51625097 -0.67054701
2.48098803 1.50846505 -0.67054701
2.47344398 1.48325896 -0.66604602
2.49483609 1.48545003 -0.67054701
2.49949002 1.47760606 -0.67054701
2.51252198 1.47467804 -0.67279702
2.50030589 1.45696604 -0.66829699
2.50487089 1.44910395 -0.66829699
2.50096202 1.43637395 -0.66604602
2.48853302 1.41885900 -0.66154599
2.42514205 1.37263894 -0.64354497
2.46342111 1.38410401 -0.65254498
2.49328589 1.39059496 -0.65929598
2.48059297 1.37331700 -0.65479600
2.47635603 1.36082494 -0.65254498
2.48061800 1.35303998 -0.65254498
2.47628903 1.34060001 -0.65029502
2.48048902 1.33281398 -0.65029502
2.47606611 1.32043004 -0.64804500
2.48020101 1.31264496 -0.64804500
2.48431301 1.30484700 -0.64804500
2.46650004 1.27578199 -0.64129502
2.49650002 1.28137600 -0.64804500
2.49183106 1.26910400 -0.64579499
2.50450206 1.26566398 -0.64804500
2.49975610 1.25342202 -0.64579499
2.50368190 1.24556196 -0.64579499
2.50758195 1.23769200 -0.64579499
2.49395704 1.22123694 -0.64129502
2.49778104 1.21339703 -0.64129502
2.44891596 1.18016303 -0.62779403
2.48777390 1.18927395 -0.63679397
2.49149799 1.18145299 -0.63679397
2.49519801 1.17361903 -0.63679397
2.49004292 1.16165400 -0.63454401
2.50252199 1.15791798 -0.63679397
2.49729204 1.14598703 -0.63454401
2.49201107 1.13409996 -0.63229400
2.49556208 1.12626505 -0.63229400
2.49000001 1.11487305 -0.63004398
2.48458505 1.10309196 -0.62779403
2.49695611 1.09920704 -0.63004398
2.48611593 1.07532299 -0.62554401
2.50739288 1.07518697 -0.63004398
2.50179100 1.06349301 -0.62779403
2.50511909 1.05562901 -0.62779403
2.49924994 1.04443502 -0.62554401
2.50251889 1.03657699 -0.62554401
2.49675012 1.02500904 -0.62329298
2.51800799 1.02450502 -0.62779403
2.51217699 1.01294601 -0.62554401
2.49725103 0.99781901 -0.62104303
2.46413589 0.97562099 -0.61204302
2.50364304 0.98167002 -0.62104303
2.49763203 0.97027200 -0.61879301
2.50066805 0.96242100 -0.61879301
2.50351191 0.95499802 -0.61879301
2.49738598 0.94368303 -0.61654299
2.50033903 0.93583202 -0.61654299
2.50326610 0.92797297 -0.61654299
2.50616908 0.92010498 -0.61654299
2.49989009 0.90889698 -0.61429298
2.50273299 0.90103900 -0.61429298
2.50555205 0.89317203 -0.61429298
2.49271703 0.87098402 -0.60979199
2.50480103 0.86589599 -0.61204302
2.50750899 0.85802299 -0.61204302
2.51927090 0.85370702 -0.61429298
2.52194095 0.84578902 -0.61429298
2.50609112 0.83172297 -0.60979199
2.49943399 0.82080501 -0.60754198
2.50200105 0.81294900 -0.60754198
2.50454211 0.80508500 -0.60754198
2.49777293 0.79426098 -0.60529202
2.49096203 0.78348601 -0.60304201
2.49341106 0.77565598 -0.60304201
2.51446104 0.77354902 -0.60754198
2.50755692 0.76281101 -0.60529202
2.49127889 0.74931699 -0.60079199
2.46560311 0.73315400 -0.59404099
2.43012691 1.62744200 -0.57124001
2.42705488 1.61436498 -0.56932300
2.48943806 1.64460003 -0.58274102
2.47817993 1.62600398 -0.57890803
2.49149895 1.62356901 -0.58082402
2.48834801 1.61040103 -0.57890803
2.49339509 1.60257602 -0.57890803
2.49841690 1.59473395 -0.57890803
2.49512506 1.58162296 -0.57699102
2.48346996 1.56332004 -0.57315701
2.48004699 1.55030704 -0.57124001
2.47656608 1.53733301 -0.56932300
2.48973894 1.53469396 -0.57124001
2.46943498 1.51149404 -0.56548899
2.49094510 1.51392400 -0.56932300
2.49568892 1.50609004 -0.56932300
2.51698303 1.50877094 -0.57315701
2.51327705 1.49583602 -0.57124001
2.51796293 1.48793304 -0.57124001
2.50569510 1.47008300 -0.56740600
2.51030111 1.46220303 -0.56740600
2.50638700 1.44939601 -0.56548899
2.51092696 1.44151497 -0.56548899
2.50691605 1.42876005 -0.56357199
2.49430799 1.41121197 -0.55973798
2.50728703 1.40817499 -0.56165498
2.49032307 1.37813604 -0.55590498
2.49464011 1.37030602 -0.55590498
2.49031496 1.35776496 -0.55398798
2.49456906 1.34993398 -0.55398798
2.49879789 1.34209001 -0.55398798
2.51166296 1.33885002 -0.55590498
2.50718093 1.32636404 -0.55398798
2.48526597 1.30479503 -0.54823703
2.46324110 1.28337502 -0.54248601
2.51957107 1.30267501 -0.55398798
2.51491690 1.29027402 -0.55207098
2.51021194 1.27791405 -0.55015397
2.50545406 1.26559699 -0.54823703
2.50064397 1.25332105 -0.54632002
2.50457001 1.24545801 -0.54632002
2.49966693 1.23324299 -0.54440302
2.50353003 1.22538304 -0.54440302
2.49853802 1.21322405 -0.54248601
2.50233698 1.20536900 -0.54248601
2.50611210 1.19750297 -0.54248601
2.50470400 1.17755699 -0.54056901
2.50839210 1.16968203 -0.54056901
2.49423790 1.15355599 -0.53673601
2.49784899 1.14571500 -0.53673601
2.50143600 1.13786304 -0.53673601
2.50499892 1.12999797 -0.53673601
2.50834107 1.12256002 -0.53673601
2.49391294 1.10671306 -0.53290200
2.49737692 1.09887302 -0.53290200
2.47382998 1.07924795 -0.52715099
2.52243900 1.09051204 -0.53673601
2.52585292 1.08258104 -0.53673601
2.52020788 1.07080305 -0.53481901
2.52356005 1.06288099 -0.53481901
2.52670193 1.05538905 -0.53481901
2.53000498 1.04744506 -0.53481901
2.52420402 1.03576505 -0.53290200
2.52744508 1.02783096 -0.53290200
2.53066206 1.01988602 -0.53290200
2.52473903 1.00829101 -0.53098500
2.50964189 0.99313098 -0.52715099
2.51600289 0.97690302 -0.52715099
2.50989890 0.96547103 -0.52523398
2.52192402 0.96151602 -0.52715099
2.51574993 0.95012099 -0.52523398
2.51872301 0.94221199 -0.52523398
2.51246691 0.93088698 -0.52331698
2.52459311 0.92636901 -0.52523398
2.50904202 0.91172898 -0.52139997
2.50265908 0.90051901 -0.51948297
2.50547600 0.89265198 -0.51948297
2.48975611 0.87824798 -0.51564902
2.52956700 0.88336402 -0.52331698
2.52320600 0.87176502 -0.52139997
2.52593207 0.86383498 -0.52139997
2.51918793 0.85318899 -0.51948297
2.52185512 0.84527099 -0.51948297
2.52449894 0.83734298 -0.51948297
2.53644204 0.83246797 -0.52139997
2.52971005 0.82146400 -0.51948297
2.52293396 0.81051201 -0.51756603
2.53482103 0.80555499 -0.51948297
2.51861405 0.79170001 -0.51564902
2.52108908 0.78378302 -0.51564902
2.52353907 0.77586001 -0.51564902
2.52596402 0.76792800 -0.51564902
2.51896405 0.75716400 -0.51373303
2.49310708 0.74085897 -0.50798202
2.42096901 1.62069798 -0.46340901
2.47539210 1.64589298 -0.47283399
2.51351500 1.65987599 -0.47911799
2.50220108 1.64113998 -0.47597599
2.50734401 1.63327098 -0.47597599
2.52075505 1.63074899 -0.47754699
2.49263000 1.60146999 -0.47126299
2.49764895 1.59362996 -0.47126299
2.50264311 1.58577597 -0.47126299
2.49925399 1.57264698 -0.46969199
2.51255798 1.57001996 -0.47126299
2.50908709 1.55691099 -0.46969199
2.50555706 1.54384100 -0.46812201
2.51881909 1.54111695 -0.46969199
2.51520705 1.52806902 -0.46812201
2.52449608 1.51267397 -0.46812201
2.52923489 1.50473595 -0.46812201
2.51694298 1.48673797 -0.46498001
2.50456309 1.46883202 -0.46183801
2.51770091 1.46592498 -0.46340901
2.52229404 1.45800698 -0.46340901
2.52686191 1.45007706 -0.46340901
2.52282310 1.43724298 -0.46183801
2.45855498 1.39041805 -0.44927099
2.51458097 1.41169405 -0.45869601
2.52763104 1.40859401 -0.46026701
2.52340102 1.39586604 -0.45869601
2.51911712 1.38317895 -0.45712501
2.53212094 1.37998497 -0.45869601
2.52775788 1.36732399 -0.45712501
2.53204203 1.35937500 -0.45712501
2.52758408 1.34677005 -0.45555499
2.51434112 1.32958996 -0.45241299
2.51850605 1.32168496 -0.45241299
2.51388597 1.30920398 -0.45084199
2.50921392 1.29676497 -0.44927099
2.52206206 1.29338396 -0.45084199
2.52611399 1.28545403 -0.45084199
2.50369191 1.26415706 -0.44612899
2.51648092 1.26070905 -0.44769999
2.51158595 1.24840105 -0.44612899
2.53321004 1.24924195 -0.44927099
2.52825093 1.23693597 -0.44769999
2.52324009 1.22467506 -0.44612899
2.49148202 1.19960499 -0.43984601
2.52197289 1.20454097 -0.44455799
2.51681995 1.19238400 -0.44298801
2.52055407 1.18447101 -0.44298801
2.53321409 1.18071795 -0.44455799
2.53691101 1.17275405 -0.44455799
2.53160501 1.16066301 -0.44298801
2.52624798 1.14861703 -0.44141701
2.52984500 1.14067400 -0.44141701
2.53321791 1.13316202 -0.44141701
2.53676510 1.12519896 -0.44141701
2.53124690 1.11324894 -0.43984601
2.52931809 1.09296203 -0.43827501
2.55089498 1.09278703 -0.44141701
2.52704501 1.07318699 -0.43670401
2.53040409 1.06524396 -0.43670401
2.55177999 1.06534100 -0.43984601
2.55511498 1.05731905 -0.43984601
2.54928708 1.04553795 -0.43827501
2.55255890 1.03752506 -0.43827501
2.54664493 1.02581096 -0.43670401
2.53151107 1.01048303 -0.43356201
2.53467298 1.00252497 -0.43356201
2.53798389 0.99411303 -0.43356201
2.52268100 0.97899002 -0.43042001
2.54417992 0.97814798 -0.43356201
2.53784299 0.96707797 -0.43199101
2.53162789 0.95561302 -0.43042001
2.54386902 0.95111299 -0.43199101
2.53758192 0.93968803 -0.43042001
2.54052210 0.93171102 -0.43042001
2.53415394 0.92035300 -0.42885000
2.53703308 0.91238803 -0.42885000
2.53988695 0.90441197 -0.42885000
2.54551911 0.88843697 -0.42885000
2.52978206 0.87354302 -0.42570800
2.55120301 0.87198001 -0.42885000
2.55377889 0.86440700 -0.42885000
2.56584597 0.85951698 -0.43042001
2.56853390 0.85145098 -0.43042001
2.54304504 0.83414298 -0.42570800
2.55504608 0.82919902 -0.42727900
2.54823589 0.81814897 -0.42570800
2.56020594 0.81313002 -0.42727900
2.53448200 0.79620200 -0.42256600
2.54640198 0.79116601 -0.42413700
2.53943491 0.78026199 -0.42256600
2.54187298 0.77228099 -0.42256600
2.50645399 0.75292599 -0.41628301
2.51827407 0.74786001 -0.41785300
2.47455812 1.65594697 -0.36660600
2.47148204 1.64267194 -0.36538401
2.48491406 1.64036596 -0.36660600
2.48175502 1.62711000 -0.36538401
2.47853708 1.61389005 -0.36416200
2.47526097 1.60070598 -0.36294001
2.47690201 1.57978404 -0.36171800
2.47346807 1.56668496 -0.36049601
2.47837710 1.55890703 -0.36049601
2.47484493 1.54585397 -0.35927400
2.47968888 1.53807104 -0.35927400
2.48450899 1.53027403 -0.35927400
2.48083711 1.51728296 -0.35805199
2.49407411 1.51463401 -0.35927400
2.45632410 1.48116505 -0.35316399
2.48625207 1.48916900 -0.35683000
2.49091697 1.48135102 -0.35683000
2.48701191 1.46847296 -0.35560799
2.48305106 1.45563304 -0.35438600
2.48761201 1.44782495 -0.35438600
2.50074196 1.44496703 -0.35560799
2.48805094 1.42722702 -0.35316399
2.50114703 1.42431605 -0.35438600
2.48832893 1.40668297 -0.35194200
2.48408103 1.39400101 -0.35071999
2.49278998 1.37836504 -0.35071999
2.49710798 1.37052798 -0.35071999
2.50140095 1.36267698 -0.35071999
2.49693990 1.35009003 -0.34949800
2.50116897 1.34223795 -0.34949800
2.49661303 1.32970905 -0.34827599
2.49200296 1.31722105 -0.34705299
2.49612999 1.30938494 -0.34705299
2.44740891 1.27403998 -0.33972099
2.49549007 1.28912103 -0.34583101
2.49069405 1.27674901 -0.34460899
2.50354004 1.27341700 -0.34583101
2.49866796 1.26107299 -0.34460899
2.49374199 1.24877298 -0.34338701
2.49765301 1.24093199 -0.34338701
2.49263692 1.22869301 -0.34216499
2.49648499 1.22085500 -0.34216499
2.50030804 1.21300495 -0.34216499
2.48621988 1.19653702 -0.33972099
2.48996592 1.18872094 -0.33972099
2.50265789 1.18514001 -0.34094301
2.50637007 1.17727196 -0.34094301
2.49206305 1.16100800 -0.33849901
2.49569798 1.15317404 -0.33849901
2.50833106 1.14946306 -0.33972099
2.50289392 1.13747096 -0.33849901
2.49740601 1.12552404 -0.33727700
2.50979590 1.12215996 -0.33849901
2.50423598 1.11024702 -0.33727700
2.50771093 1.10237503 -0.33727700
2.48386598 1.08259499 -0.33361101
2.50566602 1.08222198 -0.33605501
2.49992990 1.07043803 -0.33483300
2.50327992 1.06257904 -0.33483300
2.50660610 1.05471003 -0.33483300
2.50972390 1.04726899 -0.33483300
2.50382996 1.03558505 -0.33361101
2.50707197 1.02771294 -0.33361101
2.51028800 1.01983202 -0.33361101
2.51347899 1.01194203 -0.33361101
2.50742793 1.00036204 -0.33238900
2.50132799 0.98883098 -0.33116701
2.51383591 0.98414898 -0.33238900
2.49840808 0.96906799 -0.32994500
2.53849792 0.97545499 -0.33483300
2.51355600 0.95732099 -0.33116701
2.52583694 0.95292300 -0.33238900
2.51952195 0.94150901 -0.33116701
2.52246690 0.93358999 -0.33116701
2.52538705 0.92566001 -0.33116701
2.51895404 0.91433501 -0.32994500
2.51247406 0.90306002 -0.32872301
2.52464890 0.89849001 -0.32994500
2.47129297 0.87076497 -0.32261300
2.51150107 0.87607199 -0.32750100
2.51439309 0.86773801 -0.32750100
2.51710701 0.85983503 -0.32750100
2.51964593 0.85236400 -0.32750100
2.51290011 0.84129298 -0.32627901
2.51553106 0.83339399 -0.32627901
2.50870609 0.82239503 -0.32505700
2.50183606 0.81144798 -0.32383499
2.51382303 0.80661702 -0.32505700
2.50688505 0.79571199 -0.32383499
2.50937200 0.78783298 -0.32383499
2.51183510 0.77994502 -0.32383499
2.50478506 0.76913702 -0.32261300
2.50718904 0.76126498 -0.32261300
2.50006199 0.75053000 -0.32139099
2.48337793 0.73702502 -0.31894699
2.48568201 0.72921902 -0.31894699
2.42267489 1.60961998 -0.25723100
2.49423194 1.64589298 -0.26427901
2.49938989 1.63804901 -0.26427901
2.48782706 1.61932099 -0.26251701
2.49290299 1.61149704 -0.26251701
2.49795294 1.60365701 -0.26251701
2.49458003 1.59044695 -0.26163599
2.50797892 1.58793104 -0.26251701
2.49608994 1.56944001 -0.26075500
2.49255896 1.55631399 -0.25987399
2.51436806 1.55897403 -0.26163599
2.50228906 1.54062200 -0.25987399
2.50711608 1.53275394 -0.25987399
2.50340295 1.51970100 -0.25899300
2.50816607 1.51182902 -0.25899300
2.51346493 1.48350000 -0.25811201
2.50092411 1.46552503 -0.25635001
2.50551605 1.45765996 -0.25635001
2.51008391 1.44978094 -0.25635001
2.49734306 1.43197799 -0.25458801
2.50182891 1.42412603 -0.25458801
2.50628996 1.41626000 -0.25458801
2.44991398 1.37426603 -0.24842200
2.49773502 1.39079106 -0.25282601
2.51952696 1.39257503 -0.25458801
2.51515698 1.37986195 -0.25370699
2.51073098 1.36719096 -0.25282601
2.50625110 1.35455894 -0.25194600
2.50171590 1.34196997 -0.25106499
2.51471210 1.33878505 -0.25194600
2.51009798 1.32622600 -0.25106499
2.51425195 1.31833303 -0.25106499
2.50954509 1.30583000 -0.25018400
2.53062010 1.28663504 -0.25106499
2.51686311 1.26970506 -0.24930300
2.51193094 1.25733304 -0.24842200
2.51586890 1.24943495 -0.24842200
2.51084590 1.23712397 -0.24754100
2.52366996 1.23360300 -0.24842200
2.50960708 1.21697605 -0.24665999
2.51341796 1.20908594 -0.24665999
2.46326399 1.17544496 -0.24137400
2.51196098 1.18900895 -0.24577899
2.52470112 1.18534398 -0.24665999
2.52841306 1.17740595 -0.24665999
2.52305603 1.16528106 -0.24577899
2.51764798 1.15320098 -0.24489801
2.51218891 1.14116704 -0.24401700
2.52484393 1.13735902 -0.24489801
2.52820802 1.12986195 -0.24489801
2.52263808 1.11787903 -0.24401700
2.51701808 1.10594201 -0.24313600
2.52047896 1.09802902 -0.24313600
2.53090405 1.07378399 -0.24313600
2.52508211 1.06196594 -0.24225500
2.51902890 1.05063403 -0.24137400
2.51311111 1.03891003 -0.24049300
2.51636291 1.03100896 -0.24049300
2.51958895 1.02309895 -0.24049300
2.52279091 1.01517904 -0.24049300
2.51671600 1.00355804 -0.23961300
2.51076508 0.99154800 -0.23873200
2.52314401 0.98728502 -0.23961300
2.53552008 0.98295403 -0.24049300
2.53859591 0.97498399 -0.24049300
2.52285910 0.96035999 -0.23873200
2.52586293 0.95243001 -0.23873200
2.51951194 0.94100398 -0.23785099
2.53179693 0.93654102 -0.23873200
2.52537394 0.92515600 -0.23785099
2.52826810 0.91721702 -0.23785099
2.52176309 0.90590203 -0.23697001
2.52459598 0.89797503 -0.23697001
2.52740502 0.89004099 -0.23697001
2.53309989 0.87370002 -0.23697001
2.53583193 0.86573797 -0.23697001
2.53838897 0.85821003 -0.23697001
2.54107308 0.85023099 -0.23697001
2.53427505 0.83911300 -0.23608901
2.52743292 0.82804501 -0.23520800
2.53002191 0.82010198 -0.23520800
2.53258491 0.81215000 -0.23520800
2.53512502 0.80418903 -0.23520800
2.51863003 0.79025698 -0.23344600
2.47353196 0.76757801 -0.22904100
2.53306794 0.77733803 -0.23432700
2.53549790 0.76937699 -0.23432700
2.53790307 0.76140702 -0.23432700
2.51163197 0.74493301 -0.23168400
2.44570398 1.62430596 -0.15413900
2.46746707 1.62761295 -0.15518799
2.47256804 1.61985302 -0.15518799
2.48601508 1.61752403 -0.15571199
2.48269701 1.60428596 -0.15518799
2.48772502 1.59647703 -0.15518799
2.49272799 1.58865499 -0.15518799
2.50614500 1.58615696 -0.15571199
2.51111507 1.57827604 -0.15571199
2.51606107 1.57037902 -0.15571199
2.52098298 1.56246603 -0.15571199
2.51737404 1.54930401 -0.15518799
2.51370811 1.53618097 -0.15466399
2.51852107 1.52827704 -0.15466399
2.48909593 1.49974203 -0.15256600
2.49353504 1.49234903 -0.15256600
2.49821091 1.48450899 -0.15256600
2.49426103 1.47157896 -0.15204200
2.49025512 1.45868897 -0.15151800
2.49482489 1.45085800 -0.15151800
2.49937201 1.44301200 -0.15151800
2.49522805 1.43018699 -0.15099400
2.50838804 1.42727995 -0.15151800
2.50416493 1.41448200 -0.15099400
2.50859594 1.40660703 -0.15099400
2.51300311 1.39871895 -0.15099400
2.52612591 1.39564705 -0.15151800
2.53925395 1.39250600 -0.15204200
2.54361606 1.38452101 -0.15204200
2.53038096 1.36703098 -0.15099400
2.54346395 1.36379302 -0.15151800
2.53891993 1.35110497 -0.15099400
2.53432202 1.33845901 -0.15046901
2.52967000 1.32585394 -0.14994501
2.53382206 1.31789994 -0.14994501
2.50245500 1.29161203 -0.14784800
2.50649905 1.28374600 -0.14784800
2.51051998 1.27586401 -0.14784800
2.50559902 1.26347399 -0.14732400
2.50062490 1.25112796 -0.14679900
2.50454307 1.24326706 -0.14679900
2.50843692 1.23539305 -0.14679900
2.51230597 1.22750497 -0.14679900
2.50716400 1.21525002 -0.14627500
2.50196910 1.20304096 -0.14575100
2.50573611 1.19517505 -0.14575100
2.51850510 1.19156897 -0.14627500
2.51319599 1.17940700 -0.14575100
2.54404998 1.18414795 -0.14732400
2.53869009 1.17196405 -0.14679900
2.56051898 1.17229795 -0.14784800
2.54600406 1.15599000 -0.14679900
2.54051709 1.14388597 -0.14627500
2.54390001 1.13634300 -0.14627500
2.54745698 1.12834597 -0.14627500
2.54184604 1.11632204 -0.14575100
2.49040604 1.08440995 -0.14260501
2.51232600 1.08405805 -0.14365400
2.50653791 1.07223201 -0.14312901
2.50989389 1.06435299 -0.14312901
2.51322508 1.05646300 -0.14312901
2.50713205 1.04515803 -0.14260501
2.51040196 1.03727698 -0.14260501
2.51364899 1.02938497 -0.14260501
2.51687002 1.02148294 -0.14260501
2.51080203 1.00984502 -0.14208101
2.50468612 0.99825400 -0.14155699
2.50798202 0.98994398 -0.14155699
2.50178003 0.97842199 -0.14103200
2.53277612 0.98138201 -0.14260501
2.55449200 0.98057801 -0.14365400
2.54805708 0.96944302 -0.14312901
2.56977892 0.96847701 -0.14417800
2.55409789 0.95341301 -0.14312901
2.55708003 0.94538599 -0.14312901
2.56003809 0.93734801 -0.14312901
2.55358195 0.92589599 -0.14260501
2.56587696 0.92124403 -0.14312901
2.55934906 0.90983301 -0.14260501
2.51509500 0.88521099 -0.13998400
2.51786399 0.87730598 -0.13998400
2.51131797 0.86569601 -0.13945900
2.52347708 0.86102802 -0.13998400
2.51655889 0.85034102 -0.13945900
2.51921892 0.84243000 -0.13945900
2.52185297 0.83451200 -0.13945900
2.52446198 0.82658398 -0.13945900
2.51754594 0.81557202 -0.13893500
2.52009606 0.80765897 -0.13893500
2.52262092 0.79973799 -0.13893500
2.52512097 0.79180902 -0.13893500
2.50851989 0.77795601 -0.13788700
2.52049899 0.77300000 -0.13841100
2.52291393 0.76507801 -0.13841100
2.51573992 0.75427902 -0.13788700
2.49894810 0.74069703 -0.13683800
2.48209596 0.72722602 -0.13578901
2.47941709 1.63425398 -0.05104100
2.50127006 1.63740897 -0.05138400
2.50640106 1.62954402 -0.05138400
2.50310898 1.61623704 -0.05121300
2.49975801 1.60296798 -0.05104100
2.51321507 1.60047805 -0.05121300
2.50977993 1.58723104 -0.05104100
2.48935199 1.56338501 -0.05052500
2.50273490 1.56084800 -0.05069700
2.50762701 1.55297697 -0.05069700
2.49545908 1.53461599 -0.05035300
2.50026798 1.52676904 -0.05035300
2.50478601 1.51934505 -0.05035300
2.50098300 1.50630903 -0.05018100
2.50570297 1.49844396 -0.05018100
2.52368093 1.48774898 -0.05035300
2.52834296 1.47981298 -0.05035300
2.53297901 1.47186303 -0.05035300
2.52027011 1.45390499 -0.05001000
2.54217696 1.45591795 -0.05035300
2.53804588 1.44298398 -0.05018100
2.54256701 1.43500197 -0.05018100
2.55578589 1.43189502 -0.05035300
2.48162889 1.38012195 -0.04880700
2.52971911 1.39647996 -0.04966600
2.50778794 1.37411201 -0.04915000
2.52087593 1.37100303 -0.04932200
2.51637197 1.35832798 -0.04915000
2.52062702 1.35041499 -0.04915000
2.52485704 1.34249103 -0.04915000
2.51137590 1.32521904 -0.04880700
2.51552701 1.31732202 -0.04880700
2.51965308 1.30941403 -0.04880700
2.52375507 1.30149102 -0.04880700
2.53188205 1.28560901 -0.04880700
2.55376697 1.28664505 -0.04915000
2.53991008 1.26967502 -0.04880700
2.54388595 1.26169002 -0.04880700
2.55680895 1.25810599 -0.04897800
2.54277802 1.24129498 -0.04863500
2.55566502 1.23765802 -0.04880700
2.55052710 1.22529399 -0.04863500
2.55436397 1.21727502 -0.04863500
2.48586011 1.17506003 -0.04726000
2.52574992 1.18422401 -0.04794700
2.52039194 1.17206597 -0.04777500
2.51498294 1.15995502 -0.04760400
2.52770710 1.15620804 -0.04777500
2.52202201 1.14456999 -0.04760400
2.52560496 1.13664198 -0.04760400
2.51090193 1.12055194 -0.04726000
2.52355289 1.11670399 -0.04743200
2.52704906 1.10877097 -0.04743200
2.52135205 1.09683800 -0.04726000
2.51579309 1.08451295 -0.04708800
2.52838206 1.08053303 -0.04726000
2.53157711 1.07302594 -0.04726000
2.54415298 1.06894100 -0.04743200
2.54749894 1.06094301 -0.04743200
2.56006098 1.05675006 -0.04760400
2.55411506 1.04491496 -0.04743200
2.55738497 1.03688705 -0.04743200
2.56062889 1.02884805 -0.04743200
2.54527092 1.01339996 -0.04708800
2.55774212 1.00906897 -0.04726000
2.49571300 0.97554702 -0.04605700
2.53606105 0.98214602 -0.04674400
2.52979898 0.97059298 -0.04657200
2.53283596 0.96263897 -0.04657200
2.53584695 0.95467800 -0.04657200
2.52946591 0.94321299 -0.04640100
2.53241611 0.93526202 -0.04640100
2.54473209 0.93073601 -0.04657200
2.53824306 0.91933203 -0.04640100
2.54111791 0.91135401 -0.04640100
2.53454709 0.90001899 -0.04622900
2.52792907 0.88873702 -0.04605700
2.54015207 0.88407803 -0.04622900
2.53346300 0.87283599 -0.04605700
2.55511999 0.87132698 -0.04640100
2.54837108 0.86009902 -0.04622900
2.55105996 0.85208797 -0.04622900
2.56321812 0.84720701 -0.04640100
2.55636406 0.83604199 -0.04622900
2.55897808 0.82800698 -0.04622900
2.54252100 0.81386799 -0.04588500
2.53553295 0.80285698 -0.04571300
2.53804302 0.79488802 -0.04571300
2.54052806 0.78691000 -0.04571300
2.53342700 0.77599698 -0.04554100
2.54542208 0.77093297 -0.04571300
2.53825307 0.76006401 -0.04554100
2.52145410 0.74641001 -0.04519800
2.50459409 0.73286903 -0.04485400
2.53569889 0.73333001 -0.04536900
2.52671790 1.64024305 0.47728300
2.52355695 1.62694502 0.47571799
2.53697395 1.62433398 0.47728300
2.53373003 1.61105704 0.47571799
2.53042698 1.59781599 0.47415301
2.53543496 1.58985806 0.47415301
2.53203201 1.57666504 0.47258800
2.52857304 1.56350696 0.47102299
2.53347206 1.55555606 0.47102299
2.54677892 1.55273199 0.47258800
2.54319596 1.53960705 0.47102299
2.53928900 1.52696502 0.46945900
2.54407310 1.51898003 0.46945900
2.54033589 1.50594401 0.46789399
2.54505491 1.49795604 0.46789399
2.54122090 1.48496902 0.46632901
2.53732991 1.47202301 0.46476400
2.54194307 1.46404302 0.46476400
2.54652905 1.45605099 0.46476400
2.53391099 1.43829298 0.46163401
2.53841805 1.43032503 0.46163401
2.54289889 1.42234302 0.46163401
2.54735494 1.41434705 0.46163401
2.53448510 1.39680302 0.45850399
2.53886008 1.38883400 0.45850399
2.53453112 1.37613797 0.45694000
2.53884196 1.36816895 0.45694000
2.54312801 1.36018598 0.45694000
2.53866410 1.34755898 0.45537499
2.54288507 1.33957803 0.45537499
2.54708099 1.33158100 0.45537499
2.56001902 1.32812202 0.45694000
2.55539799 1.31555104 0.45537499
2.55951810 1.30751705 0.45537499
2.55480289 1.29500496 0.45381001
2.55885911 1.28697205 0.45381001
2.56288910 1.27892697 0.45381001
2.56689405 1.27086902 0.45381001
2.56201005 1.25844395 0.45224500
2.56594992 1.25038898 0.45224500
2.56986594 1.24232101 0.45224500
2.57375598 1.23424196 0.45224500
2.56870198 1.22190797 0.45067999
2.56359601 1.20961702 0.44911501
2.56738305 1.20155799 0.44911501
2.56218600 1.18932700 0.44755000
2.56591010 1.18127203 0.44755000
2.56062388 1.16910398 0.44598600
2.57328200 1.16512704 0.44755000
2.56771803 1.15344000 0.44598600
2.56230688 1.14134800 0.44442099
2.57491398 1.13728297 0.44598600
2.56942701 1.12522697 0.44442099
2.56388998 1.11321497 0.44285601
2.56756711 1.10470700 0.44285601
2.56193995 1.09275997 0.44129100
2.56536102 1.08470595 0.44129100
2.57767606 1.08090997 0.44285601
2.57193899 1.06901503 0.44129100
2.56615210 1.05716801 0.43972600
2.56031704 1.04536700 0.43816099
2.57274389 1.04102302 0.43972600
2.57600093 1.03293598 0.43972600
2.57923388 1.02483797 0.43972600
2.57325101 1.01311195 0.43816099
2.57659602 1.00457203 0.43816099
2.57052588 0.99291402 0.43659601
2.57346106 0.98528397 0.43659601
2.57654405 0.97719300 0.43659601
2.57960105 0.96909499 0.43659601
2.58263302 0.96098500 0.43659601
2.57637095 0.94945198 0.43503201
2.57006311 0.93796802 0.43346700
2.57299709 0.92988801 0.43346700
2.57590604 0.92180097 0.43346700
2.57878900 0.91370398 0.43346700
2.57232690 0.90232801 0.43190199
2.58447909 0.89748299 0.43346700
2.56875896 0.88248903 0.43033701
2.58071709 0.87804401 0.43190199
2.58346200 0.86993402 0.43190199
2.57681203 0.85869002 0.43033701
2.57949710 0.85059100 0.43033701
2.58215690 0.84248197 0.43033701
2.58478999 0.83436698 0.43033701
2.58739901 0.82624298 0.43033701
2.58056402 0.81513399 0.42877200
2.58311200 0.80702400 0.42877200
2.58563495 0.79890400 0.42877200
2.58813190 0.79077798 0.42877200
2.59060311 0.78264302 0.42877200
2.58358598 0.77167302 0.42720699
2.58599710 0.76355398 0.42720699
2.56942105 0.74989098 0.42407799
2.56227398 0.73907799 0.42251301
2.49606204 1.64210200 0.36506900
2.55628991 1.65880597 0.37234700
2.55314493 1.64539003 0.37113401
2.55830193 1.63735998 0.37113401
2.56343293 1.62931597 0.37113401
2.56014490 1.61595702 0.36992100
2.56520891 1.60790503 0.36992100
2.56182098 1.59459305 0.36870801
2.56681800 1.58653700 0.36870801
2.56332994 1.57327294 0.36749500
2.56825900 1.56521297 0.36749500
2.56467199 1.55199695 0.36628199
2.56075811 1.53926694 0.36506900
2.56558108 1.53121400 0.36506900
2.56183910 1.51808703 0.36385700
2.56659603 1.51003098 0.36385700
2.57132697 1.50196004 0.36385700
2.57603312 1.49387503 0.36385700
2.57211089 1.48082197 0.36264399
2.56813312 1.46780896 0.36143100
2.57273102 1.45973396 0.36143100
2.57730508 1.45164299 0.36143100
2.57318807 1.43869603 0.36021799
2.56901598 1.42578697 0.35900500
2.56478906 1.41292000 0.35779199
2.56050491 1.40009403 0.35657901
2.56489110 1.39204204 0.35657901
2.56925201 1.38397801 0.35657901
2.56483412 1.37121904 0.35536700
2.56035995 1.35850298 0.35415399
2.55583191 1.34582806 0.35294101
2.56884599 1.34238899 0.35415399
2.55542588 1.32517302 0.35172799
2.55957699 1.31713796 0.35172799
2.56370211 1.30909097 0.35172799
2.56780195 1.30103099 0.35172799
2.56300807 1.28849804 0.35051501
2.55816102 1.27601004 0.34930199
2.56215692 1.26796699 0.34930199
2.56612802 1.25991094 0.34930199
2.56114888 1.24749696 0.34808901
2.56505609 1.23944402 0.34808901
2.56893706 1.23137999 0.34808901
2.56382799 1.21904099 0.34687701
2.56764603 1.21098006 0.34687701
2.58042789 1.20711398 0.34808901
2.57520390 1.19482303 0.34687701
2.56992698 1.18257797 0.34566399
2.57362890 1.17449903 0.34566399
2.56826401 1.16231501 0.34445101
2.58075595 1.15875602 0.34566399
2.57531595 1.14660394 0.34445101
2.57890511 1.13850796 0.34445101
2.58246899 1.13040102 0.34445101
2.57690191 1.11833000 0.34323800
2.57147789 1.10585797 0.34202501
2.57493901 1.09777296 0.34202501
2.57837510 1.08967900 0.34202501
2.57244205 1.07818699 0.34081200
2.57581711 1.07009995 0.34081200
2.57916594 1.06200302 0.34081200
2.57329893 1.05014396 0.33959901
2.56738400 1.03833306 0.33838701
2.57063293 1.03026295 0.33838701
2.56463194 1.01851702 0.33717400
2.56781912 1.01045597 0.33717400
2.57115602 1.00193405 0.33717400
2.56503010 0.99027699 0.33596101
2.57722807 0.98620999 0.33717400
2.57103205 0.97459000 0.33596101
2.57408094 0.96650797 0.33596101
2.58640790 0.96187598 0.33717400
2.58010292 0.95031601 0.33596101
2.58307505 0.94220603 0.33596101
2.57668710 0.93071300 0.33474800
2.57959890 0.92261302 0.33474800
2.58248401 0.91450602 0.33474800
2.57597709 0.90310401 0.33353499
2.57880092 0.89500701 0.33353499
2.59114408 0.88967299 0.33474800
2.58437395 0.87878501 0.33353499
2.58712196 0.87066299 0.33353499
2.58042693 0.85939401 0.33232200
2.58311391 0.85128403 0.33232200
2.59521294 0.84624100 0.33353499
2.57896495 0.83198899 0.33111000
2.58156610 0.82388401 0.33111000
2.58414197 0.81576902 0.33111000
2.57721710 0.80468798 0.32989699
2.58921599 0.79951602 0.33111000
2.59171510 0.79137802 0.33111000
2.58468604 0.78036302 0.32989699
2.58712506 0.77223903 0.32989699
2.58001804 0.76129901 0.32868400
2.55380893 0.74485099 0.32504499
2.47218204 1.62577403 0.25705001
2.47727704 1.61800003 0.25705001
2.56592894 1.66442394 0.26570499
2.57114506 1.65635502 0.26570499
2.56794500 1.64289999 0.26484001
2.57309294 1.63482499 0.26484001
2.56978989 1.62141800 0.26397401
2.57487202 1.61333597 0.26397401
2.57146907 1.59997594 0.26310900
2.55953193 1.58141601 0.26137799
2.56448698 1.57336795 0.26137799
2.56941700 1.56530404 0.26137799
2.56579900 1.55206704 0.26051199
2.56185198 1.53931701 0.25964701
2.55812001 1.52615595 0.25878099
2.55433106 1.51303506 0.25791600
2.56765890 1.51005399 0.25878099
2.55518389 1.49193203 0.25705001
2.55985808 1.48389804 0.25705001
2.55587292 1.47087896 0.25618500
2.56048107 1.46284199 0.25618500
2.56506300 1.45479202 0.25618500
2.56094098 1.44183803 0.25531900
2.55676103 1.42892504 0.25445399
2.56123710 1.42088497 0.25445399
2.55696201 1.40802705 0.25358799
2.57011390 1.40476596 0.25445399
2.57451510 1.39668405 0.25445399
2.57889009 1.38858902 0.25445399
2.57445312 1.37578404 0.25358799
2.57876205 1.36768997 0.25358799
2.57422996 1.35494196 0.25272301
2.57847500 1.34684801 0.25272301
2.56500292 1.32957196 0.25099200
2.57802701 1.32606304 0.25185701
2.57330704 1.31342900 0.25099200
2.58630800 1.30983996 0.25185701
2.55480289 1.28381503 0.24839500
2.54990792 1.27133703 0.24753000
2.55388904 1.26332104 0.24753000
2.54890203 1.25090098 0.24666400
2.55281901 1.24288797 0.24666400
2.54773998 1.23052800 0.24579901
2.55159402 1.22251904 0.24579901
2.55542111 1.21449697 0.24579901
2.55922508 1.20646298 0.24579901
2.52690291 1.18153799 0.24233700
2.57579207 1.19455004 0.24666400
2.57953191 1.18645298 0.24666400
2.58324695 1.17834306 0.24666400
2.57785892 1.16611505 0.24579901
2.58130693 1.15846205 0.24579901
2.58493400 1.15034604 0.24579901
2.57942104 1.13819802 0.24493299
2.58298397 1.13009000 0.24493299
2.57738209 1.11800396 0.24406800
2.58107495 1.10945106 0.24406800
2.57538295 1.09743094 0.24320200
2.56702304 1.06592095 0.24147099
2.55193305 1.05026805 0.23974100
2.56444502 1.04600799 0.24060600
2.55848098 1.03421295 0.23974100
2.57096601 1.02987504 0.24060600
2.56492901 1.01811695 0.23974100
2.56811500 1.01005495 0.23974100
2.57145000 1.00153196 0.23974100
2.53740597 0.97910398 0.23627900
2.58682489 0.98936498 0.24060600
2.58992100 0.98123300 0.24060600
2.59299111 0.97309101 0.24060600
2.59603500 0.96494102 0.24060600
2.59905410 0.95678103 0.24060600
2.60204601 0.94861102 0.24060600
2.59564400 0.93704802 0.23974100
2.59857512 0.92888898 0.23974100
2.60148001 0.92072201 0.23974100
2.59495711 0.90925002 0.23887500
2.59780097 0.90109301 0.23887500
2.57250595 0.88277203 0.23627900
2.57110906 0.85579199 0.23541300
2.57378411 0.84771103 0.23541300
2.57643509 0.83962101 0.23541300
2.56957793 0.82846600 0.23454800
2.57216811 0.82038999 0.23454800
2.57473302 0.81230402 0.23454800
2.57727194 0.80421197 0.23454800
2.57026601 0.79317302 0.23368201
2.57274604 0.78509498 0.23368201
2.56566095 0.77413100 0.23281699
2.60626793 0.77745700 0.23627900
2.59914207 0.76644701 0.23541300
2.57284403 0.74991500 0.23281699
2.52851510 1.66218805 0.15697201
2.54208708 1.65969598 0.15749100
2.53890896 1.64626801 0.15697201
2.53567195 1.63287699 0.15645400
2.54079008 1.62490201 0.15645400
2.53745198 1.61155903 0.15593600
2.53405499 1.59825206 0.15541799
2.53906393 1.59028304 0.15541799
2.53556705 1.57702398 0.15490000
2.54050899 1.56904995 0.15490000
2.55393910 1.56628299 0.15541799
2.54178810 1.54786301 0.15438201
2.55518389 1.54503703 0.15490000
2.55119610 1.53230798 0.15438201
2.54742002 1.51916897 0.15386400
2.53499389 1.50098300 0.15282799
2.53108692 1.48795104 0.15231000
2.53574896 1.47999203 0.15231000
2.52310491 1.46200502 0.15127400
2.52768612 1.45406997 0.15127400
2.53224111 1.44612300 0.15127400
2.53677106 1.43816102 0.15127400
2.54127693 1.43018305 0.15127400
2.53703904 1.41732299 0.15075600
2.54148006 1.40934503 0.15075600
2.55464292 1.40616906 0.15127400
2.55028391 1.39334905 0.15075600
2.55464911 1.38532996 0.15075600
2.55019498 1.37256503 0.15023801
2.56330299 1.36925101 0.15075600
2.54994512 1.35183597 0.14972000
2.55417895 1.34381902 0.14972000
2.54953599 1.33116603 0.14920200
2.54483795 1.31855595 0.14868300
2.54896903 1.31055403 0.14868300
2.54417706 1.29800200 0.14816500
2.53042197 1.28098202 0.14712900
2.54335904 1.27750802 0.14764699
2.52948403 1.26060200 0.14661101
2.54238296 1.25707698 0.14712900
2.54631996 1.24908304 0.14712900
2.54125094 1.23670805 0.14661101
2.54512501 1.22871697 0.14661101
2.54897189 1.22071600 0.14661101
2.53475308 1.20413196 0.14557500
2.54755807 1.20041895 0.14609300
2.54226899 1.18818200 0.14557500
2.55504990 1.18438900 0.14609300
2.54968405 1.17218494 0.14557500
2.55335402 1.16417003 0.14557500
2.54789901 1.15202701 0.14505699
2.54219389 1.14037502 0.14453900
2.55488896 1.13644099 0.14505699
2.55844688 1.12840998 0.14505699
2.56197906 1.12036705 0.14505699
2.55632401 1.10833895 0.14453900
2.55998492 1.09985697 0.14453900
2.55423999 1.08789504 0.14402100
2.55764508 1.07986605 0.14402100
2.55162597 1.06841600 0.14350300
2.55497003 1.06039298 0.14350300
2.55828905 1.05236197 0.14350300
2.56158209 1.04431903 0.14350300
2.56485009 1.03626704 0.14350300
2.55882192 1.02449298 0.14298500
2.55274606 1.01276505 0.14246701
2.55609012 1.00429404 0.14246701
2.55923200 0.99625897 0.14246701
2.56235003 0.98821503 0.14246701
2.55594206 0.97704202 0.14194900
2.56833792 0.97254401 0.14246701
2.56203103 0.96096200 0.14194900
2.57439899 0.95638698 0.14246701
2.55864501 0.94139802 0.14143100
2.56158996 0.93335599 0.14143100
2.57390404 0.92869300 0.14194900
2.56740499 0.91724098 0.14143100
2.57027292 0.90917301 0.14143100
2.56369090 0.89779198 0.14091299
2.55706310 0.88646299 0.14039500
2.55054307 0.87473798 0.13987599
2.54367089 0.86395401 0.13935800
2.54637194 0.85596001 0.13935800
2.54904890 0.84795600 0.13935800
2.55170012 0.83994401 0.13935800
2.55432701 0.83192301 0.13935800
2.55692697 0.82389402 0.13935800
2.56901789 0.81889099 0.13987599
2.56205392 0.80781198 0.13935800
2.57411194 0.80273300 0.13987599
2.55753493 0.78875500 0.13884000
2.57910490 0.78654301 0.13987599
2.58156300 0.77843797 0.13987599
2.58399701 0.77032298 0.13987599
2.55766606 0.75373101 0.13832200
2.54084492 0.74010700 0.13728601
2.49323893 1.64961195 0.05138400
2.50676394 1.64726305 0.05155600
2.54541898 1.66123796 0.05224400
2.55901599 1.65867102 0.05241600
2.55580711 1.64521205 0.05224400
2.55253911 1.63178802 0.05207200
2.54921103 1.61840296 0.05190000
2.54582500 1.60505402 0.05172800
2.54238105 1.59174204 0.05155600
2.53887701 1.57846797 0.05138400
2.54382396 1.57048404 0.05138400
2.53169608 1.55203402 0.05104100
2.54509997 1.54927194 0.05121300
2.54139805 1.53609598 0.05104100
2.54594398 1.52854896 0.05104100
2.55073500 1.52054203 0.05104100
2.55549788 1.51252198 0.05104100
2.56023693 1.50448704 0.05104100
2.55631495 1.49139702 0.05086900
2.55233598 1.47834802 0.05069700
2.54830003 1.46533704 0.05052500
2.55289102 1.45732498 0.05052500
2.54875708 1.44436800 0.05035300
2.55328298 1.43635297 0.05035300
2.55778193 1.42832506 0.05035300
2.54476810 1.41058695 0.05001000
2.54918599 1.40258598 0.05001000
2.53602910 1.38498604 0.04966600
2.54036808 1.37701201 0.04966600
2.55348706 1.37376201 0.04983800
2.54014993 1.35631299 0.04949400
2.55323291 1.35300899 0.04966600
2.54862189 1.34032702 0.04949400
2.55281997 1.33231294 0.04949400
2.54811502 1.31968796 0.04932200
2.51667595 1.29339695 0.04863500
2.56526303 1.30819499 0.04949400
2.56936002 1.30013001 0.04949400
2.56449699 1.28756499 0.04932200
2.56853008 1.27950096 0.04932200
2.56357193 1.26699698 0.04915000
2.56753993 1.25893605 0.04915000
2.56249094 1.24649096 0.04897800
2.56639504 1.23843396 0.04897800
2.56125402 1.22604799 0.04880700
2.56509304 1.21799600 0.04880700
2.55986190 1.20567095 0.04863500
2.57269502 1.20185494 0.04880700
2.54924202 1.18115604 0.04829100
2.54385495 1.16896701 0.04811900
2.54751492 1.16096997 0.04811900
2.55115008 1.15296102 0.04811900
2.54543591 1.14129603 0.04794700
2.55814600 1.13735497 0.04811900
2.55255699 1.12528002 0.04794700
2.55607891 1.11725605 0.04794700
2.55957699 1.10921896 0.04794700
2.56324100 1.10072505 0.04794700
2.56668711 1.09266698 0.04794700
2.57010603 1.08459902 0.04794700
2.56409001 1.07310903 0.04777500
2.56744909 1.06504703 0.04777500
2.57078195 1.05697501 0.04777500
2.57409000 1.04889405 0.04777500
2.56810093 1.03705895 0.04760400
2.58062911 1.03270102 0.04777500
2.57456589 1.02090299 0.04760400
2.57793808 1.01235902 0.04760400
2.57178712 1.00063002 0.04743200
2.57491803 0.99254602 0.04743200
2.55917096 0.97776502 0.04708800
2.57158208 0.97325897 0.04726000
2.56526494 0.96166497 0.04708800
2.56827307 0.95360100 0.04708800
2.56187201 0.94207799 0.04691600
2.57421398 0.93744701 0.04708800
2.57714605 0.92935401 0.04708800
2.57063699 0.91789001 0.04691600
2.56408095 0.90647900 0.04674400
2.54804206 0.89181203 0.04640100
2.56972599 0.89034998 0.04674400
2.59158111 0.88830698 0.04708800
2.58473802 0.87739903 0.04691600
2.58748102 0.86927599 0.04691600
2.58071089 0.85798800 0.04674400
2.58339405 0.84987700 0.04674400
2.58605099 0.84175599 0.04674400
2.59820008 0.83669299 0.04691600
2.59128904 0.82549202 0.04674400
2.59386992 0.81734598 0.04674400
2.58687901 0.80621803 0.04657200
2.58939910 0.79808700 0.04657200
2.59189296 0.78994900 0.04657200
2.58478904 0.77891803 0.04640100
2.59680605 0.77364802 0.04657200
2.57045007 0.75701100 0.04605700
2.54401493 0.74054903 0.04554100
