2.20302606 1.61887598 -0.73131299
2.15841198 1.56530094 -0.71322399
2.16304708 1.55889106 -0.71322399
2.16793299 1.55208802 -0.71322399
2.18094110 1.55048800 -0.71580797
2.17791104 1.53805602 -0.71322399
2.19037294 1.53713500 -0.71580797
2.19518995 1.53024805 -0.71580797
2.22381401 1.53984201 -0.72355998
2.21272111 1.52189898 -0.71839201
2.22520304 1.52077699 -0.72097600
2.23796296 1.51920402 -0.72355998
2.25073290 1.51756799 -0.72614503
2.24746299 1.50511396 -0.72355998
2.26022410 1.50339603 -0.72614503
2.25687599 1.49096298 -0.72355998
2.26129007 1.48425996 -0.72355998
2.25784898 1.47187400 -0.72097600
2.25435305 1.45952296 -0.71839201
2.25892711 1.45243394 -0.71839201
2.27162099 1.45052803 -0.72097600
2.26800799 1.43821204 -0.71839201
2.27226496 1.43147600 -0.71839201
2.28494096 1.42945397 -0.72097600
2.28941989 1.42226899 -0.72097600
2.29387808 1.41506898 -0.72097600
2.30654907 1.41290200 -0.72355998
2.30272293 1.40062904 -0.72097600
2.30711198 1.39338696 -0.72097600
2.31147790 1.38613200 -0.72097600
2.31558108 1.37926698 -0.72097600
2.32821703 1.37690401 -0.72355998
2.35752201 1.38425696 -0.73131299
2.35351396 1.37197804 -0.72872901
2.36617398 1.36941695 -0.73131299
2.37884092 1.36678898 -0.73389697
2.38288498 1.35972500 -0.73389697
2.37874007 1.34747100 -0.73131299
2.39138198 1.34472597 -0.73389697
2.39559388 1.33720696 -0.73389697
2.39978409 1.32967401 -0.73389697
2.37855506 1.30816197 -0.72614503
2.39113212 1.30531299 -0.72872901
2.39522099 1.29779398 -0.72872901
2.39906096 1.29068196 -0.72872901
2.41162610 1.28768802 -0.73131299
2.40712404 1.27558196 -0.72872901
2.41966891 1.27251101 -0.73131299
2.41509104 1.26043296 -0.72872901
2.42761707 1.25728095 -0.73131299
2.43133712 1.25007296 -0.73131299
2.44385695 1.24681902 -0.73389697
2.44776201 1.23913598 -0.73389697
2.45164299 1.23143899 -0.73389697
2.45549989 1.22373104 -0.73389697
2.46799111 1.22029400 -0.73648101
2.48915911 1.22104299 -0.74164897
2.49298191 1.21321702 -0.74164897
2.49657106 1.20581400 -0.74164897
2.50905895 1.20213997 -0.74423403
2.51282310 1.19425201 -0.74423403
2.52530098 1.19046998 -0.74681801
2.52027702 1.17843997 -0.74423403
2.53273106 1.17457998 -0.74681801
2.52742910 1.16302204 -0.74423403
2.51349306 1.14705503 -0.73906499
2.52588511 1.14313495 -0.74164897
2.52946401 1.13519502 -0.74164897
2.53301811 1.12724197 -0.74164897
2.53654695 1.11927903 -0.74164897
2.53985596 1.11174905 -0.74164897
2.55219889 1.10760903 -0.74423403
2.55566502 1.09958601 -0.74423403
2.56799293 1.09534097 -0.74681801
2.56252408 1.08350694 -0.74423403
2.57482409 1.07918596 -0.74681801
2.57820201 1.07109106 -0.74681801
2.59942007 1.07034302 -0.75198603
2.59364104 1.05897295 -0.74940199
2.61486506 1.05806696 -0.75457001
2.61817598 1.04984701 -0.75457001
2.63043904 1.04518294 -0.75715399
2.64269805 1.04045403 -0.75973803
2.64595389 1.03214598 -0.75973803
2.64918303 1.02382898 -0.75973803
2.66140795 1.01895595 -0.76232302
2.65538812 1.00762606 -0.75973803
2.61332703 0.98228502 -0.74681801
2.65261292 0.98755199 -0.75715399
2.65570307 0.97921401 -0.75715399
2.66784000 0.97417998 -0.75973803
2.66180301 0.96250802 -0.75715399
2.66481304 0.95414197 -0.75715399
2.67690301 0.94899303 -0.75973803
2.67987108 0.94057798 -0.75973803
2.69193792 0.93532598 -0.76232302
2.69470191 0.92733401 -0.76232302
2.69760108 0.91886401 -0.76232302
2.70962906 0.91347098 -0.76490700
2.71248507 0.90495300 -0.76490700
2.72448802 0.89945698 -0.76749098
2.72730088 0.89089203 -0.76749098
2.73912406 0.88576901 -0.77007502
2.73269200 0.87421602 -0.76749098
2.72621489 0.86271203 -0.76490700
2.19872904 1.61512804 -0.63004398
2.13783598 1.54981005 -0.60979199
2.18195295 1.57193696 -0.62104303
2.18688011 1.56507504 -0.62104303
2.19205809 1.55781496 -0.62104303
2.20490098 1.55654001 -0.62329298
2.20153403 1.54439402 -0.62104303
2.20637393 1.53747201 -0.62104303
2.21119404 1.53053200 -0.62104303
2.22402000 1.52909899 -0.62329298
2.22854710 1.52249205 -0.62329298
2.24138188 1.52095401 -0.62554401
2.24614811 1.51390696 -0.62554401
2.24279690 1.50142205 -0.62329298
2.25561595 1.49976397 -0.62554401
2.26031709 1.49266899 -0.62554401
2.25658894 1.48061204 -0.62329298
2.26122904 1.47351503 -0.62329298
2.26584792 1.46640396 -0.62329298
2.28323007 1.45738006 -0.62554401
2.28779697 1.45019996 -0.62554401
2.30857897 1.45379102 -0.63004398
2.30487394 1.44136405 -0.62779403
2.30111289 1.42897606 -0.62554401
2.29729795 1.41662502 -0.62329298
2.31835604 1.41957796 -0.62779403
2.32280397 1.41228795 -0.62779403
2.32722998 1.40498304 -0.62779403
2.33998895 1.40267503 -0.63004398
2.31065297 1.37578595 -0.62104303
2.34012604 1.38339603 -0.62779403
2.36126709 1.38590205 -0.63229400
2.34877205 1.36866498 -0.62779403
2.36149406 1.36615896 -0.63004398
2.36577511 1.35873306 -0.63004398
2.36979604 1.35170805 -0.63004398
2.37403011 1.34425700 -0.63004398
2.38673592 1.34156501 -0.63229400
2.39093900 1.33405995 -0.63229400
2.39511800 1.32654202 -0.63229400
2.39927292 1.31901205 -0.63229400
2.40340495 1.31146801 -0.63229400
2.40751410 1.30391002 -0.63229400
2.41995406 1.30137599 -0.63454401
2.40683794 1.28459096 -0.63004398
2.41947198 1.28158498 -0.63229400
2.42348599 1.27397799 -0.63229400
2.43611503 1.27086401 -0.63454401
2.44009590 1.26320398 -0.63454401
2.45249891 1.26041400 -0.63679397
2.45644593 1.25270200 -0.63679397
2.46037006 1.24497902 -0.63679397
2.44685411 1.22849905 -0.63229400
2.45942307 1.22514999 -0.63454401
2.48946404 1.23037004 -0.64129502
2.49331689 1.22254300 -0.64129502
2.48838305 1.21044195 -0.63904500
2.50073910 1.20728898 -0.64129502
2.50451899 1.19942701 -0.64129502
2.50827503 1.19155395 -0.64129502
2.50319195 1.17951405 -0.63904500
2.51571202 1.17577004 -0.64129502
2.52823400 1.17195797 -0.64354497
2.53169894 1.16445196 -0.64354497
2.53534508 1.15649295 -0.64354497
2.54256105 1.14054000 -0.64354497
2.55503511 1.13650596 -0.64579499
2.55859208 1.12847400 -0.64579499
2.57085609 1.12478304 -0.64804500
2.58331609 1.12057805 -0.65029502
2.58682299 1.11245704 -0.65029502
2.59926891 1.10814500 -0.65254498
2.59376192 1.09618199 -0.65029502
2.60617900 1.09179294 -0.65254498
2.55560493 1.06118000 -0.63904500
2.59496808 1.06798005 -0.64804500
2.61616802 1.06763804 -0.65254498
2.61950898 1.05941403 -0.65254498
2.61378002 1.04755497 -0.65029502
2.62611294 1.04293394 -0.65254498
2.63844395 1.03824699 -0.65479600
2.64169312 1.02995205 -0.65479600
2.64491510 1.02164900 -0.65479600
2.64811110 1.01333499 -0.65479600
2.65110707 1.00547302 -0.65479600
2.66337299 1.00056601 -0.65704602
2.64217997 0.97370398 -0.65029502
2.68183804 0.97876102 -0.65929598
2.67573595 0.96701801 -0.65704602
2.68793511 0.96189100 -0.65929598
2.69094300 0.95344198 -0.65929598
2.69392610 0.94498301 -0.65929598
2.70608497 0.93971199 -0.66154599
2.70886207 0.93167800 -0.66154599
2.72099900 0.92630398 -0.66379601
2.68696094 0.90530699 -0.65479600
2.73600888 0.91227102 -0.66604602
2.75736690 0.90977699 -0.67054701
2.76021194 0.90110999 -0.67054701
2.75360203 0.88992000 -0.66829699
2.75638390 0.88126498 -0.66829699
2.74055910 0.86672503 -0.66379601
2.16163397 1.56648695 -0.52139997
2.20609307 1.58874404 -0.53098500
2.21107292 1.58180594 -0.53098500
2.21630597 1.57446599 -0.53098500
2.22124195 1.56749403 -0.53098500
2.21784806 1.55526102 -0.52906799
2.22757602 1.54129601 -0.52906799
2.22431803 1.52873194 -0.52715099
2.24505401 1.53319502 -0.53098500
2.24986005 1.52613401 -0.53098500
2.25464201 1.51906002 -0.53098500
2.25124693 1.50651002 -0.52906799
2.26414299 1.50486302 -0.53098500
2.27705002 1.50314903 -0.53290200
2.27329302 1.49100399 -0.53098500
2.27796602 1.48385501 -0.53098500
2.27437592 1.47135997 -0.52906799
2.30375910 1.48012304 -0.53481901
2.31667089 1.47815704 -0.53673601
2.32130408 1.47087204 -0.53673601
2.32565689 1.46397901 -0.53673601
2.32192302 1.45146203 -0.53481901
2.32647109 1.44416106 -0.53481901
2.33099699 1.43684399 -0.53481901
2.33549905 1.42951500 -0.53481901
2.33997798 1.42217100 -0.53481901
2.34443498 1.41481197 -0.53481901
2.34886909 1.40743899 -0.53481901
2.35303402 1.40046406 -0.53481901
2.36178708 1.38565302 -0.53481901
2.37460899 1.38316500 -0.53673601
2.37044692 1.37078500 -0.53481901
2.38325310 1.36821795 -0.53673601
2.37877607 1.35627997 -0.53481901
2.40010691 1.35846901 -0.53865200
2.39580703 1.34611404 -0.53673601
2.40002489 1.33858001 -0.53673601
2.41280389 1.33578801 -0.53865200
2.40838695 1.32347500 -0.53673601
2.41253304 1.31590295 -0.53673601
2.43391705 1.31766105 -0.54056901
2.42917204 1.30578601 -0.53865200
2.44192100 1.30276895 -0.54056901
2.44600201 1.29509103 -0.54056901
2.45005798 1.28740096 -0.54056901
2.45409107 1.27969694 -0.54056901
2.46681595 1.27649105 -0.54248601
2.47059202 1.26916695 -0.54248601
2.46582294 1.25694203 -0.54056901
2.46975899 1.24918902 -0.54056901
2.48244405 1.24582601 -0.54248601
2.48634601 1.23801994 -0.54248601
2.49407506 1.22237396 -0.54248601
2.50672889 1.21882498 -0.54440302
2.50149488 1.20711601 -0.54248601
2.51412797 1.20349002 -0.54440302
2.51789594 1.19558597 -0.54440302
2.51276112 1.18348706 -0.54248601
2.52535796 1.17974198 -0.54440302
2.55576801 1.18418002 -0.55015397
2.54143500 1.16839194 -0.54632002
2.54509306 1.16040301 -0.54632002
2.56661201 1.16048801 -0.55015397
2.57920098 1.15643501 -0.55207098
2.59178901 1.15231299 -0.55398798
2.57743502 1.13624704 -0.55015397
2.58978701 1.13252795 -0.55207098
2.59333301 1.12438500 -0.55207098
2.61488605 1.12398505 -0.55590498
2.60937500 1.11191595 -0.55398798
2.61285496 1.10371399 -0.55398798
2.61630988 1.09549999 -0.55398798
2.61973906 1.08727396 -0.55398798
2.63541889 1.07495797 -0.55590498
2.62058496 1.05931699 -0.55207098
2.64212108 1.05837905 -0.55590498
2.63631105 1.04645097 -0.55398798
2.66698599 1.04894102 -0.55973798
2.65197897 1.03342998 -0.55590498
2.65521193 1.02509403 -0.55590498
2.66758609 1.02025402 -0.55782199
2.67060208 1.01233304 -0.55782199
2.67376900 1.00393903 -0.55782199
2.65851212 0.98869097 -0.55398798
2.71686292 1.00068796 -0.56548899
2.71077299 0.98878503 -0.56357199
2.71386600 0.98026299 -0.56357199
2.72617412 0.97503698 -0.56548899
2.71997094 0.96319300 -0.56357199
2.73224592 0.95788997 -0.56548899
2.73524189 0.94930202 -0.56548899
2.73804688 0.94118100 -0.56548899
2.74098992 0.93257397 -0.56548899
2.74390602 0.92395997 -0.56548899
2.75610590 0.91843802 -0.56740600
2.75897789 0.90977502 -0.56740600
2.77115297 0.90414602 -0.56932300
2.76448393 0.89290398 -0.56740600
2.77662396 0.88720298 -0.56932300
2.77939796 0.87847400 -0.56932300
6.37366295 -3.59577203 -1.16401994
2.23711491 1.64212298 -0.44141701
2.22339606 1.61065197 -0.43670401
2.22014999 1.59827900 -0.43513301
2.22515988 1.59129596 -0.43513301
2.22237206 1.57819104 -0.43356201
2.24345899 1.58258605 -0.43670401
2.24814606 1.57592201 -0.43670401
2.24498010 1.56321001 -0.43513301
2.24988008 1.55614901 -0.43513301
2.26289797 1.55466402 -0.43670401
2.25934410 1.54237604 -0.43513301
2.26417899 1.53526998 -0.43513301
2.27718091 1.53366697 -0.43670401
2.29019690 1.53199601 -0.43827501
2.28677297 1.51932800 -0.43670401
2.29153490 1.51213706 -0.43670401
2.29601097 1.50533104 -0.43670401
2.30900502 1.50349998 -0.43827501
2.30542397 1.49087501 -0.43670401
2.31840706 1.48896098 -0.43827501
2.32307291 1.48167098 -0.43827501
2.32771611 1.47436595 -0.43827501
2.33207989 1.46745300 -0.43827501
2.31992793 1.44965196 -0.43513301
2.34964609 1.45797706 -0.43984601
2.32899094 1.43504703 -0.43513301
2.35033607 1.43803203 -0.43827501
2.37172198 1.44089699 -0.44141701
2.36778092 1.42833698 -0.43984601
2.37225699 1.42089105 -0.43984601
2.33402610 1.38859904 -0.43199101
2.38089204 1.40637398 -0.43984601
2.38529801 1.39888799 -0.43984601
2.38968205 1.39138603 -0.43984601
2.40259194 1.38881397 -0.44141701
2.40694308 1.38125896 -0.44141701
2.41961002 1.37900198 -0.44298801
2.42392993 1.37139499 -0.44298801
2.41961598 1.35893595 -0.44141701
2.42387390 1.35132694 -0.44141701
2.42810702 1.34370601 -0.44141701
2.43231606 1.33607197 -0.44141701
2.43650198 1.32842398 -0.44141701
2.44934893 1.32546306 -0.44298801
2.44457197 1.31351495 -0.44141701
2.46611404 1.31512296 -0.44455799
2.46150494 1.30274999 -0.44298801
2.48307109 1.30419505 -0.44612899
2.47839904 1.29182303 -0.44455799
2.48244596 1.28402901 -0.44455799
2.48624396 1.27665997 -0.44455799
2.48144293 1.26435804 -0.44298801
2.48540306 1.25655699 -0.44298801
2.47168398 1.23988605 -0.43984601
2.50209093 1.24531496 -0.44455799
2.50599003 1.23745000 -0.44455799
2.52760291 1.23826003 -0.44769999
2.52259803 1.22599697 -0.44612899
2.53512001 1.22279596 -0.44769999
2.54785705 1.21908903 -0.44927099
2.54275298 1.20684505 -0.44769999
2.54653192 1.19885004 -0.44769999
2.55923295 1.19502294 -0.44927099
2.56297493 1.18697596 -0.44927099
2.56648588 1.17936695 -0.44927099
2.58815098 1.17948902 -0.45241299
2.59184408 1.17135203 -0.45241299
2.57748699 1.15512598 -0.44927099
2.59915304 1.15504301 -0.45241299
2.59373093 1.14289105 -0.45084199
2.60615993 1.13914597 -0.45241299
2.59160304 1.12309802 -0.44927099
2.61326599 1.12274802 -0.45241299
2.61678100 1.11453199 -0.45241299
2.63846493 1.11398900 -0.45555499
2.63284111 1.10188198 -0.45398399
2.56331301 1.06333196 -0.44141701
2.63971305 1.08531594 -0.45398399
2.65206695 1.08120799 -0.45555499
2.65545011 1.07287204 -0.45555499
2.66797590 1.06819499 -0.45712501
2.67131901 1.05980802 -0.45712501
2.67463493 1.05140901 -0.45712501
2.69633007 1.05017102 -0.46026701
2.69040203 1.03814006 -0.45869601
2.69365001 1.02968299 -0.45869601
2.70592904 1.02518404 -0.46026701
2.69988990 1.01320803 -0.45869601
2.70305991 1.00472105 -0.45869601
2.73400593 1.00645995 -0.46340901
2.72787595 0.99448401 -0.46183801
2.71240902 0.97920197 -0.45869601
2.75267005 0.98397201 -0.46498001
2.72781706 0.96543598 -0.46026701
2.75879788 0.96665800 -0.46498001
2.74316001 0.95151401 -0.46183801
2.77399206 0.95299602 -0.46655101
2.75827193 0.93791699 -0.46340901
2.73312402 0.91979897 -0.45869601
2.78285003 0.92681003 -0.46655101
2.79512691 0.92115402 -0.46812201
2.78861809 0.90930599 -0.46655101
2.79130411 0.90102899 -0.46655101
2.80352902 0.89525998 -0.46812201
2.17848492 1.57753897 -0.33116701
2.19926810 1.58266306 -0.33361101
2.20422912 1.57574701 -0.33361101
2.20944309 1.56842804 -0.33361101
2.21435905 1.56148005 -0.33361101
2.21085501 1.54920602 -0.33238900
2.22385502 1.54792500 -0.33361101
2.22054410 1.53528500 -0.33238900
2.23353791 1.53392005 -0.33361101
2.23807907 1.52728701 -0.33361101
2.24286699 1.52024698 -0.33361101
2.24763107 1.51319504 -0.33361101
2.25237393 1.50612605 -0.33361101
2.25709510 1.49904203 -0.33361101
2.25350809 1.48647904 -0.33238900
2.27450991 1.49066699 -0.33483300
2.28749990 1.48892903 -0.33605501
2.27549696 1.47095799 -0.33361101
2.28845906 1.46916401 -0.33483300
2.29306293 1.46196699 -0.33483300
2.29764390 1.45475698 -0.33483300
2.30194998 1.44793403 -0.33483300
2.30648804 1.44069397 -0.33483300
2.31943798 1.43867195 -0.33605501
2.32394600 1.43137801 -0.33605501
2.32843089 1.42407095 -0.33605501
2.33289289 1.41674900 -0.33605501
2.34583211 1.41453803 -0.33727700
2.35026503 1.40716100 -0.33727700
2.34589791 1.39510798 -0.33605501
2.35881591 1.39277804 -0.33727700
2.35461712 1.38034201 -0.33605501
2.36752105 1.37793005 -0.33727700
2.35465097 1.36055398 -0.33483300
2.37613201 1.36302698 -0.33727700
2.37154102 1.35105801 -0.33605501
2.39305210 1.35337305 -0.33849901
2.39729309 1.34584796 -0.33849901
2.39283895 1.33347797 -0.33727700
2.38833189 1.32114995 -0.33605501
2.40117002 1.31841803 -0.33727700
2.38787007 1.30136895 -0.33483300
2.42686605 1.31274903 -0.33972099
2.42200708 1.30084598 -0.33849901
2.42608190 1.29323101 -0.33849901
2.43890500 1.29024398 -0.33972099
2.44294596 1.28257596 -0.33972099
2.45576596 1.27947998 -0.34094301
2.45095801 1.26719999 -0.33972099
2.46353602 1.26445603 -0.34094301
2.45865202 1.25220501 -0.33972099
2.47143197 1.24895203 -0.34094301
2.46647191 1.23673201 -0.33972099
2.47034502 1.22897696 -0.33972099
2.48309302 1.22560501 -0.34094301
2.48693109 1.21779704 -0.34094301
2.49967194 1.21431506 -0.34216499
2.50326395 1.20689297 -0.34216499
2.50704288 1.19902301 -0.34216499
2.51079798 1.19114101 -0.34216499
2.54146910 1.19592500 -0.34583101
2.51823211 1.17534196 -0.34216499
2.53092003 1.17159402 -0.34338701
2.54340291 1.16822195 -0.34460899
2.51093197 1.14376903 -0.33972099
2.55069399 1.15221798 -0.34460899
2.55430102 1.14419997 -0.34460899
2.55788302 1.13616896 -0.34460899
2.57052207 1.13212800 -0.34583101
2.57386994 1.12449706 -0.34583101
2.57738996 1.11640501 -0.34583101
2.59000492 1.11221802 -0.34705299
2.59348607 1.10407603 -0.34705299
2.60608602 1.09978199 -0.34827599
2.60952806 1.09159005 -0.34827599
2.61294508 1.08338594 -0.34827599
2.61633492 1.07517099 -0.34827599
2.61032295 1.06365800 -0.34705299
2.65966606 1.07403505 -0.35316399
2.63538289 1.05461204 -0.34949800
2.65713596 1.05364394 -0.35194200
2.65119600 1.04166102 -0.35071999
2.65445495 1.03332698 -0.35071999
2.66694808 1.02855504 -0.35194200
2.67016602 1.02017200 -0.35194200
2.68246293 1.01575899 -0.35316399
2.64846992 0.99338400 -0.34827599
2.67948890 0.99542803 -0.35194200
2.69191694 0.99043298 -0.35316399
2.69501495 0.98197103 -0.35316399
2.69808698 0.97349900 -0.35316399
2.71047902 0.96835601 -0.35438600
2.71350694 0.95983797 -0.35438600
2.71650910 0.95130801 -0.35438600
2.71948409 0.94277000 -0.35438600
2.73165703 0.93791902 -0.35560799
2.73459005 0.92933202 -0.35560799
2.73749590 0.92073798 -0.35560799
2.74037504 0.91213298 -0.35560799
2.74322701 0.90351999 -0.35560799
2.75548911 0.89797199 -0.35683000
2.75814104 0.88979203 -0.35683000
2.77037811 0.88414103 -0.35805199
2.20753789 1.58802998 -0.24049300
2.21251607 1.58108699 -0.24049300
2.21774697 1.57374096 -0.24049300
2.22268009 1.56676698 -0.24049300
2.22731900 1.56016397 -0.24049300
2.24038506 1.55885005 -0.24137400
2.24527192 1.55180299 -0.24137400
2.25013590 1.54474103 -0.24137400
2.26293802 1.54367197 -0.24225500
2.25953102 1.53096700 -0.24137400
2.26432800 1.52386200 -0.24137400
2.26910496 1.51673996 -0.24137400
2.27385902 1.50960398 -0.24137400
2.27858996 1.50245297 -0.24137400
2.28303790 1.49568605 -0.24137400
2.28772497 1.48850703 -0.24137400
2.29239011 1.48131204 -0.24137400
2.30624890 1.45964098 -0.24137400
2.31057000 1.45279300 -0.24137400
2.31512308 1.44552600 -0.24137400
2.32811904 1.44349396 -0.24225500
2.34112406 1.44139600 -0.24313600
2.34564090 1.43403399 -0.24313600
2.34161901 1.42148900 -0.24225500
2.34607410 1.41412497 -0.24225500
2.34195805 1.40163195 -0.24137400
2.34610605 1.39467800 -0.24137400
2.36763191 1.39742696 -0.24313600
2.38919902 1.40005505 -0.24489801
2.38497591 1.38753200 -0.24401700
2.39794898 1.38501406 -0.24489801
2.40228796 1.37747395 -0.24489801
2.40636492 1.37034094 -0.24489801
2.41065788 1.36277497 -0.24489801
2.41492701 1.35519397 -0.24489801
2.41917300 1.34759998 -0.24489801
2.42339492 1.33999395 -0.24489801
2.42759204 1.33237398 -0.24489801
2.44926000 1.33427203 -0.24665999
2.45270705 1.30687404 -0.24577899
2.45679998 1.29916298 -0.24577899
2.46969008 1.29606700 -0.24665999
2.47375011 1.28830099 -0.24665999
2.46008706 1.27137601 -0.24489801
2.47270989 1.26862001 -0.24577899
2.47668409 1.26084495 -0.24577899
2.47174096 1.24856699 -0.24489801
2.48455691 1.24525797 -0.24577899
2.46169996 1.22414005 -0.24313600
2.51019812 1.23843801 -0.24754100
2.53197002 1.23930395 -0.24930300
2.52689099 1.22699201 -0.24842200
2.52154708 1.21516502 -0.24754100
2.52535200 1.20723796 -0.24754100
2.53813195 1.20356596 -0.24842200
2.54190111 1.19558597 -0.24842200
2.55467200 1.19180501 -0.24930300
2.55840302 1.18377399 -0.24930300
2.55285096 1.17202199 -0.24842200
2.56558609 1.16812503 -0.24930300
2.59469008 1.15197599 -0.25106499
2.58917999 1.13980603 -0.25018400
2.59255004 1.13211906 -0.25018400
2.60523510 1.12792599 -0.25106499
2.59961200 1.11580598 -0.25018400
2.60310507 1.10763395 -0.25018400
2.60657096 1.09945095 -0.25018400
2.61920309 1.09510005 -0.25106499
2.59502411 1.07542503 -0.24842200
2.62603211 1.07861996 -0.25106499
2.66612196 1.08585298 -0.25458801
2.65104604 1.07001603 -0.25282601
2.67289209 1.06908095 -0.25458801
2.66697693 1.05700803 -0.25370699
2.67955709 1.05226398 -0.25458801
2.67356610 1.04023004 -0.25370699
2.67682004 1.03182602 -0.25370699
2.68935394 1.02696502 -0.25458801
2.69238997 1.01898098 -0.25458801
2.69557810 1.01051605 -0.25458801
2.71434093 0.98847699 -0.25546899
2.70806289 0.97656500 -0.25458801
2.72049904 0.97140098 -0.25546899
2.72353697 0.96285099 -0.25546899
2.73594999 0.95757997 -0.25635001
2.73894501 0.94898099 -0.25635001
2.74174905 0.94084901 -0.25635001
2.74469090 0.93223000 -0.25635001
2.70039606 0.90773499 -0.25194600
2.76939797 0.92125601 -0.25811201
2.79120207 0.91878098 -0.25987399
2.78460312 0.90692198 -0.25899300
2.78728199 0.89865601 -0.25899300
2.78060102 0.88686901 -0.25811201
2.18438101 1.58064604 -0.14155699
2.20527601 1.58581901 -0.14260501
2.20212102 1.57307899 -0.14208101
2.21547103 1.57154500 -0.14260501
2.21223402 1.55882502 -0.14208101
2.20866895 1.54652596 -0.14155699
2.24630904 1.56238997 -0.14365400
2.25120592 1.55532396 -0.14365400
2.26431608 1.55389404 -0.14417800
2.26891589 1.54716897 -0.14417800
2.27376604 1.54003298 -0.14417800
2.27859211 1.53288400 -0.14417800
2.27509308 1.52016902 -0.14365400
2.28817892 1.51853502 -0.14417800
2.29293799 1.51134002 -0.14417800
2.29741192 1.50452995 -0.14417800
2.30212688 1.49730599 -0.14417800
2.29843092 1.48464704 -0.14365400
2.28627396 1.46663404 -0.14260501
2.29929209 1.46481001 -0.14312901
2.31232095 1.46291900 -0.14365400
2.31665206 1.45605302 -0.14365400
2.31274295 1.44347894 -0.14312901
2.32575488 1.44146705 -0.14365400
2.33027196 1.43415296 -0.14365400
2.33476591 1.42682600 -0.14365400
2.34777403 1.42466497 -0.14417800
2.35223794 1.41728199 -0.14417800
2.34810996 1.40475702 -0.14365400
2.36085200 1.40288603 -0.14417800
2.36524796 1.39546299 -0.14417800
2.36962008 1.38802600 -0.14417800
2.39986706 1.39563501 -0.14575100
2.42153597 1.39807403 -0.14679900
2.41725302 1.38549399 -0.14627500
2.41267395 1.37337601 -0.14575100
2.42566991 1.37070298 -0.14627500
2.43867397 1.36796105 -0.14679900
2.43423605 1.35543394 -0.14627500
2.42974091 1.34294903 -0.14575100
2.44270301 1.34011304 -0.14627500
2.41181993 1.31333005 -0.14417800
2.43350506 1.31524205 -0.14522600
2.43739700 1.30801499 -0.14522600
2.44149399 1.30035198 -0.14522600
2.44556689 1.29267597 -0.14522600
2.45846009 1.28962505 -0.14575100
2.46249890 1.28189600 -0.14575100
2.46651411 1.27415204 -0.14575100
2.47028303 1.26682997 -0.14575100
2.47425103 1.25906301 -0.14575100
2.47819495 1.25128305 -0.14575100
2.49104190 1.24796402 -0.14627500
2.49495006 1.24013197 -0.14627500
2.50778890 1.23670602 -0.14679900
2.53857303 1.24198699 -0.14837199
2.54246306 1.23400497 -0.14837199
2.55510998 1.23079002 -0.14889599
2.55896401 1.22275698 -0.14889599
2.56279206 1.21471202 -0.14889599
2.55755901 1.20240605 -0.14837199
2.57037401 1.19858396 -0.14889599
2.56506300 1.18631196 -0.14837199
2.56857204 1.17869699 -0.14837199
2.52681494 1.14994001 -0.14575100
2.55772209 1.15431905 -0.14732400
2.57045102 1.15035605 -0.14784800
2.56492496 1.13822496 -0.14732400
2.58676910 1.13820601 -0.14837199
2.58098197 1.12653100 -0.14784800
2.59367299 1.12238300 -0.14837199
2.59718704 1.11422801 -0.14837199
2.60067511 1.10606396 -0.14837199
2.60413599 1.09788895 -0.14837199
2.61678600 1.09355295 -0.14889599
2.60175705 1.07768297 -0.14784800
2.62360597 1.07708800 -0.14889599
2.62679005 1.06930006 -0.14889599
2.66718102 1.07598698 -0.15099400
2.67054701 1.06760299 -0.15099400
2.68317294 1.06288505 -0.15151800
2.68649912 1.05445004 -0.15151800
2.70841289 1.05324399 -0.15256600
2.70238900 1.04113996 -0.15204200
2.72430706 1.03976798 -0.15309100
2.72738004 1.03167903 -0.15309100
2.67449999 1.00208199 -0.14994501
2.69635892 1.00062394 -0.15099400
2.70886207 0.99559402 -0.15151800
2.71197605 0.98707902 -0.15151800
2.71506405 0.97855401 -0.15151800
2.72753096 0.97337502 -0.15204200
2.73057389 0.96480298 -0.15204200
2.73359203 0.95621902 -0.15204200
2.73658299 0.94762701 -0.15204200
2.73938298 0.93950301 -0.15204200
2.74232101 0.93089098 -0.15204200
2.75469804 0.92545402 -0.15256600
2.75759101 0.91679400 -0.15256600
2.76045799 0.90812701 -0.15256600
2.77279305 0.90254003 -0.15309100
2.77545905 0.89431000 -0.15309100
2.76873994 0.88255399 -0.15256600
2.22277498 1.61849904 -0.04726000
2.21638298 1.59321904 -0.04691600
2.21323991 1.58043802 -0.04674400
2.22662497 1.57887304 -0.04691600
2.23157406 1.57186997 -0.04691600
2.22830892 1.55911899 -0.04674400
2.24140596 1.55781901 -0.04691600
2.25424600 1.55684304 -0.04708800
2.25088096 1.54409695 -0.04691600
2.26398301 1.54264796 -0.04708800
2.26881909 1.53552699 -0.04708800
2.27363110 1.52839398 -0.04708800
2.27842093 1.52124298 -0.04708800
2.28292489 1.51447499 -0.04708800
2.29602098 1.51279700 -0.04726000
2.29239511 1.50010204 -0.04708800
2.29709601 1.49289298 -0.04708800
2.30177593 1.48566902 -0.04708800
2.30643201 1.47843003 -0.04708800
2.31924200 1.47695100 -0.04726000
2.32386994 1.46965802 -0.04726000
2.33694291 1.46766806 -0.04743200
2.33305812 1.45502698 -0.04726000
2.35461903 1.45821905 -0.04760400
2.34215498 1.44034004 -0.04726000
2.36373401 1.44339597 -0.04760400
2.36825800 1.43596303 -0.04760400
2.37250805 1.42893004 -0.04760400
2.36840391 1.41633701 -0.04743200
2.39863396 1.42420399 -0.04794700
2.36002898 1.39127398 -0.04708800
2.39027691 1.39900398 -0.04760400
2.39466000 1.39148796 -0.04760400
2.39877796 1.38437605 -0.04760400
2.39443994 1.37186301 -0.04743200
2.39873695 1.36433494 -0.04743200
2.41171908 1.36170697 -0.04760400
2.41598392 1.35412395 -0.04760400
2.42022705 1.34652698 -0.04760400
2.42444491 1.33891702 -0.04760400
2.42863894 1.33129501 -0.04760400
2.43257904 1.32408202 -0.04760400
2.44552302 1.32118595 -0.04777500
2.44966197 1.31349599 -0.04777500
2.45377588 1.30579495 -0.04777500
2.48439002 1.31208801 -0.04829100
2.47964406 1.29963398 -0.04811900
2.49235892 1.29688704 -0.04829100
2.50530505 1.29363704 -0.04846300
2.49133611 1.27707803 -0.04811900
2.51315999 1.27830994 -0.04846300
2.52631307 1.27447200 -0.04863500
2.53030396 1.26652896 -0.04863500
2.48054099 1.23188996 -0.04760400
2.52027297 1.24176896 -0.04829100
2.53292894 1.23867702 -0.04846300
2.52781200 1.22634900 -0.04829100
2.53165197 1.21840203 -0.04829100
2.54449105 1.21475101 -0.04846300
2.54829407 1.20675099 -0.04846300
2.55207300 1.19873905 -0.04846300
2.55561900 1.19116104 -0.04846300
2.55934811 1.18312705 -0.04846300
2.56305194 1.17508101 -0.04846300
2.56673098 1.16702402 -0.04846300
2.57949901 1.16306305 -0.04863500
2.59226894 1.15903401 -0.04880700
2.59569597 1.15133798 -0.04880700
2.59929991 1.14317799 -0.04880700
2.62120795 1.14300001 -0.04915000
2.62478709 1.13475895 -0.04915000
2.63752890 1.13044596 -0.04932200
2.64106703 1.12215400 -0.04932200
2.65379405 1.11773300 -0.04949400
2.65729189 1.10939097 -0.04949400
2.65133405 1.09767699 -0.04932200
2.63627005 1.08175004 -0.04897800
2.64891696 1.07722902 -0.04915000
2.65228796 1.06890297 -0.04915000
2.66491795 1.06427395 -0.04932200
2.67754602 1.05957496 -0.04949400
2.68086100 1.05115700 -0.04949400
2.68414998 1.04272997 -0.04949400
2.67790198 1.03116906 -0.04932200
2.69981098 1.02987897 -0.04966600
2.70303392 1.02139103 -0.04966600
2.70622993 1.01289403 -0.04966600
2.70939803 1.00438702 -0.04966600
2.72192597 0.99931699 -0.04983800
2.73444891 0.99417698 -0.05001000
2.74696589 0.98896801 -0.05018100
2.75006008 0.98033297 -0.05018100
2.74369693 0.96836299 -0.05001000
2.74655795 0.96021700 -0.05001000
2.76845908 0.95812303 -0.05035300
2.76199603 0.94618100 -0.05018100
2.77442408 0.94071001 -0.05035300
2.73944902 0.91926700 -0.04966600
2.77079105 0.92010802 -0.05018100
2.78300691 0.91500503 -0.05035300
2.78586793 0.90625799 -0.05035300
2.77918291 0.89443898 -0.05018100
2.78197908 0.88570398 -0.05018100
2.29570699 1.67958796 0.45067999
2.26299596 1.62373304 0.44129100
2.27584600 1.62274599 0.44285601
2.28149700 1.61479199 0.44285601
2.27819896 1.60233295 0.44129100
2.29941511 1.60648096 0.44442099
2.28822207 1.58798695 0.44129100
2.30133104 1.58639705 0.44285601
2.30602789 1.57956100 0.44285601
2.30281305 1.56675303 0.44129100
2.31590700 1.56504202 0.44285601
2.32081199 1.55775797 0.44285601
2.32569408 1.55045903 0.44285601
2.33055401 1.54314494 0.44285601
2.33512211 1.53622305 0.44285601
2.33166790 1.52347803 0.44129100
2.34472895 1.52152097 0.44285601
2.34949708 1.51414800 0.44285601
2.35424209 1.50675797 0.44285601
2.36730003 1.50465298 0.44442099
2.36340189 1.49234998 0.44285601
2.37644696 1.49016404 0.44442099
2.38111591 1.48269105 0.44442099
2.38576293 1.47520304 0.44442099
2.39880300 1.47286904 0.44598600
2.40341806 1.46532595 0.44598600
2.40801001 1.45776796 0.44598600
2.41257691 1.45019603 0.44598600
2.41687012 1.44303095 0.44598600
2.42139101 1.43543100 0.44598600
2.42588806 1.42781699 0.44598600
2.43036199 1.42018902 0.44598600
2.43481207 1.41254699 0.44598600
2.43923807 1.40488994 0.44598600
2.45196795 1.40255105 0.44755000
2.45636201 1.39484096 0.44755000
2.46073198 1.38711703 0.44755000
2.46507812 1.37937999 0.44755000
2.46939898 1.37162805 0.44755000
2.47369599 1.36386395 0.44755000
2.47796798 1.35608602 0.44755000
2.49089599 1.35300899 0.44911501
2.49489903 1.34561300 0.44911501
2.50782204 1.34242797 0.45067999
2.51202607 1.33454502 0.45067999
2.50746989 1.32203901 0.44911501
2.52036309 1.31873405 0.45067999
2.52449298 1.31080997 0.45067999
2.53715110 1.30783796 0.45224500
2.53245306 1.29536498 0.45067999
2.53628492 1.28784502 0.45067999
2.54936409 1.28386903 0.45224500
2.55338407 1.27585399 0.45224500
2.55737901 1.26782596 0.45224500
2.55248690 1.25542605 0.45067999
2.56529498 1.25173295 0.45224500
2.56899810 1.24411500 0.45224500
2.58179593 1.24031603 0.45381001
2.57676411 1.22794998 0.45224500
2.58953905 1.22406900 0.45381001
2.59337091 1.21592796 0.45381001
2.59717894 1.20777404 0.45381001
2.60075092 1.20006299 0.45381001
2.60450792 1.19188702 0.45381001
2.60823989 1.18369901 0.45381001
2.62095189 1.17955303 0.45537499
2.62464499 1.17131197 0.45537499
2.63734293 1.16705799 0.45694000
2.64079499 1.15922797 0.45694000
2.65348005 1.15486705 0.45850399
2.64802599 1.14261305 0.45694000
2.65160298 1.13428700 0.45694000
2.65515304 1.12595201 0.45694000
2.65867710 1.11760497 0.45694000
2.67129207 1.11304498 0.45850399
2.67477608 1.10464799 0.45850399
2.68718195 1.10044897 0.46006900
2.69062495 1.09200299 0.46006900
2.70320606 1.08722997 0.46163401
2.69743395 1.07507503 0.46006900
2.70079803 1.06659603 0.46006900
2.72253108 1.06530297 0.46319899
2.72586393 1.05674601 0.46319899
2.71994996 1.04463601 0.46163401
2.73226905 1.04007399 0.46319899
2.27542996 1.66414297 0.34445101
2.28266001 1.63723898 0.34323800
2.27942395 1.62469804 0.34202501
2.29318500 1.62246394 0.34323800
2.29798889 1.61565304 0.34323800
2.29491591 1.60274196 0.34202501
2.29993892 1.59552395 0.34202501
2.30493999 1.58829200 0.34202501
2.30964303 1.58144498 0.34202501
2.31459999 1.57418203 0.34202501
2.33598399 1.57801604 0.34445101
2.33268690 1.56513798 0.34323800
2.33759308 1.55780196 0.34323800
2.33419800 1.54497194 0.34202501
2.35535908 1.54894805 0.34445101
2.35190201 1.53611302 0.34323800
2.36504507 1.53411806 0.34445101
2.36150789 1.52130497 0.34323800
2.36627603 1.51387799 0.34323800
2.37102008 1.50643694 0.34323800
2.38387299 1.50469398 0.34445101
2.38017797 1.49192500 0.34323800
2.39328003 1.48968601 0.34445101
2.39794898 1.48215902 0.34445101
2.40259290 1.47461903 0.34445101
2.41568899 1.47222996 0.34566399
2.42030311 1.46463299 0.34566399
2.42489195 1.45702195 0.34566399
2.42920494 1.44982100 0.34566399
2.42520809 1.43712199 0.34445101
2.44682097 1.43956304 0.34687701
2.43419003 1.42185497 0.34445101
2.45581794 1.42416096 0.34687701
2.46027994 1.41643798 0.34687701
2.45585489 1.40420496 0.34566399
2.46025395 1.39648402 0.34566399
2.47327709 1.39362001 0.34687701
2.47764301 1.38584304 0.34687701
2.48198509 1.37805200 0.34687701
2.48630190 1.37024796 0.34687701
2.49059391 1.36243105 0.34687701
2.50358510 1.35933602 0.34808901
2.49886990 1.34719098 0.34687701
2.50308990 1.33933401 0.34687701
2.50728607 1.33146405 0.34687701
2.51145601 1.32358098 0.34687701
2.52439809 1.32028401 0.34808901
2.52853298 1.31234705 0.34808901
2.53241611 1.30483794 0.34808901
2.53650188 1.29687703 0.34808901
2.54033899 1.28934503 0.34808901
2.55346704 1.28537703 0.34930199
2.56637311 1.28178406 0.35051501
2.56149197 1.26930797 0.34930199
2.56546807 1.26125395 0.34930199
2.56941700 1.25318897 0.34930199
2.57312489 1.24555898 0.34930199
2.57702494 1.23747003 0.34930199
2.58986092 1.23363698 0.35051501
2.59372401 1.22549403 0.35051501
2.59756088 1.21733999 0.35051501
2.61037397 1.21335602 0.35172799
2.60494900 1.20144904 0.35051501
2.61773705 1.19738901 0.35172799
2.62148595 1.18915796 0.35172799
2.63426089 1.18499005 0.35294101
2.63797092 1.17670703 0.35294101
2.65073299 1.17243004 0.35415399
2.64510989 1.16057205 0.35294101
2.64874291 1.15225601 0.35294101
2.65234900 1.14392900 0.35294101
2.66505694 1.13949299 0.35415399
2.66862392 1.13111496 0.35415399
2.68131495 1.12657106 0.35536700
2.68484211 1.11814106 0.35536700
2.68834090 1.10970104 0.35536700
2.69162202 1.10171902 0.35536700
2.70426798 1.09698999 0.35657901
2.70770001 1.08848906 0.35657901
2.72032905 1.08364999 0.35779199
2.72371888 1.07509899 0.35779199
2.72708392 1.06653595 0.35779199
2.73967600 1.06155002 0.35900500
2.74299788 1.05293906 0.35900500
2.75538707 1.04832399 0.36021799
2.75866699 1.03966296 0.36021799
2.75261998 1.02751899 0.35900500
2.77445507 1.02575302 0.36143100
2.78698492 1.02044404 0.36264399
2.78084493 1.00829899 0.36143100
2.79334092 1.00291204 0.36264399
2.79647899 0.99413103 0.36264399
2.80895090 0.98863697 0.36385700
2.81204295 0.97980797 0.36385700
2.81493807 0.97145897 0.36385700
2.81797600 0.96261102 0.36385700
2.83038902 0.95693302 0.36506900
2.83338189 0.94803602 0.36506900
2.83634591 0.93913001 0.36506900
2.83928299 0.93021399 0.36506900
2.84203005 0.92178702 0.36506900
2.84491205 0.91285402 0.36506900
2.81938291 0.89490199 0.36143100
2.28121591 1.65679204 0.24493299
2.26700497 1.62541103 0.24233700
2.27181697 1.61867797 0.24233700
2.28558803 1.61649001 0.24320200
2.29852509 1.61543000 0.24406800
2.29541993 1.60249805 0.24320200
2.30044293 1.59527898 0.24320200
2.30544305 1.58804500 0.24320200
2.31836605 1.58682406 0.24406800
2.31510091 1.57393205 0.24320200
2.32003403 1.56665099 0.24320200
2.33321810 1.56490397 0.24406800
2.33812308 1.55756605 0.24406800
2.33469605 1.54471505 0.24320200
2.33926892 1.53778195 0.24320200
2.35243011 1.53587198 0.24406800
2.35724401 1.52847302 0.24406800
2.36203408 1.52106094 0.24406800
2.36680102 1.51363206 0.24406800
2.35537505 1.47580504 0.24147099
2.36845803 1.47366202 0.24233700
2.37307596 1.46621299 0.24233700
2.37767100 1.45875096 0.24233700
2.38224101 1.45127499 0.24233700
2.39531398 1.44893897 0.24320200
2.39985299 1.44140804 0.24320200
2.40411997 1.43428004 0.24320200
2.40861392 1.42672098 0.24320200
2.41308403 1.41914701 0.24320200
2.43473697 1.42160499 0.24493299
2.44780993 1.41894603 0.24579901
2.45225596 1.41124797 0.24579901
2.45643210 1.40396702 0.24579901
2.46083093 1.39624298 0.24579901
2.46520495 1.38850498 0.24579901
2.46955490 1.38075399 0.24579901
2.47388101 1.37298799 0.24579901
2.47818208 1.36521006 0.24579901
2.49119902 1.36219800 0.24666400
2.48671103 1.34961200 0.24579901
2.49070406 1.34222806 0.24579901
2.47680092 1.30476499 0.24320200
2.49854493 1.30620801 0.24493299
2.51148009 1.30294001 0.24579901
2.50647807 1.29092002 0.24493299
2.51939201 1.28757405 0.24579901
2.52320099 1.28009295 0.24579901
2.52743196 1.27171803 0.24579901
2.54032803 1.26822197 0.24666400
2.54430008 1.26023602 0.24666400
2.55718803 1.25662994 0.24753000
2.57903290 1.25732195 0.24926101
2.58275199 1.24966300 0.24926101
2.59564710 1.24585402 0.25012600
2.59954810 1.23769403 0.25012600
2.60342407 1.22952104 0.25012600
2.60727310 1.22133601 0.25012600
2.61109805 1.21313906 0.25012600
2.62373304 1.20955706 0.25099200
2.62751889 1.20130897 0.25099200
2.63128090 1.19304800 0.25099200
2.63501596 1.18477595 0.25099200
2.63872504 1.17649102 0.25099200
2.65152001 1.17222500 0.25185701
2.64586210 1.16035199 0.25099200
2.65863109 1.15600502 0.25185701
2.67139792 1.15159202 0.25272301
2.67500305 1.14319301 0.25272301
2.67858100 1.13478398 0.25272301
2.68213201 1.12636399 0.25272301
2.69485593 1.12176001 0.25358799
2.69836593 1.11328900 0.25358799
2.70165801 1.10527694 0.25358799
2.70511699 1.09678400 0.25358799
2.71779299 1.09199500 0.25445399
2.72121000 1.08345103 0.25445399
2.73386788 1.07855296 0.25531900
2.73724294 1.06995904 0.25531900
2.74059105 1.06135499 0.25531900
2.74391198 1.05273998 0.25531900
2.75633502 1.04813397 0.25618500
2.76893711 1.04298198 0.25705001
2.76286602 1.03079498 0.25618500
2.77543497 1.02556503 0.25705001
2.77864408 1.01683998 0.25705001
2.78182507 1.00810504 0.25705001
2.79435492 1.00272596 0.25791600
2.78810406 0.99060601 0.25705001
2.80060005 0.98514801 0.25791600
2.80368090 0.97634602 0.25791600
2.81598401 0.97127002 0.25878099
2.80959296 0.95920002 0.25791600
2.82203102 0.95355898 0.25878099
2.83446097 0.94784701 0.25964701
2.83742499 0.93893802 0.25964701
2.84036112 0.93001902 0.25964701
2.84310699 0.92158800 0.25964701
2.85547495 0.91569400 0.26051199
2.83934593 0.90069300 0.25878099
2.24334788 1.61854804 0.14350300
2.27277207 1.62894595 0.14505699
2.26946092 1.61640203 0.14453900
2.26693511 1.60270500 0.14402100
2.27985191 1.60171294 0.14453900
2.28487301 1.59454203 0.14453900
2.28166294 1.58166695 0.14402100
2.27839589 1.56882799 0.14350300
2.28304100 1.56206000 0.14350300
2.29619598 1.56049395 0.14402100
2.29280996 1.54768503 0.14350300
2.29766107 1.54047406 0.14350300
2.30248904 1.53324902 0.14350300
2.30729508 1.52600706 0.14350300
2.31181192 1.51915503 0.14350300
2.33329892 1.52280104 0.14453900
2.32131195 1.50459898 0.14350300
2.33442402 1.50270498 0.14402100
2.32230592 1.48460495 0.14298500
2.36068201 1.49871194 0.14505699
2.36511803 1.49170196 0.14505699
2.36979294 1.48426402 0.14505699
2.37444401 1.47681201 0.14505699
2.37907195 1.46934402 0.14505699
2.38367605 1.46186399 0.14505699
2.38825703 1.45436800 0.14505699
2.39281511 1.44685805 0.14505699
2.40591002 1.44447398 0.14557500
2.40160799 1.43221402 0.14505699
2.41468906 1.42974997 0.14557500
2.40194988 1.41203499 0.14453900
2.41499996 1.40951598 0.14505699
2.41077495 1.39691603 0.14453900
2.41515207 1.38933396 0.14453900
2.41926289 1.38216305 0.14453900
2.44096708 1.38440895 0.14557500
2.43660212 1.37183404 0.14505699
2.44090009 1.36417305 0.14505699
2.45390606 1.36134195 0.14557500
2.45817089 1.35362601 0.14557500
2.47117400 1.35068703 0.14609300
2.47540498 1.34291601 0.14609300
2.47937894 1.33556604 0.14609300
2.48356295 1.32776999 0.14609300
2.48772097 1.31996095 0.14609300
2.49185610 1.31213999 0.14609300
2.49596596 1.30430400 0.14609300
2.50005102 1.29645705 0.14609300
2.50388694 1.28903306 0.14609300
2.50792408 1.28116095 0.14609300
2.51171398 1.27371502 0.14609300
2.51592398 1.26537800 0.14609300
2.52882290 1.26192701 0.14661101
2.54172397 1.25840795 0.14712900
2.55462909 1.25481904 0.14764699
2.54958105 1.24241304 0.14712900
2.56224704 1.23918998 0.14764699
2.56612706 1.23113501 0.14764699
2.57899904 1.22735906 0.14816500
2.58284307 1.21924996 0.14816500
2.58665991 1.21113002 0.14816500
2.59045196 1.20299697 0.14816500
2.61214995 1.20366502 0.14920200
2.61591792 1.19545305 0.14920200
2.61966205 1.18722796 0.14920200
2.61426902 1.17489898 0.14868300
2.60882592 1.16261494 0.14816500
2.61246490 1.15441406 0.14816500
2.62502503 1.15066695 0.14868300
2.63778710 1.14639401 0.14920200
2.65054607 1.14205396 0.14972000
2.65412092 1.13372099 0.14972000
2.66686606 1.12927198 0.15023801
2.66119194 1.11702299 0.14972000
2.67390895 1.11249304 0.15023801
2.64046097 1.08885896 0.14816500
2.68989801 1.09991801 0.15075600
2.69334006 1.09146202 0.15075600
2.69675589 1.08299601 0.15075600
2.70014501 1.07451797 0.15075600
2.70350695 1.06603003 0.15075600
2.71614504 1.06116498 0.15127400
2.72877789 1.05623198 0.15179200
2.72275901 1.04407895 0.15127400
2.73517990 1.03954303 0.15179200
2.73843193 1.03094602 0.15179200
2.74165702 1.02233696 0.15179200
2.74802589 1.00509095 0.15179200
2.76056099 0.99985301 0.15231000
2.75428700 0.98780501 0.15179200
2.77619910 0.98583001 0.15282799
2.77928305 0.97710401 0.15282799
2.79176998 0.97165102 0.15334600
2.78519893 0.96010798 0.15282799
2.79765296 0.95457900 0.15334600
2.81010008 0.94898099 0.15386400
2.81306791 0.94014698 0.15386400
2.82548904 0.93444097 0.15438201
2.83790207 0.92866498 0.15490000
2.84064507 0.92024201 0.15490000
2.84352112 0.91131300 0.15490000
2.81781197 0.89332098 0.15334600
2.22198701 1.60254705 0.04708800
2.26764894 1.62467504 0.04794700
2.27245903 1.61793995 0.04794700
2.27809405 1.60999703 0.04794700
2.28286099 1.60323000 0.04794700
2.27968597 1.59033000 0.04777500
2.29288912 1.58885598 0.04794700
2.29786801 1.58164501 0.04794700
2.30255198 1.57481897 0.04794700
2.29921794 1.56195903 0.04777500
2.31240106 1.56032205 0.04794700
2.31729102 1.55304897 0.04794700
2.32215905 1.54576194 0.04794700
2.32700396 1.53845799 0.04794700
2.33155894 1.53154600 0.04794700
2.33635807 1.52421606 0.04794700
2.34952593 1.52230406 0.04811900
2.34588909 1.50950599 0.04794700
2.35062003 1.50212801 0.04794700
2.34688497 1.48937905 0.04777500
2.35975099 1.48774195 0.04794700
2.37288904 1.48562598 0.04811900
2.36905193 1.47288501 0.04794700
2.38217592 1.47068703 0.04811900
2.38678503 1.46319699 0.04811900
2.38282800 1.45049298 0.04794700
2.39593101 1.44817102 0.04811900
2.40046811 1.44063699 0.04811900
2.40473294 1.43350804 0.04811900
2.40922403 1.42594695 0.04811900
2.41369200 1.41837096 0.04811900
2.40949988 1.40574205 0.04794700
2.42255592 1.40317702 0.04811900
2.43562007 1.40054297 0.04829100
2.43976498 1.39331102 0.04829100
2.44412994 1.38564003 0.04829100
2.43975806 1.37304997 0.04811900
2.46151710 1.37513196 0.04846300
2.45708108 1.36254203 0.04829100
2.47010803 1.35963798 0.04846300
2.47436690 1.35187197 0.04846300
2.48739195 1.34885705 0.04863500
2.49138308 1.34147203 0.04863500
2.50440407 1.33835006 0.04880700
2.49976206 1.32579100 0.04863500
2.51276302 1.32258904 0.04880700
2.50804305 1.31005800 0.04863500
2.52102304 1.30677402 0.04880700
2.52488995 1.29928803 0.04880700
2.52895904 1.29135001 0.04880700
2.54169703 1.28836203 0.04897800
2.53702307 1.27543402 0.04880700
2.54101706 1.26745796 0.04880700
2.54498601 1.25946999 0.04880700
2.55790591 1.25587404 0.04897800
2.54385996 1.23907602 0.04863500
2.54752588 1.23152196 0.04863500
2.55138206 1.22351301 0.04863500
2.56424189 1.21978700 0.04880700
2.57710409 1.21599102 0.04897800
2.58091092 1.20788896 0.04897800
2.58469391 1.19977403 0.04897800
2.58824205 1.19210100 0.04897800
2.61016297 1.19227302 0.04932200
2.57746601 1.16756296 0.04863500
2.63584399 1.18404305 0.04966600
2.63041806 1.17168701 0.04949400
2.64323211 1.16745806 0.04966600
2.64668393 1.15961099 0.04966600
2.65031409 1.15128899 0.04966600
2.65391803 1.14295805 0.04966600
2.66669106 1.13854003 0.04983800
2.67025495 1.13015699 0.04983800
2.67379189 1.12176299 0.04983800
2.68653488 1.11719596 0.05001000
2.68078709 1.10494101 0.04983800
2.68405390 1.09698105 0.04983800
2.68748689 1.08854401 0.04983800
2.69089293 1.08009601 0.04983800
2.69427395 1.07163703 0.04983800
2.69762707 1.06316805 0.04983800
2.70095396 1.05468702 0.04983800
2.71357894 1.04980397 0.05001000
2.71686292 1.04127502 0.05001000
2.72928810 1.03675902 0.05018100
2.74188900 1.03170097 0.05035300
2.71701002 1.01260602 0.04983800
2.75769711 1.01791501 0.05052500
2.76088095 1.00924695 0.05052500
2.77344108 1.00397098 0.05069700
2.77658105 0.99525398 0.05069700
2.77969408 0.98652500 0.05069700
2.79221201 0.98110300 0.05086900
2.79528093 0.97232598 0.05086900
2.80760694 0.96728402 0.05104100
2.81063199 0.95845997 0.05104100
2.81362891 0.94962603 0.05104100
2.82608199 0.94394797 0.05121300
2.82903290 0.93506598 0.05121300
2.83195710 0.92617297 0.05121300
2.84420490 0.92084599 0.05138400
2.83756208 0.90885699 0.05121300
2.82134008 0.89389801 0.05086900
