2.17240596 -0.62497997 -0.60469002
2.12405610 -0.61830097 -0.59176898
2.14063597 -0.63042998 -0.59693700
2.13864493 -0.63715100 -0.59693700
2.13663292 -0.64386702 -0.59693700
2.12535906 -0.64775997 -0.59435302
2.13254499 -0.65727901 -0.59693700
2.12124705 -0.66110098 -0.59435302
2.12837291 -0.67066503 -0.59693700
2.12613797 -0.67771900 -0.59693700
2.12399793 -0.68439603 -0.59693700
2.12171698 -0.69143498 -0.59693700
2.12883210 -0.70074803 -0.59952098
2.11745405 -0.70438302 -0.59693700
2.11523008 -0.71103197 -0.59693700
2.11298609 -0.71767300 -0.59693700
2.11985803 -0.72744399 -0.59952098
2.10843492 -0.73093498 -0.59693700
2.11524606 -0.74074900 -0.59952098
2.11290789 -0.74738997 -0.59952098
2.11054993 -0.75402403 -0.59952098
2.09908390 -0.75737202 -0.59693700
2.09669399 -0.76396298 -0.59693700
2.10321498 -0.77424902 -0.59952098
2.12793708 -0.79095000 -0.60727400
2.12544203 -0.79763103 -0.60727400
2.14099312 -0.81115001 -0.61244202
2.13843393 -0.81787199 -0.61244202
2.13585401 -0.82458597 -0.61244202
2.11525106 -0.82427698 -0.60727400
2.13063097 -0.83798897 -0.61244202
2.12798810 -0.84467900 -0.61244202
2.12532401 -0.85136002 -0.61244202
2.12263799 -0.85803300 -0.61244202
2.11993194 -0.86469698 -0.61244202
2.10827208 -0.86767602 -0.60985798
2.05185699 -0.85242498 -0.59435302
2.08480597 -0.87380397 -0.60469002
2.07315302 -0.87658697 -0.60210598
2.07038903 -0.88309598 -0.60210598
2.07647800 -0.89341402 -0.60469002
2.06480002 -0.89608699 -0.60210598
2.07082391 -0.90644300 -0.60469002
2.06796598 -0.91294402 -0.60469002
2.06508803 -0.91943598 -0.60469002
2.06218910 -0.92591900 -0.60469002
2.05926991 -0.93239301 -0.60469002
2.05616689 -0.93921697 -0.60469002
2.06198001 -0.94971299 -0.60727400
2.05022502 -0.95211798 -0.60469002
2.04722404 -0.95855403 -0.60469002
2.03546596 -0.96085697 -0.60210598
2.04116011 -0.97139800 -0.60469002
2.07293797 -0.99452001 -0.61502600
2.06980300 -1.00102794 -0.61502600
2.06664801 -1.00752497 -0.61502600
2.06347299 -1.01401305 -0.61502600
2.06027699 -1.02049005 -0.61502600
2.06570411 -1.03127301 -0.61760998
2.07108402 -1.04209900 -0.62019497
2.05900097 -1.04459095 -0.61760998
2.05570889 -1.05105400 -0.61760998
2.06098509 -1.06193197 -0.62019497
2.04906511 -1.06394994 -0.61760998
2.05427194 -1.07486105 -0.62019497
2.01670408 -1.06328702 -0.60985798
2.03041601 -1.07868195 -0.61502600
2.01850009 -1.08049595 -0.61244202
2.02359796 -1.09141803 -0.61502600
2.00318289 -1.08854496 -0.60985798
2.01670003 -1.10411096 -0.61502600
2.00476289 -1.10577595 -0.61244202
2.00972295 -1.11676097 -0.61502600
1.99758005 -1.11869895 -0.61244202
2.01088405 -1.13446200 -0.61760998
1.99891102 -1.13600099 -0.61502600
2.00371599 -1.14707398 -0.61760998
1.99173403 -1.14853799 -0.61502600
1.98811603 -1.15478897 -0.61502600
1.98447800 -1.16103005 -0.61502600
1.99746597 -1.17706704 -0.62019497
2.01037312 -1.19319797 -0.62536299
2.01490593 -1.20446396 -0.62794697
2.01111197 -1.21078801 -0.62794697
2.02360606 -1.22747099 -0.63311499
2.00325203 -1.22375000 -0.62794697
2.01585293 -1.24016094 -0.63311499
2.00373507 -1.24140000 -0.63053101
2.01621699 -1.25791597 -0.63569999
2.00407600 -1.25910497 -0.63311499
2.00827408 -1.27055895 -0.63569999
1.99612498 -1.27167201 -0.63311499
1.93520200 -1.24142396 -0.61502600
1.96375096 -1.26846397 -0.62536299
1.95975697 -1.27462697 -0.62536299
1.96382403 -1.28606999 -0.62794697
1.95977402 -1.29223299 -0.62794697
1.94743097 -1.29338002 -0.62536299
1.95138896 -1.30486202 -0.62794697
1.94728005 -1.31098604 -0.62794697
1.95114803 -1.32251704 -0.63053101
1.93900394 -1.32319498 -0.62794697
1.95076203 -1.34022105 -0.63311499
1.93859696 -1.34084702 -0.63053101
1.94230294 -1.35245097 -0.63311499
1.93013406 -1.35300100 -0.63053101
1.93376696 -1.36462796 -0.63311499
1.92946994 -1.37069702 -0.63311499
1.96419799 -1.40519094 -0.64603603
1.95193505 -1.40570903 -0.64345199
1.96315205 -1.42317498 -0.64862001
1.95086801 -1.42364097 -0.64603603
1.95417094 -1.43548095 -0.64862001
1.94188404 -1.43587005 -0.64603603
1.94511294 -1.44773102 -0.64862001
1.94055498 -1.45383501 -0.64862001
1.94369197 -1.46574104 -0.65120399
1.93882000 -1.47217798 -0.65120399
1.89580905 -1.44893098 -0.63828403
1.90656197 -1.46666002 -0.64345199
1.90194499 -1.47264302 -0.64345199
1.88968897 -1.47267199 -0.64086801
1.89265394 -1.48456395 -0.64345199
1.89556301 -1.49648798 -0.64603603
1.89085197 -1.50243604 -0.64603603
1.87077296 -1.49662900 -0.64086801
2.14224195 -0.62400103 -0.51528603
2.14027190 -0.63072801 -0.51528603
2.14761710 -0.64023203 -0.51753598
2.14559507 -0.64697599 -0.51753598
2.14355206 -0.65371400 -0.51753598
2.14148808 -0.66044402 -0.51753598
2.13940191 -0.66716897 -0.51753598
2.15588093 -0.67974699 -0.52203602
2.12576699 -0.67800999 -0.51528603
2.14217305 -0.69066501 -0.51978600
2.14913392 -0.70078498 -0.52203602
2.13779092 -0.70411098 -0.51978600
2.14481306 -0.71390003 -0.52203602
2.14256001 -0.72063500 -0.52203602
2.14028502 -0.72736198 -0.52203602
2.13799000 -0.73408300 -0.52203602
2.13567305 -0.74079603 -0.52203602
2.13333511 -0.74750102 -0.52203602
2.13097596 -0.75419998 -0.52203602
2.13777089 -0.76416999 -0.52428699
2.13536000 -0.77088302 -0.52428699
2.10546494 -0.76757503 -0.51753598
2.11205101 -0.77792102 -0.51978600
2.10959697 -0.78455198 -0.51978600
2.10712194 -0.79117602 -0.51978600
2.11373711 -0.80124497 -0.52203602
2.11120892 -0.80788201 -0.52203602
2.09957194 -0.81099898 -0.51978600
2.09701395 -0.81759101 -0.51978600
2.09443498 -0.82417500 -0.51978600
2.09183502 -0.83075100 -0.51978600
2.08921504 -0.83731902 -0.51978600
2.08657408 -0.84387797 -0.51978600
2.08391309 -0.85042900 -0.51978600
2.08123112 -0.85697198 -0.51978600
2.07837701 -0.86386901 -0.51978600
2.08463907 -0.87416202 -0.52203602
2.08188200 -0.88070601 -0.52203602
2.08806705 -0.89106703 -0.52428699
2.09420705 -0.90147501 -0.52653700
2.09136391 -0.90804899 -0.52653700
2.08850098 -0.91461498 -0.52653700
2.10344291 -0.92904502 -0.53103697
2.09161401 -0.93168402 -0.52878702
2.08867693 -0.93825001 -0.52878702
2.08571911 -0.94480801 -0.52878702
2.07371211 -0.94766903 -0.52653700
2.07072496 -0.95417899 -0.52653700
2.06771708 -0.96068001 -0.52653700
2.06468892 -0.96717101 -0.52653700
2.04401898 -0.96533102 -0.52203602
2.04977393 -0.97593600 -0.52428699
2.04669809 -0.98237097 -0.52428699
2.05237198 -0.99303901 -0.52653700
2.04924202 -0.99948198 -0.52653700
2.03734803 -1.00161600 -0.52428699
2.04292202 -1.01233804 -0.52653700
2.04844809 -1.02310503 -0.52878702
2.03652096 -1.02515399 -0.52653700
2.04179907 -1.03631198 -0.52878702
2.03853297 -1.04272103 -0.52878702
2.03524709 -1.04911995 -0.52878702
2.03194094 -1.05550897 -0.52878702
2.02861500 -1.06188703 -0.52878702
2.05112410 -1.08189201 -0.53553700
2.04771495 -1.08833098 -0.53553700
2.03569603 -1.09015906 -0.53328699
2.04083610 -1.10117495 -0.53553700
2.03736711 -1.10758102 -0.53553700
2.03387690 -1.11397696 -0.53553700
2.03036690 -1.12036097 -0.53553700
2.02683806 -1.12673402 -0.53553700
2.03158998 -1.13821101 -0.53778702
2.02800488 -1.14458799 -0.53778702
2.03286910 -1.15576899 -0.54003799
2.01231790 -1.15246499 -0.53553700
2.01712704 -1.16365004 -0.53778702
2.00503707 -1.16508603 -0.53553700
1.98454905 -1.16153598 -0.53103697
2.00607109 -1.18260896 -0.53778702
2.00234509 -1.18890595 -0.53778702
1.99860001 -1.19518995 -0.53778702
1.99483597 -1.20146298 -0.53778702
1.99084103 -1.20807195 -0.53778702
1.98703599 -1.21431994 -0.53778702
1.99150896 -1.22566402 -0.54003799
1.98764801 -1.23191404 -0.54003799
1.98376799 -1.23815203 -0.54003799
1.97986901 -1.24437797 -0.54003799
1.98418295 -1.25580299 -0.54228801
1.97201097 -1.25679398 -0.54003799
1.96805298 -1.26298296 -0.54003799
1.96824598 -1.28063703 -0.54228801
1.98866403 -1.30283296 -0.54903799
1.99269402 -1.31443906 -0.55128801
1.98832500 -1.32104003 -0.55128801
1.97606599 -1.32186198 -0.54903799
1.98806703 -1.33895004 -0.55353898
1.97578597 -1.33972001 -0.55128801
1.97156799 -1.34592104 -0.55128801
1.97535896 -1.35762703 -0.55353898
1.97909701 -1.36936998 -0.55578899
1.96678996 -1.37001204 -0.55353898
1.93854403 -1.35940099 -0.54678798
1.93426299 -1.36548400 -0.54678798
1.93790698 -1.37719798 -0.54903799
1.93332899 -1.38361704 -0.54903799
1.93687797 -1.39538002 -0.55128801
1.93248498 -1.40145695 -0.55128801
1.92807305 -1.40752196 -0.55128801
1.92364097 -1.41357195 -0.55128801
1.92702401 -1.42540300 -0.55353898
1.91472197 -1.42563105 -0.55128801
1.91803002 -1.43748200 -0.55353898
1.91350496 -1.44350100 -0.55353898
1.90870702 -1.44983804 -0.55353898
1.91188395 -1.46174598 -0.55578899
1.91500401 -1.47368705 -0.55803901
1.91036499 -1.47969604 -0.55803901
1.90570700 -1.48569000 -0.55803901
1.90102994 -1.49167001 -0.55803901
1.90398097 -1.50367296 -0.56028903
1.89924705 -1.50964701 -0.56028903
1.88662302 -1.50984895 -0.55803901
2.17658806 -0.63441801 -0.44280699
2.16517091 -0.63847601 -0.44089001
2.19136906 -0.65369201 -0.44664100
2.17990899 -0.65773797 -0.44472399
2.16844392 -0.66171902 -0.44280699
2.17573309 -0.67142200 -0.44472399
2.17361307 -0.67825401 -0.44472399
2.16211200 -0.68212599 -0.44280699
2.15983701 -0.68929201 -0.44280699
2.17634201 -0.70210099 -0.44664100
2.17400193 -0.70931399 -0.44664100
2.16256690 -0.71268898 -0.44472399
2.16031694 -0.71947902 -0.44472399
2.16734791 -0.72939301 -0.44664100
2.16504598 -0.73619801 -0.44664100
2.15344000 -0.73980802 -0.44472399
2.15110493 -0.74656898 -0.44472399
2.14874911 -0.75332302 -0.44472399
2.14637208 -0.76007003 -0.44472399
2.14397407 -0.76681000 -0.44472399
2.13232398 -0.77020699 -0.44280699
2.13911295 -0.78026497 -0.44472399
2.12483191 -0.79064000 -0.44280699
2.13152504 -0.80076301 -0.44472399
2.11982203 -0.80397499 -0.44280699
2.12645197 -0.81414002 -0.44472399
2.13303804 -0.82435399 -0.44664100
2.12129402 -0.82748502 -0.44472399
2.11868405 -0.83414501 -0.44472399
2.13429499 -0.84804499 -0.44855800
2.13161993 -0.85474598 -0.44855800
2.11982703 -0.85775697 -0.44664100
2.10803509 -0.86070198 -0.44472399
2.09624600 -0.86358202 -0.44280699
2.08430910 -0.86676002 -0.44089001
2.09967589 -0.88089800 -0.44472399
2.11497498 -0.89514101 -0.44855800
2.11215210 -0.90178102 -0.44855800
2.10930896 -0.90841198 -0.44855800
2.10644507 -0.91503400 -0.44855800
2.10355902 -0.92164701 -0.44855800
2.10065389 -0.92825103 -0.44855800
2.09772706 -0.93484598 -0.44855800
2.10373211 -0.94545501 -0.45047399
2.09181190 -0.94800800 -0.44855800
2.08865690 -0.95493901 -0.44855800
2.08564591 -0.96149600 -0.44855800
2.08261490 -0.96804398 -0.44855800
2.08845091 -0.97874701 -0.45047399
2.07649207 -0.98110998 -0.44855800
2.09112096 -0.99607003 -0.45239100
2.06143904 -0.98988903 -0.44664100
2.05831909 -0.99636000 -0.44664100
2.08164001 -1.01573396 -0.45239100
2.06082511 -1.01360500 -0.44855800
2.05763102 -1.02007401 -0.44855800
2.05441594 -1.02653301 -0.44855800
2.06871200 -1.04181099 -0.45239100
2.05649495 -1.04422200 -0.45047399
2.04446697 -1.04620695 -0.44855800
2.04117107 -1.05262399 -0.44855800
2.04656196 -1.06355798 -0.45047399
2.03451705 -1.06542897 -0.44855800
2.03115892 -1.07181501 -0.44855800
2.04511404 -1.08740604 -0.45239100
2.04168701 -1.09382606 -0.45239100
2.04687691 -1.10489595 -0.45430800
2.04339600 -1.11132097 -0.45430800
2.03989506 -1.11773503 -0.45430800
2.04496598 -1.12888205 -0.45622501
2.04140902 -1.13530099 -0.45622501
2.04619503 -1.14686203 -0.45814201
2.03403497 -1.14846003 -0.45622501
2.03041697 -1.15484405 -0.45622501
2.02677894 -1.16121697 -0.45622501
2.03162098 -1.17248404 -0.45814201
2.01944304 -1.17392898 -0.45622501
2.00727510 -1.17530799 -0.45430800
2.02893496 -1.19656503 -0.46005899
2.00828910 -1.19290900 -0.45622501
2.00453210 -1.19921196 -0.45622501
2.00075412 -1.20550394 -0.45622501
1.99674594 -1.21213198 -0.45622501
2.00130200 -1.22351801 -0.45814201
1.99744797 -1.22979999 -0.45814201
1.99357498 -1.23606801 -0.45814201
1.99800599 -1.24752402 -0.46005899
1.99407697 -1.25379395 -0.46005899
2.00671291 -1.27055299 -0.46389300
1.99443603 -1.27157497 -0.46197599
1.95739496 -1.25662506 -0.45430800
1.98640704 -1.28408098 -0.46197599
1.99881399 -1.30102301 -0.46581000
1.99471700 -1.30729604 -0.46581000
1.99059999 -1.31355596 -0.46581000
1.98623395 -1.32015002 -0.46581000
1.97391999 -1.32092500 -0.46389300
1.97790003 -1.33260405 -0.46581000
1.97370398 -1.33881104 -0.46581000
1.97759295 -1.35054004 -0.46772701
1.96525300 -1.35118604 -0.46581000
1.96099806 -1.35735297 -0.46581000
1.96477699 -1.36911798 -0.46772701
1.95243096 -1.36964798 -0.46581000
1.95613599 -1.38143599 -0.46772701
1.96313405 -1.40546596 -0.47156101
1.94278502 -1.40014994 -0.46772701
1.95426500 -1.41777301 -0.47156101
1.95772696 -1.42969406 -0.47347701
1.95322597 -1.43583703 -0.47347701
1.94081604 -1.43612802 -0.47156101
1.94416595 -1.44808102 -0.47347701
1.93960702 -1.45418203 -0.47347701
1.93502903 -1.46026802 -0.47347701
1.92236102 -1.46073902 -0.47156101
1.90996695 -1.46080804 -0.46964401
1.90536797 -1.46680200 -0.46964401
1.92402506 -1.49081397 -0.47539401
1.92707205 -1.50288701 -0.47731099
1.91462004 -1.50287402 -0.47539401
1.90989006 -1.50888097 -0.47539401
1.90514004 -1.51487398 -0.47539401
1.91542900 -1.53345096 -0.47922799
2.19404006 -0.62498897 -0.36287299
2.15410805 -0.62093699 -0.35658899
2.19955111 -0.64152700 -0.36444399
2.17858005 -0.64284402 -0.36130199
2.17654991 -0.64968503 -0.36130199
2.18395305 -0.65937400 -0.36287299
2.17242503 -0.66334802 -0.36130199
2.17976594 -0.67308301 -0.36287299
2.16821408 -0.67698401 -0.36130199
2.16607690 -0.68379301 -0.36130199
2.20142794 -0.70298898 -0.36758500
2.18981099 -0.70686799 -0.36601400
2.19684291 -0.71719003 -0.36758500
2.19470501 -0.72370499 -0.36758500
2.18305206 -0.72747397 -0.36601400
2.18075490 -0.73432899 -0.36601400
2.18778706 -0.74435699 -0.36758500
2.18543792 -0.75122702 -0.36758500
2.17373800 -0.75484902 -0.36601400
2.18067503 -0.76494300 -0.36758500
2.15964293 -0.76519400 -0.36444399
2.17582512 -0.77863002 -0.36758500
2.12692904 -0.76867801 -0.35973099
2.14305806 -0.78212798 -0.36287299
2.14045310 -0.78922999 -0.36287299
2.14721799 -0.79939699 -0.36444399
2.15393996 -0.80961299 -0.36601400
2.15138602 -0.81637597 -0.36601400
2.13958907 -0.81959802 -0.36444399
2.13700294 -0.82631499 -0.36444399
2.13439703 -0.83302498 -0.36444399
2.13176894 -0.83972597 -0.36444399
2.13829803 -0.85006797 -0.36601400
2.13561702 -0.85678101 -0.36601400
2.13291502 -0.86348599 -0.36601400
2.13019109 -0.87018299 -0.36601400
2.12744689 -0.87686998 -0.36601400
2.12452793 -0.88392001 -0.36601400
2.11263394 -0.88676798 -0.36444399
2.10983801 -0.89340103 -0.36444399
2.14334798 -0.91554201 -0.37072700
2.13139200 -0.91836298 -0.36915600
2.12849593 -0.92505503 -0.36915600
2.13462496 -0.93570203 -0.37072700
2.12264204 -0.93840998 -0.36915600
2.11066389 -0.94105202 -0.36758500
2.11670399 -0.95172900 -0.36915600
2.12269807 -0.96245199 -0.37072700
2.10153294 -0.96126997 -0.36758500
2.09850311 -0.96786702 -0.36758500
2.12231708 -0.98694801 -0.37229800
2.09238005 -0.98103303 -0.36758500
2.09821606 -0.99182200 -0.36915600
2.09508991 -0.99840897 -0.36915600
2.09194303 -1.00498605 -0.36915600
2.08877611 -1.01155305 -0.36915600
2.08558702 -1.01811004 -0.36915600
2.08237910 -1.02465701 -0.36915600
2.07030201 -1.02680600 -0.36758500
2.07589889 -1.03772104 -0.36915600
2.07262897 -1.04423702 -0.36915600
2.06915498 -1.05110502 -0.36915600
2.06584311 -1.05760002 -0.36915600
2.06251001 -1.06408501 -0.36915600
2.06791902 -1.07511497 -0.37072700
2.05578303 -1.07702303 -0.36915600
2.04365611 -1.07886600 -0.36758500
2.06641412 -1.09919405 -0.37229800
2.05424595 -1.10101497 -0.37072700
2.05077696 -1.10746396 -0.37072700
2.07331204 -1.12805998 -0.37544000
2.06975794 -1.13456798 -0.37544000
2.05753899 -1.13629103 -0.37386900
2.08847904 -1.16195500 -0.38015199
2.04154396 -1.14472401 -0.37229800
2.06373405 -1.16570306 -0.37701100
2.03431106 -1.15752900 -0.37229800
2.06493711 -1.18355799 -0.37858099
2.04410291 -1.18016398 -0.37544000
2.00623703 -1.16672003 -0.36915600
2.02812600 -1.18799198 -0.37386900
2.03289008 -1.19937599 -0.37544000
2.02062201 -1.20071197 -0.37386900
2.01683998 -1.20705402 -0.37386900
2.02149606 -1.21848202 -0.37544000
2.00900292 -1.22005296 -0.37386900
2.00516009 -1.22635806 -0.37386900
2.01811504 -1.24301004 -0.37701100
2.01419997 -1.24934399 -0.37701100
2.01026511 -1.25566494 -0.37701100
2.01466990 -1.26723301 -0.37858099
2.01067901 -1.27355599 -0.37858099
2.01499510 -1.28517699 -0.38015199
1.99432802 -1.28082705 -0.37701100
1.99029398 -1.28708601 -0.37701100
2.03589702 -1.32566595 -0.38643599
2.02346301 -1.32664096 -0.38486499
2.01928592 -1.33299100 -0.38486499
2.01485395 -1.33967996 -0.38486499
2.01063490 -1.34600306 -0.38486499
2.02277589 -1.36335194 -0.38800699
2.01031089 -1.36415505 -0.38643599
1.98970604 -1.35932195 -0.38329399
2.00983691 -1.38235605 -0.38800699
2.00548410 -1.38866305 -0.38800699
1.99301004 -1.38930905 -0.38643599
1.93204796 -1.35585201 -0.37544000
1.97617495 -1.39610505 -0.38486499
1.97982800 -1.40803099 -0.38643599
1.96711802 -1.40883803 -0.38486499
1.97069395 -1.42078602 -0.38643599
1.96622002 -1.42697001 -0.38643599
1.96970201 -1.43896604 -0.38800699
1.96517205 -1.44514704 -0.38800699
1.96855998 -1.45719004 -0.38957801
1.94813395 -1.45156503 -0.38643599
1.94356406 -1.45767796 -0.38643599
1.95473897 -1.47567797 -0.38957801
1.93411005 -1.47019899 -0.38643599
1.93732500 -1.48226905 -0.38800699
1.93265903 -1.48834801 -0.38800699
1.93577898 -1.50046206 -0.38957801
1.92326903 -1.50046206 -0.38800699
1.92631400 -1.51259601 -0.38957801
1.92155194 -1.51864004 -0.38957801
1.90904295 -1.51852095 -0.38800699
1.91170502 -1.53101695 -0.38957801
2.17426801 -0.62715900 -0.27862000
2.11512208 -0.61730301 -0.27128801
2.15124702 -0.63518697 -0.27617601
2.13973093 -0.63910198 -0.27495399
2.14721394 -0.64869100 -0.27617601
2.13567305 -0.65253299 -0.27495399
2.14309502 -0.66216898 -0.27617601
2.14100504 -0.66889900 -0.27617601
2.13889289 -0.67562199 -0.27617601
2.13664103 -0.68271101 -0.27617601
2.12504101 -0.68636900 -0.27495399
2.14162207 -0.69957602 -0.27739799
2.13011098 -0.70281798 -0.27617601
2.12789297 -0.70950598 -0.27617601
2.13505912 -0.71935600 -0.27739799
2.13278794 -0.72605997 -0.27739799
2.13049698 -0.73275697 -0.27739799
2.12818408 -0.73944700 -0.27739799
2.13521600 -0.74941599 -0.27862000
2.13285089 -0.75612003 -0.27862000
2.12112093 -0.75947100 -0.27739799
2.11872411 -0.76613098 -0.27739799
2.10698390 -0.76937902 -0.27617601
2.10442090 -0.77636200 -0.27617601
2.14847589 -0.80029202 -0.28228599
2.10879207 -0.79306298 -0.27739799
2.12484694 -0.80672902 -0.27984199
2.10376692 -0.80629700 -0.27739799
2.11048007 -0.81648302 -0.27862000
2.11715007 -0.82671899 -0.27984199
2.11454201 -0.83336699 -0.27984199
2.11191297 -0.84000599 -0.27984199
2.10926390 -0.84663600 -0.27984199
2.11579299 -0.85698402 -0.28106400
2.12227798 -0.86738199 -0.28228599
2.11036706 -0.87026101 -0.28106400
2.08914399 -0.86962700 -0.27862000
2.10470295 -0.88387102 -0.28106400
2.08363795 -0.88273603 -0.27862000
2.08998108 -0.89317799 -0.27984199
2.07805109 -0.89581001 -0.27862000
2.07522607 -0.90233397 -0.27862000
2.08147001 -0.91283500 -0.27984199
2.07859302 -0.91937000 -0.27984199
2.06662989 -0.92185199 -0.27862000
2.07277489 -0.93241203 -0.27984199
2.06079698 -0.93481898 -0.27862000
2.06671000 -0.94577801 -0.27984199
2.06372905 -0.95226598 -0.27984199
2.06072688 -0.95874399 -0.27984199
2.05770493 -0.96521401 -0.27984199
2.05466294 -0.97167301 -0.27984199
2.05159998 -0.97812402 -0.27984199
2.06640792 -0.99316299 -0.28228599
2.05434608 -0.99532199 -0.28106400
2.06904507 -1.01048195 -0.28350899
2.04805112 -1.00820994 -0.28106400
2.06265497 -1.02346206 -0.28350899
2.05942988 -1.02993703 -0.28350899
2.05618405 -1.03640199 -0.28350899
2.04388809 -1.03871799 -0.28228599
2.05828190 -1.05418301 -0.28473100
2.02850199 -1.04698801 -0.28106400
2.05161810 -1.06709504 -0.28473100
2.03067398 -1.06431997 -0.28228599
2.02731991 -1.07069397 -0.28228599
2.03270793 -1.08171999 -0.28350899
2.02055311 -1.08341098 -0.28228599
2.01713896 -1.08975303 -0.28228599
2.02242303 -1.10082996 -0.28350899
2.01025200 -1.10240602 -0.28228599
2.01546693 -1.11351502 -0.28350899
2.01195908 -1.11984205 -0.28350899
2.00823402 -1.12650704 -0.28350899
2.00468493 -1.13281095 -0.28350899
2.00111604 -1.13910306 -0.28350899
1.99752796 -1.14538395 -0.28350899
2.00251389 -1.15661800 -0.28473100
1.99887097 -1.16290295 -0.28473100
2.00377011 -1.17419505 -0.28595299
1.99152398 -1.17543995 -0.28473100
1.99635303 -1.18676198 -0.28595299
1.99261498 -1.19302797 -0.28595299
1.98885703 -1.19928205 -0.28595299
1.97638702 -1.20071697 -0.28473100
1.97260499 -1.20692098 -0.28473100
1.97725403 -1.21831799 -0.28595299
1.96498299 -1.21929097 -0.28473100
1.96956003 -1.23071694 -0.28595299
1.99088502 -1.25275695 -0.28961900
1.97855496 -1.25369298 -0.28839701
1.96624005 -1.25456405 -0.28717500
1.97063899 -1.26610005 -0.28839701
1.96665204 -1.27228403 -0.28839701
1.95432901 -1.27303898 -0.28717500
1.95861900 -1.28461599 -0.28839701
1.95457399 -1.29076302 -0.28839701
1.95028305 -1.29723704 -0.28839701
1.94619799 -1.30335796 -0.28839701
1.95855200 -1.32056296 -0.29084101
1.95439398 -1.32670903 -0.29084101
1.95021605 -1.33284199 -0.29084101
1.95419598 -1.34458899 -0.29206300
1.94180298 -1.34507000 -0.29084101
1.92942703 -1.34548604 -0.28961900
1.94143701 -1.36294699 -0.29206300
1.93714499 -1.36903906 -0.29206300
1.94092202 -1.38087106 -0.29328501
1.93633199 -1.38730001 -0.29328501
1.94001400 -1.39918196 -0.29450700
1.93560898 -1.40526998 -0.29450700
1.93118405 -1.41134405 -0.29450700
1.92674100 -1.41740406 -0.29450700
1.92227900 -1.42344999 -0.29450700
1.92575502 -1.43541300 -0.29572901
1.92123604 -1.44145596 -0.29572901
1.91669798 -1.44748497 -0.29572901
1.91978800 -1.45984101 -0.29695100
1.91519201 -1.46586502 -0.29695100
1.91057801 -1.47187400 -0.29695100
1.91378796 -1.48395097 -0.29817301
1.90129197 -1.48384905 -0.29695100
1.90442598 -1.49594605 -0.29817301
1.89971697 -1.50192201 -0.29817301
1.88722301 -1.50170195 -0.29695100
1.88223195 -1.50795305 -0.29695100
2.14377809 -0.61877000 -0.19732800
2.16094708 -0.63108599 -0.19909000
2.15895391 -0.63787198 -0.19909000
2.15693998 -0.64465201 -0.19909000
2.15490294 -0.65142500 -0.19909000
2.15284610 -0.65819103 -0.19909000
2.15076804 -0.66495103 -0.19909000
2.14866805 -0.67170501 -0.19909000
2.14642906 -0.67882597 -0.19909000
2.14428592 -0.68556601 -0.19909000
2.14200091 -0.69267303 -0.19909000
2.13981390 -0.69939899 -0.19909000
2.14718795 -0.70886803 -0.19997101
2.13550210 -0.71245700 -0.19909000
2.14269209 -0.72234499 -0.19997101
2.13098311 -0.72586101 -0.19909000
2.13811111 -0.73579299 -0.19997101
2.13578892 -0.74250698 -0.19997101
2.13344598 -0.74921298 -0.19997101
2.13108206 -0.75591201 -0.19997101
2.12869596 -0.76260298 -0.19997101
2.11692309 -0.76589799 -0.19909000
2.11437201 -0.77291298 -0.19909000
2.12127805 -0.78300101 -0.19997101
2.13747501 -0.79661900 -0.20173299
2.13496208 -0.80333000 -0.20173299
2.14174008 -0.81357098 -0.20261399
2.12987304 -0.81672901 -0.20173299
2.12729597 -0.82341599 -0.20173299
2.13397694 -0.83372003 -0.20261399
2.12208104 -0.83676600 -0.20173299
2.11944199 -0.84342802 -0.20173299
2.12602496 -0.85379499 -0.20261399
2.12333202 -0.86047000 -0.20261399
2.12061906 -0.86713600 -0.20261399
2.11788392 -0.87379402 -0.20261399
2.05980110 -0.85783398 -0.19732800
2.08464694 -0.87587702 -0.19997101
2.09105611 -0.88630903 -0.20085201
2.09741998 -0.89679003 -0.20173299
2.09459305 -0.90337402 -0.20173299
2.09174395 -0.90995002 -0.20173299
2.08887506 -0.91651702 -0.20173299
2.07687593 -0.91904402 -0.20085201
2.07397890 -0.92556399 -0.20085201
2.07106090 -0.93207598 -0.20085201
2.06795907 -0.93893802 -0.20085201
2.06499910 -0.94542998 -0.20085201
2.08010602 -0.96026301 -0.20261399
2.05901790 -0.95838600 -0.20085201
2.06501389 -0.96908200 -0.20173299
2.07686591 -0.99061400 -0.20349400
2.08272099 -1.00145102 -0.20437500
2.07956505 -1.00798905 -0.20437500
2.07638788 -1.01451695 -0.20437500
2.08212590 -1.02543604 -0.20525600
2.06997204 -1.02754295 -0.20437500
2.07564211 -1.03849804 -0.20525600
2.07237005 -1.04501402 -0.20525600
2.07777190 -1.05639505 -0.20613700
2.06557798 -1.05837500 -0.20525600
2.07109404 -1.06942904 -0.20613700
2.06772399 -1.07593000 -0.20613700
2.06433296 -1.08242095 -0.20613700
2.03450108 -1.07494104 -0.20349400
2.03990602 -1.08600795 -0.20437500
2.03648400 -1.09241104 -0.20437500
2.03304195 -1.09880304 -0.20437500
2.03832889 -1.10994899 -0.20525600
2.01736498 -1.10676396 -0.20349400
2.03131390 -1.12273395 -0.20525600
2.02758002 -1.12946403 -0.20525600
2.02402210 -1.13582802 -0.20525600
2.02044296 -1.14218104 -0.20525600
2.01684499 -1.14852297 -0.20525600
2.00458694 -1.14989698 -0.20437500
2.00958896 -1.16117203 -0.20525600
2.00593090 -1.16747999 -0.20525600
2.01571107 -1.19018996 -0.20701800
2.03764701 -1.21179104 -0.20966101
2.02528405 -1.21306801 -0.20878001
2.01293397 -1.21427906 -0.20789900
2.00889611 -1.22094798 -0.20789900
2.00505090 -1.22725296 -0.20789900
2.00966501 -1.23877299 -0.20878001
2.01422596 -1.25033402 -0.20966101
2.01028800 -1.25665498 -0.20966101
2.01476002 -1.26827097 -0.21054199
2.01076603 -1.27459502 -0.21054199
1.99835503 -1.27554595 -0.20966101
1.95244098 -1.25488901 -0.20525600
1.97357595 -1.27725196 -0.20789900
1.98624504 -1.29432297 -0.20966101
1.97384095 -1.29509199 -0.20878001
1.97784495 -1.30712295 -0.20966101
1.97372901 -1.31333005 -0.20966101
1.96959400 -1.31952405 -0.20966101
1.97369599 -1.33127499 -0.21054199
1.96126401 -1.33187306 -0.20966101
1.96529305 -1.34364998 -0.21054199
1.96106195 -1.34981704 -0.21054199
1.95681202 -1.35597205 -0.21054199
1.94437301 -1.35641301 -0.20966101
1.94825304 -1.36824000 -0.21054199
1.94773400 -1.38622999 -0.21142299
1.97551203 -1.41589296 -0.21494700
1.94681895 -1.40460706 -0.21230400
1.95045698 -1.41656995 -0.21318500
1.94599700 -1.42269003 -0.21318500
1.94954002 -1.43470097 -0.21406600
1.95302796 -1.44674802 -0.21494700
1.94048798 -1.44692194 -0.21406600
1.94389904 -1.45899105 -0.21494700
1.94699705 -1.47143495 -0.21582700
1.93443704 -1.47151303 -0.21494700
1.89816797 -1.45335996 -0.21142299
1.91726303 -1.47755802 -0.21406600
1.91261196 -1.48357403 -0.21406600
1.91579294 -1.49570501 -0.21494700
1.90325201 -1.49556196 -0.21406600
1.90635800 -1.50771296 -0.21494700
1.90134799 -1.51402605 -0.21494700
1.88880897 -1.51376200 -0.21406600
2.18942809 -0.62491399 -0.11953700
2.14907694 -0.62070602 -0.11743900
2.15670204 -0.63025498 -0.11796400
2.15471101 -0.63702798 -0.11796400
2.15269899 -0.64379400 -0.11796400
2.16022491 -0.65344501 -0.11848800
2.14861202 -0.65730703 -0.11796400
2.15607595 -0.66700500 -0.11848800
2.13490891 -0.66781199 -0.11743900
2.16124511 -0.68392700 -0.11901200
2.17810798 -0.69679898 -0.12006100
2.18528700 -0.70709199 -0.12058500
2.17356300 -0.71085000 -0.12006100
2.17144489 -0.71729600 -0.12006100
2.17865300 -0.72727603 -0.12058500
2.16689491 -0.73092502 -0.12006100
2.17404008 -0.74095100 -0.12058500
2.17170191 -0.74777699 -0.12058500
2.16934204 -0.75459599 -0.12058500
2.16696000 -0.76140702 -0.12058500
2.16455793 -0.76821101 -0.12058500
2.16213393 -0.77500802 -0.12058500
2.15968800 -0.78179598 -0.12058500
2.12894797 -0.77866298 -0.11901200
2.12649107 -0.78534698 -0.11901200
2.11465693 -0.78853500 -0.11848800
2.12151504 -0.79869300 -0.11901200
2.11899495 -0.80535400 -0.11901200
2.11645508 -0.81200701 -0.11901200
2.10458112 -0.81504601 -0.11848800
2.11131096 -0.82528901 -0.11901200
2.09941792 -0.82825297 -0.11848800
2.10608411 -0.83853799 -0.11901200
2.10343909 -0.84515101 -0.11901200
2.10077405 -0.85175502 -0.11901200
2.09808803 -0.85834998 -0.11901200
2.08614993 -0.86112702 -0.11848800
2.07406497 -0.86419898 -0.11796400
2.07133889 -0.87071103 -0.11796400
2.13295007 -0.90450501 -0.12163400
2.12091589 -0.90727401 -0.12110900
2.12722492 -0.91788900 -0.12163400
2.13348699 -0.92855197 -0.12215800
2.12141609 -0.93123603 -0.12163400
2.12761092 -0.94193900 -0.12215800
2.12464094 -0.94861799 -0.12215800
2.11254501 -0.95118898 -0.12163400
2.11847091 -0.96231902 -0.12215800
2.11543703 -0.96896899 -0.12215800
2.12144899 -0.97979802 -0.12268200
2.11836004 -0.98645800 -0.12268200
2.06101298 -0.96764302 -0.11953700
2.07601595 -0.98265803 -0.12058500
2.06390595 -0.98487502 -0.12006100
2.06080198 -0.99135399 -0.12006100
2.05767703 -0.99782300 -0.12006100
2.06350398 -1.00866795 -0.12058500
2.05136704 -1.01073205 -0.12006100
2.05712509 -1.02161300 -0.12058500
2.04497600 -1.02360106 -0.12006100
2.04174995 -1.03002095 -0.12006100
2.04722404 -1.04131305 -0.12058500
2.04394197 -1.04773903 -0.12058500
2.03176904 -1.04957199 -0.12006100
2.04617691 -1.06517196 -0.12110900
2.03397703 -1.06695604 -0.12058500
2.03061509 -1.07334101 -0.12058500
2.03604698 -1.08440900 -0.12110900
2.07662702 -1.11441100 -0.12373100
2.09068394 -1.13042903 -0.12477900
2.07835293 -1.13221395 -0.12425500
2.06603098 -1.13393295 -0.12373100
2.07119799 -1.14524996 -0.12425500
2.06738901 -1.15211201 -0.12425500
2.06375909 -1.15860200 -0.12425500
2.05141711 -1.16016304 -0.12373100
2.05643892 -1.17154598 -0.12425500
2.05274796 -1.17799997 -0.12425500
2.04903698 -1.18444300 -0.12425500
2.02804589 -1.18082500 -0.12320700
1.99848402 -1.17203498 -0.12163400
2.00339103 -1.18338597 -0.12215800
1.99966300 -1.18967402 -0.12215800
1.99591601 -1.19595098 -0.12215800
1.99214900 -1.20221496 -0.12215800
1.98815095 -1.20881498 -0.12215800
1.99285996 -1.22027004 -0.12268200
1.98901701 -1.22652400 -0.12268200
1.98515403 -1.23276699 -0.12268200
1.98973799 -1.24429202 -0.12320700
1.98581898 -1.25053704 -0.12320700
1.98188102 -1.25676894 -0.12320700
1.97792196 -1.26298904 -0.12320700
1.96554506 -1.26379597 -0.12268200
1.96156502 -1.26996505 -0.12268200
2.00776005 -1.30884194 -0.12582800
2.02033496 -1.32610297 -0.12687699
2.00759602 -1.32728803 -0.12635200
2.01172900 -1.33912206 -0.12687699
2.00751209 -1.34543502 -0.12687699
2.01155400 -1.35732102 -0.12740099
1.99901903 -1.35802197 -0.12687699
2.00298595 -1.36993301 -0.12740099
2.01512194 -1.38754594 -0.12844899
1.99433899 -1.38249099 -0.12740099
2.00636411 -1.40017998 -0.12844899
1.95292795 -1.37203205 -0.12530400
1.94860804 -1.37816000 -0.12530400
1.94426894 -1.38427496 -0.12530400
1.93966806 -1.39071500 -0.12530400
1.95148396 -1.40848994 -0.12635200
1.93896997 -1.40874398 -0.12582800
1.92647398 -1.40893400 -0.12530400
1.93008101 -1.42089903 -0.12582800
1.92560697 -1.42695606 -0.12582800
1.92111504 -1.43299794 -0.12582800
1.92458904 -1.44502294 -0.12635200
1.91978705 -1.45139694 -0.12635200
1.92316496 -1.46346796 -0.12687699
1.91062999 -1.46343005 -0.12635200
1.90602303 -1.46942604 -0.12635200
1.90928698 -1.48152804 -0.12687699
1.91249299 -1.49366605 -0.12740099
1.90779102 -1.49966705 -0.12740099
1.90307105 -1.50565302 -0.12740099
1.89806700 -1.51195502 -0.12740099
2.20151401 -0.62919497 -0.03935500
2.13229203 -0.61666399 -0.03815200
2.15913296 -0.63178402 -0.03866700
2.16672492 -0.64140201 -0.03883900
2.16469908 -0.64820600 -0.03883900
2.16265202 -0.65500301 -0.03883900
2.16058302 -0.66179401 -0.03883900
2.15849400 -0.66857803 -0.03883900
2.15638304 -0.67535597 -0.03883900
2.15424991 -0.68212700 -0.03883900
2.15209699 -0.68889201 -0.03883900
2.14980006 -0.69602400 -0.03883900
2.14760303 -0.70277500 -0.03883900
2.14538503 -0.70951802 -0.03883900
2.14314508 -0.71625501 -0.03883900
2.15035701 -0.72618300 -0.03901100
2.13860202 -0.72970599 -0.03883900
2.13629889 -0.73642099 -0.03883900
2.13397598 -0.74312901 -0.03883900
2.13162994 -0.74982899 -0.03883900
2.12926412 -0.75652200 -0.03883900
2.13628793 -0.76658499 -0.03901100
2.14326906 -0.77669901 -0.03918300
2.12204003 -0.77655602 -0.03883900
2.13834691 -0.79014999 -0.03918300
2.14508200 -0.80073297 -0.03935500
2.15191197 -0.81099403 -0.03952600
2.15869904 -0.82130599 -0.03969800
2.13743997 -0.82091397 -0.03935500
2.13485098 -0.82762498 -0.03935500
2.14155102 -0.83797097 -0.03952600
2.12960792 -0.84102303 -0.03935500
2.13624406 -0.85141098 -0.03952600
2.13355899 -0.85811800 -0.03952600
2.13085198 -0.86481601 -0.03952600
2.13737702 -0.87529498 -0.03969800
2.12537599 -0.87818700 -0.03952600
2.09476805 -0.87368399 -0.03901100
2.10122895 -0.88413900 -0.03918300
2.08923697 -0.88682902 -0.03901100
2.08644104 -0.89338797 -0.03901100
2.09280300 -0.90390301 -0.03918300
2.08995295 -0.91047299 -0.03918300
2.09623599 -0.92105597 -0.03935500
2.09333205 -0.92763698 -0.03935500
2.09040809 -0.93420899 -0.03935500
2.08746195 -0.94077200 -0.03935500
2.09359908 -0.95146197 -0.03952600
2.08151007 -0.95386899 -0.03935500
2.07833600 -0.96076602 -0.03935500
2.07530689 -0.96729100 -0.03935500
2.08130693 -0.97805798 -0.03952600
2.06918907 -0.98031098 -0.03935500
2.08414292 -0.99542499 -0.03969800
2.09902310 -1.01064301 -0.04004200
2.08684301 -1.01286602 -0.03987000
2.09263206 -1.02381098 -0.04004200
2.08940506 -1.03038001 -0.04004200
2.08615804 -1.03693902 -0.04004200
2.09182906 -1.04796696 -0.04021400
2.07960105 -1.05002701 -0.04004200
2.08501792 -1.06145298 -0.04021400
2.08167291 -1.06799805 -0.04021400
2.08718896 -1.07912505 -0.04038600
2.05718708 -1.07181704 -0.03987000
2.08036804 -1.09221697 -0.04038600
2.05041194 -1.08472097 -0.03987000
2.03817105 -1.08645403 -0.03969800
2.04355597 -1.09758306 -0.03987000
2.04009795 -1.10399699 -0.03987000
2.03661990 -1.11040103 -0.03987000
2.02435803 -1.11197996 -0.03969800
2.02085400 -1.11833405 -0.03969800
2.02606392 -1.12954605 -0.03987000
2.01378798 -1.13101006 -0.03969800
2.01872802 -1.14260602 -0.03987000
2.01512790 -1.14894295 -0.03987000
2.01150894 -1.15526795 -0.03987000
2.01652408 -1.16658795 -0.04004200
2.01284909 -1.17291701 -0.04004200
2.00053096 -1.17417395 -0.03987000
2.01404691 -1.19062901 -0.04021400
2.03606892 -1.21229601 -0.04072900
2.03225088 -1.21868706 -0.04072900
2.03697109 -1.23023498 -0.04090100
2.03288007 -1.23698199 -0.04090100
2.03750896 -1.24858701 -0.04107300
2.02506804 -1.24973094 -0.04090100
2.02962399 -1.26136398 -0.04107300
2.02565098 -1.26773405 -0.04107300
2.03011703 -1.27942300 -0.04124500
2.02608800 -1.28579402 -0.04124500
2.02203798 -1.29215300 -0.04124500
1.96752000 -1.26603699 -0.04021400
1.98870599 -1.28852201 -0.04072900
1.98464799 -1.29476297 -0.04072900
1.97221398 -1.29550195 -0.04055800
1.96813405 -1.30169201 -0.04055800
1.97235703 -1.31341004 -0.04072900
1.96799099 -1.31994402 -0.04072900
1.97212100 -1.33171499 -0.04090100
1.97619605 -1.34352601 -0.04107300
1.97196603 -1.34972799 -0.04107300
1.96771598 -1.35591602 -0.04107300
1.97166097 -1.36778998 -0.04124500
1.96735501 -1.37397802 -0.04124500
1.96302795 -1.38015103 -0.04124500
1.96684396 -1.39208806 -0.04141700
1.95431805 -1.39245796 -0.04124500
1.99030805 -1.42807603 -0.04210400
1.96960104 -1.42261302 -0.04176100
1.96512198 -1.42879295 -0.04176100
1.96869195 -1.44086504 -0.04193200
1.96415603 -1.44704294 -0.04193200
1.95959997 -1.45320594 -0.04193200
1.96303797 -1.46533597 -0.04210400
1.95842505 -1.47149599 -0.04210400
1.95379198 -1.47764099 -0.04210400
1.94118500 -1.47771597 -0.04193200
1.90453100 -1.45981503 -0.04124500
1.91576898 -1.47800601 -0.04158900
1.91901302 -1.49014902 -0.04176100
1.91432202 -1.49617004 -0.04176100
1.91747105 -1.50835896 -0.04193200
1.91272295 -1.51437604 -0.04193200
1.89231706 -1.50791502 -0.04158900
2.19881201 -0.62966901 0.44457299
2.20625091 -0.63930500 0.44648099
2.20423198 -0.64623302 0.44648099
2.20219111 -0.65315503 0.44648099
2.20012808 -0.66007000 0.44648099
2.19804311 -0.66697901 0.44648099
2.19593692 -0.67388099 0.44648099
2.19380903 -0.68077600 0.44648099
2.19165897 -0.68766499 0.44648099
2.19884491 -0.69751501 0.44838899
2.18717289 -0.70180303 0.44648099
2.19429493 -0.71170002 0.44838899
2.18259501 -0.71591300 0.44648099
2.18978000 -0.72547299 0.44838899
2.18748999 -0.73234802 0.44838899
2.17587996 -0.73607099 0.44648099
2.18284512 -0.74607801 0.44838899
2.17121196 -0.74972802 0.44648099
2.16884589 -0.75654602 0.44648099
2.17571712 -0.76661801 0.44838899
2.17329788 -0.77344900 0.44838899
2.17085695 -0.78027302 0.44838899
2.16839504 -0.78708899 0.44838899
2.15669489 -0.79051900 0.44648099
2.16326690 -0.80107498 0.44838899
2.16073990 -0.80786800 0.44838899
2.16737509 -0.81811798 0.45029700
2.15562105 -0.82142800 0.44838899
2.15302992 -0.82819599 0.44838899
2.15041804 -0.83495599 0.44838899
2.14778399 -0.84170699 0.44838899
2.14512897 -0.84845102 0.44838899
2.15157008 -0.85882503 0.45029700
2.13975596 -0.86191201 0.44838899
2.13703704 -0.86862999 0.44838899
2.14337993 -0.87906402 0.45029700
2.14060807 -0.88579398 0.45029700
2.13765907 -0.89288700 0.45029700
2.12579703 -0.89578599 0.44838899
2.13200593 -0.90630102 0.45029700
2.12914896 -0.91299403 0.45029700
2.13527894 -0.92357600 0.45220500
2.12336993 -0.92635399 0.45029700
2.12044907 -0.93302000 0.45029700
2.11750793 -0.93967700 0.45029700
2.11454511 -0.94632500 0.45029700
2.12050891 -0.95700097 0.45220500
2.11749196 -0.96365798 0.45220500
2.11428499 -0.97067499 0.45220500
2.11122489 -0.97731203 0.45220500
2.09924889 -0.97978801 0.45029700
2.09616089 -0.98637801 0.45029700
2.09305191 -0.99295902 0.45029700
2.09877706 -1.00376499 0.45220500
2.09561300 -1.01035297 0.45220500
2.09242892 -1.01693201 0.45220500
2.08922410 -1.02349997 0.45220500
2.09480000 -1.03440499 0.45411301
2.09154010 -1.04098105 0.45411301
2.07948494 -1.04314494 0.45220500
2.08495808 -1.05410194 0.45411301
2.08145094 -1.06101000 0.45411301
2.07810807 -1.06754398 0.45411301
2.07474399 -1.07406700 0.45411301
2.07135892 -1.08058000 0.45411301
2.06795406 -1.08708203 0.45411301
2.07320309 -1.09816802 0.45602101
2.06108308 -1.10005403 0.45411301
2.06626201 -1.11117196 0.45602101
2.06276107 -1.11765802 0.45602101
2.05924010 -1.12413299 0.45602101
2.05569792 -1.13059700 0.45602101
2.05213594 -1.13704896 0.45602101
2.04855394 -1.14349103 0.45602101
2.05330610 -1.15509105 0.45792899
2.04112697 -1.15669596 0.45602101
2.04600811 -1.16796899 0.45792899
2.04232907 -1.17439103 0.45792899
2.03862906 -1.18080103 0.45792899
2.03490901 -1.18719995 0.45792899
2.03963304 -1.19856000 0.45983699
2.03585696 -1.20496202 0.45983699
2.03206205 -1.21135199 0.45983699
2.03666210 -1.22278297 0.46174499
2.03281093 -1.22917497 0.46174499
2.03710699 -1.24101603 0.46365300
2.02483106 -1.24227703 0.46174499
2.02091789 -1.24863195 0.46174499
2.04198909 -1.27053201 0.46746901
2.01303291 -1.26130497 0.46174499
2.00905991 -1.26762295 0.46174499
2.00506806 -1.27392805 0.46174499
2.00105596 -1.28022099 0.46174499
1.99702406 -1.28650105 0.46174499
2.00120807 -1.29811001 0.46365300
1.99712002 -1.30439103 0.46365300
1.99301195 -1.31065905 0.46365300
2.21423793 -0.62698400 0.36461300
2.18377304 -0.62577403 0.35991800
2.20076799 -0.63813299 0.36304799
2.19875312 -0.64504403 0.36304799
2.19671607 -0.65194798 0.36304799
2.19465709 -0.65884602 0.36304799
2.19257593 -0.66573799 0.36304799
2.19047403 -0.67262203 0.36304799
2.17891693 -0.67657202 0.36148301
2.17678094 -0.68341398 0.36148301
2.18403697 -0.69323701 0.36304799
2.17232203 -0.69745600 0.36148301
2.17951488 -0.70732599 0.36304799
2.17715693 -0.71455002 0.36304799
2.17502809 -0.72100699 0.36304799
2.16338706 -0.72469902 0.36148301
2.17045498 -0.73465800 0.36304799
2.16813588 -0.74147302 0.36304799
2.16579604 -0.74828100 0.36304799
2.16343403 -0.75508100 0.36304799
2.16105199 -0.76187402 0.36304799
2.15864706 -0.76866001 0.36304799
2.15622211 -0.77543801 0.36304799
2.15377498 -0.78220803 0.36304799
2.16057992 -0.79237098 0.36461300
2.14867902 -0.79610002 0.36304799
2.14616704 -0.80284601 0.36304799
2.14363503 -0.80958402 0.36304799
2.14108109 -0.81631500 0.36304799
2.14772296 -0.82658499 0.36461300
2.14511609 -0.83332801 0.36461300
2.14248705 -0.84006298 0.36461300
2.13065410 -0.84315503 0.36304799
2.12799406 -0.84984499 0.36304799
2.13447499 -0.86021799 0.36461300
2.13176203 -0.86691898 0.36461300
2.11988997 -0.86986297 0.36304799
2.12627292 -0.88029599 0.36461300
2.13245511 -0.89115101 0.36617801
2.12054396 -0.89400899 0.36461300
2.12681389 -0.90453202 0.36617801
2.11488509 -0.90731502 0.36461300
2.12108803 -0.91787702 0.36617801
2.10914207 -0.92058498 0.36461300
2.10624003 -0.92720598 0.36461300
2.11234307 -0.93782699 0.36617801
2.10037208 -0.94042200 0.36461300
2.10640907 -0.95108002 0.36617801
2.10341096 -0.95769298 0.36617801
2.10919905 -0.96878499 0.36774299
2.09718299 -0.97125602 0.36617801
2.09412098 -0.97784001 0.36617801
2.09103894 -0.98441398 0.36617801
2.08793592 -0.99097800 0.36617801
2.08481193 -0.99753302 0.36617801
2.09056401 -1.00836802 0.36774299
2.08738589 -1.01493096 0.36774299
2.08418703 -1.02148402 0.36774299
2.08096790 -1.02802598 0.36774299
2.07772803 -1.03455901 0.36774299
2.07446694 -1.04108095 0.36774299
2.07999992 -1.05205095 0.36930701
2.07649994 -1.05894303 0.36930701
2.08194804 -1.06997597 0.37087199
2.06980491 -1.07196903 0.36930701
2.06642699 -1.07846606 0.36930701
2.06302905 -1.08495200 0.36930701
2.06833792 -1.09605300 0.37087199
2.06488395 -1.10254502 0.37087199
2.05271196 -1.10434794 0.36930701
2.05791593 -1.11549795 0.37087199
2.05440092 -1.12195694 0.37087199
2.05086708 -1.12840605 0.37087199
2.05594993 -1.13963199 0.37243700
2.05235910 -1.14608502 0.37243700
2.04854798 -1.15288496 0.37243700
2.04491591 -1.15931499 0.37243700
2.04983997 -1.17063105 0.37400201
2.03759098 -1.17214000 0.37243700
2.04244399 -1.18348706 0.37400201
2.03871608 -1.18989801 0.37400201
2.04348302 -1.20130301 0.37556699
2.03969908 -1.20771599 0.37556699
2.03589392 -1.21411800 0.37556699
2.04053712 -1.22559404 0.37713200
2.02822590 -1.22688603 0.37556699
2.03257990 -1.23874497 0.37713200
2.02867794 -1.24512506 0.37713200
2.03315806 -1.25668502 0.37869701
2.02081490 -1.25784600 0.37713200
2.02522206 -1.26943505 0.37869701
2.01287198 -1.27051902 0.37713200
2.01720595 -1.28213406 0.37869701
2.01316810 -1.28846502 0.37869701
2.00910997 -1.29478300 0.37869701
2.00503302 -1.30108905 0.37869701
2.00920391 -1.31278396 0.38026100
2.00506902 -1.31908906 0.38026100
2.00915003 -1.33083606 0.38182601
2.00472593 -1.33749104 0.38182601
2.00051403 -1.34378302 0.38182601
1.99628305 -1.35006106 0.38182601
1.99203098 -1.35632598 0.38182601
1.98776102 -1.36257696 0.38182601
1.99159896 -1.37442505 0.38339099
1.98727095 -1.38067496 0.38339099
1.98292398 -1.38691199 0.38339099
1.97855699 -1.39313400 0.38339099
1.98222899 -1.40505505 0.38495600
1.97780502 -1.41127503 0.38495600
1.97311401 -1.41782606 0.38495600
1.96864998 -1.42401803 0.38495600
1.97215104 -1.43600905 0.38652101
1.96763003 -1.44219804 0.38652101
1.96308899 -1.44837201 0.38652101
1.95852900 -1.45453203 0.38652101
1.96186101 -1.46659195 0.38808599
1.95724404 -1.47274804 0.38808599
1.96048105 -1.48485303 0.38965100
1.95554602 -1.49134600 0.38965100
1.95085096 -1.49748194 0.38965100
1.95395303 -1.50964200 0.39121500
1.95699799 -1.52183604 0.39278001
1.93665099 -1.51580095 0.38965100
1.93963802 -1.52798998 0.39121500
1.91935003 -1.52180302 0.38808599
2.19654608 -0.62238801 0.27895701
2.13733006 -0.61286998 0.27168000
2.20212603 -0.63894302 0.28016999
2.19058299 -0.64306200 0.27895701
2.19806695 -0.65276700 0.28016999
2.19600606 -0.65966898 0.28016999
2.19392300 -0.66656500 0.28016999
2.19181800 -0.67345399 0.28016999
2.19917011 -0.68328100 0.28138199
2.18754292 -0.68721199 0.28016999
2.19483399 -0.69708598 0.28138199
2.19250989 -0.70436001 0.28138199
2.18084502 -0.70817900 0.28016999
2.18791604 -0.71850401 0.28138199
2.18577409 -0.72499198 0.28138199
2.17407393 -0.72870100 0.28016999
2.17177391 -0.73552799 0.28016999
2.16945291 -0.74234700 0.28016999
2.16710997 -0.74915898 0.28016999
2.16474605 -0.75596303 0.28016999
2.16235995 -0.76275998 0.28016999
2.15995312 -0.76955003 0.28016999
2.16686511 -0.77969199 0.28138199
2.16440511 -0.78649598 0.28138199
2.16192293 -0.79329199 0.28138199
2.15928102 -0.80045599 0.28138199
2.16605210 -0.81071502 0.28259501
2.15420890 -0.81400800 0.28138199
2.15164089 -0.82077098 0.28138199
2.14905190 -0.82752699 0.28138199
2.14644098 -0.83427399 0.28138199
2.14381003 -0.84101301 0.28138199
2.14115691 -0.84774399 0.28138199
2.13848305 -0.85446602 0.28138199
2.13578796 -0.86118102 0.28138199
2.14226699 -0.87162697 0.28259501
2.13033509 -0.87458301 0.28138199
2.14591789 -0.88886899 0.28380799
2.12464309 -0.88832200 0.28138199
2.12184191 -0.89499199 0.28138199
2.11901999 -0.90165401 0.28138199
2.13441896 -0.91613698 0.28380799
2.12242198 -0.91889399 0.28259501
2.11952400 -0.92555702 0.28259501
2.12568998 -0.93621200 0.28380799
2.11366701 -0.93885601 0.28259501
2.11070704 -0.94549203 0.28259501
2.11677194 -0.95620400 0.28380799
2.12279105 -0.96696401 0.28502101
2.10153389 -0.96570897 0.28259501
2.11650300 -0.98065197 0.28502101
2.11341095 -0.98729700 0.28502101
2.11029911 -0.99393100 0.28502101
2.09820008 -0.99629802 0.28380799
2.10401297 -1.00717103 0.28502101
2.09189796 -1.00946200 0.28380799
2.09764290 -1.02037096 0.28502101
2.09442711 -1.02695596 0.28502101
2.08229208 -1.02913296 0.28380799
2.08793306 -1.04009497 0.28502101
2.08465505 -1.04664898 0.28502101
2.08135700 -1.05319297 0.28502101
2.07785296 -1.06008995 0.28502101
2.08333993 -1.07115102 0.28623399
2.07115102 -1.07312405 0.28502101
2.07656908 -1.08422005 0.28623399
2.08193707 -1.09536004 0.28744701
2.07848501 -1.10189497 0.28744701
2.07501292 -1.10841894 0.28744701
2.06277990 -1.11022794 0.28623399
2.07673407 -1.12616706 0.28865999
2.07318592 -1.13268602 0.28865999
2.06961703 -1.13919306 0.28865999
2.06602812 -1.14568901 0.28865999
2.06241798 -1.15217400 0.28865999
2.05858588 -1.15900695 0.28865999
2.05493498 -1.16546905 0.28865999
2.05126309 -1.17191899 0.28865999
2.04757190 -1.17835701 0.28865999
2.05244708 -1.18976200 0.28987199
2.04869890 -1.19620395 0.28987199
2.04493093 -1.20263398 0.28987199
2.04114294 -1.20905304 0.28987199
2.03733492 -1.21545899 0.28987199
2.04201388 -1.22696602 0.29108500
2.03815007 -1.23337495 0.29108500
2.03404903 -1.24012697 0.29108500
2.03014302 -1.24651098 0.29108500
2.03465891 -1.25810301 0.29229799
2.03069711 -1.26448905 0.29229799
2.03512406 -1.27613604 0.29351100
2.02271199 -1.27722299 0.29229799
2.01868892 -1.28357100 0.29229799
2.02300596 -1.29525900 0.29351100
2.01058412 -1.29622996 0.29229799
2.01482797 -1.30794501 0.29351100
2.01070905 -1.31426799 0.29351100
2.01486206 -1.32603502 0.29472399
2.00241208 -1.32687604 0.29351100
1.99800003 -1.33350801 0.29351100
2.01027894 -1.35085201 0.29593700
1.99780405 -1.35159802 0.29472399
2.00175190 -1.36345601 0.29593700
1.99745905 -1.36973798 0.29593700
2.00131392 -1.38164604 0.29714999
1.99696398 -1.38792598 0.29714999
1.99259400 -1.39419305 0.29714999
1.98820400 -1.40044606 0.29714999
1.98379397 -1.40668499 0.29714999
1.98744404 -1.41867697 0.29836199
1.98272896 -1.42525995 0.29836199
1.97824204 -1.43148196 0.29836199
1.98175800 -1.44353402 0.29957500
1.96920800 -1.44388294 0.29836199
1.96466303 -1.45006299 0.29836199
1.97603297 -1.46806705 0.30078799
1.95551300 -1.46237803 0.29836199
1.95883906 -1.47448397 0.29957500
1.96210897 -1.48662496 0.30078799
1.95716906 -1.49312305 0.30078799
1.94459498 -1.49321902 0.29957500
1.94774795 -1.50539100 0.30078799
1.94300997 -1.51150298 0.30078799
1.94606698 -1.52371895 0.30200100
1.94906700 -1.53596902 0.30321401
1.93645501 -1.53591597 0.30200100
1.90058994 -1.51722097 0.29714999
2.20249510 -0.63197100 0.19906300
2.15266204 -0.62499899 0.19473501
2.21759796 -0.65141302 0.20079300
2.21554089 -0.65837699 0.20079300
2.20392108 -0.66246599 0.19992800
2.21135998 -0.67228401 0.20079300
2.19971490 -0.67630100 0.19992800
2.19758010 -0.68320799 0.19992800
2.19542193 -0.69010800 0.19992800
2.19324398 -0.69700199 0.19992800
2.19092011 -0.70427102 0.19992800
2.18869710 -0.71115100 0.19992800
2.18632698 -0.71840501 0.19992800
2.19363999 -0.72802699 0.20079300
2.17245197 -0.72857898 0.19906300
2.17958808 -0.73859799 0.19992800
2.17725611 -0.74544102 0.19992800
2.18431902 -0.75553399 0.20079300
2.17252994 -0.75910699 0.19992800
2.17013407 -0.76592797 0.19992800
2.16771698 -0.77274197 0.19992800
2.17465210 -0.78292298 0.20079300
2.17218208 -0.78975099 0.20079300
2.16968989 -0.79657102 0.20079300
2.14330602 -0.81031501 0.19906300
2.14074993 -0.81704497 0.19906300
2.14746904 -0.82734799 0.19992800
2.14486003 -0.83408999 0.19992800
2.14222908 -0.84082401 0.19992800
2.13031411 -0.84388101 0.19906300
2.13690305 -0.85426801 0.19992800
2.12496996 -0.85724998 0.19906300
2.13149405 -0.86767697 0.19992800
2.12875700 -0.87436903 0.19992800
2.11679602 -0.87723899 0.19906300
2.10468507 -0.88040900 0.19819701
2.12944388 -0.89863700 0.20079300
2.14494395 -0.91312701 0.20252401
2.13291001 -0.91592997 0.20165899
2.13002205 -0.92262602 0.20165899
2.12711310 -0.92931300 0.20165899
2.12418294 -0.93599099 0.20165899
2.12123203 -0.94265902 0.20165899
2.11825991 -0.94931901 0.20165899
2.12434602 -0.96007198 0.20252401
2.12131906 -0.96674103 0.20252401
2.11810207 -0.97377002 0.20252401
2.12407088 -0.98460901 0.20339000
2.11194205 -0.98705900 0.20252401
2.10882998 -0.99368900 0.20252401
2.09669900 -0.99603498 0.20165899
2.09617710 -1.02011001 0.20252401
2.08401799 -1.02230299 0.20165899
2.08079600 -1.02884495 0.20165899
2.07755303 -1.03537703 0.20165899
2.07429004 -1.04189897 0.20165899
2.07989502 -1.05290997 0.20252401
2.08526611 -1.06432998 0.20339000
2.07305193 -1.06631899 0.20252401
2.06969190 -1.07282698 0.20252401
2.06631207 -1.07932305 0.20252401
2.07172704 -1.09045005 0.20339000
2.05068803 -1.08761704 0.20165899
2.07362103 -1.10814095 0.20425500
2.07890105 -1.11937296 0.20512100
2.07537389 -1.12589800 0.20512100
2.07182693 -1.13241303 0.20512100
2.05953193 -1.13410997 0.20425500
2.06467104 -1.14540803 0.20512100
2.05236602 -1.14702797 0.20425500
2.05723095 -1.15871704 0.20512100
2.05358100 -1.16517401 0.20512100
2.04991007 -1.17162001 0.20512100
2.05485296 -1.18302500 0.20598599
2.05112600 -1.18947506 0.20598599
2.03877711 -1.19088805 0.20512100
2.02643895 -1.19223499 0.20425500
2.03219008 -1.22154605 0.20598599
2.01129699 -1.21760499 0.20425500
2.01575398 -1.22945595 0.20512100
2.02037001 -1.24099696 0.20598599
2.01646209 -1.24733806 0.20598599
2.01253295 -1.25366700 0.20598599
2.01702404 -1.26527703 0.20685200
2.00461602 -1.26628697 0.20598599
2.00062799 -1.27257800 0.20598599
2.01339889 -1.28960395 0.20771700
1.98422098 -1.27972400 0.20512100
2.01361203 -1.30765498 0.20858300
2.01783204 -1.31942594 0.20944799
2.02199793 -1.33123696 0.21031401
2.01780605 -1.33758295 0.21031401
2.01335907 -1.34426701 0.21031401
2.00912595 -1.35058498 0.21031401
1.99662197 -1.35130703 0.20944799
2.00060010 -1.36318195 0.21031401
2.00452304 -1.37509704 0.21117900
2.00019312 -1.38138700 0.21117900
1.99584401 -1.38766396 0.21117900
1.99147403 -1.39392698 0.21117900
1.98708498 -1.40017700 0.21117900
1.97355294 -1.41918695 0.21117900
1.96908498 -1.42537999 0.21117900
1.97264898 -1.43742597 0.21204500
1.96812296 -1.44361603 0.21204500
1.96357799 -1.44979203 0.21204500
1.95101798 -1.45001101 0.21117900
1.95442998 -1.46210098 0.21204500
1.95778596 -1.47422600 0.21291000
1.95314503 -1.48037004 0.21291000
1.95614505 -1.49288201 0.21377601
1.92774296 -1.48081398 0.21117900
1.95460796 -1.51123703 0.21464100
1.95771301 -1.52348900 0.21550700
1.96076000 -1.53577495 0.21637200
1.94810200 -1.53576005 0.21550700
1.94326699 -1.54187202 0.21550700
1.93062901 -1.54175305 0.21464100
2.16931701 -0.62286103 0.11708200
2.20570898 -0.64081800 0.11915400
2.19410396 -0.64492798 0.11863600
2.19206691 -0.65181798 0.11863600
2.19000912 -0.65870100 0.11863600
2.18792892 -0.66557801 0.11863600
2.18582702 -0.67244798 0.11863600
2.19323897 -0.68227798 0.11915400
2.19108510 -0.68916500 0.11915400
2.18878794 -0.69642699 0.11915400
2.16757488 -0.69718403 0.11811800
2.15575504 -0.70127898 0.11760000
2.16302800 -0.71116698 0.11811800
2.17038608 -0.72072899 0.11863600
2.17757893 -0.73072100 0.11915400
2.17527199 -0.73755902 0.11915400
2.16349697 -0.74115199 0.11863600
2.17059493 -0.75121200 0.11915400
2.16822410 -0.75802702 0.11915400
2.16583204 -0.76483500 0.11915400
2.16341901 -0.77163500 0.11915400
2.16098404 -0.77842802 0.11915400
2.13975811 -0.77838498 0.11811800
2.15591192 -0.79236698 0.11915400
2.15341210 -0.79913598 0.11915400
2.16024303 -0.80940098 0.11967200
2.14834905 -0.81265002 0.11915400
2.14578509 -0.81939602 0.11915400
2.15251899 -0.82972503 0.11967200
2.14990091 -0.83648300 0.11967200
2.13796711 -0.83958203 0.11915400
2.14460301 -0.84997398 0.11967200
2.13264990 -0.85299897 0.11915400
2.13922000 -0.86343300 0.11967200
2.13649702 -0.87014902 0.11967200
2.13375306 -0.87685698 0.11967200
2.12176299 -0.87973100 0.11915400
2.12804604 -0.89061701 0.11967200
2.11603689 -0.89341402 0.11915400
2.12240791 -0.90397000 0.11967200
2.12873292 -0.91457599 0.12019000
2.12584901 -0.92125899 0.12019000
2.12294507 -0.92793298 0.12019000
2.12001896 -0.93459803 0.12019000
2.12619805 -0.94531101 0.12070800
2.12321806 -0.95198601 0.12070800
2.12931609 -0.96276599 0.12122600
2.11702609 -0.96567702 0.12070800
2.12305403 -0.97649598 0.12122600
2.12903595 -0.98736203 0.12174400
2.11687708 -0.98981601 0.12122600
2.05955791 -0.97091103 0.11811800
2.10159612 -0.99880999 0.12070800
2.09844804 -1.00540805 0.12070800
2.09527898 -1.01199496 0.12070800
2.10106802 -1.02294397 0.12122600
2.08887911 -1.02514005 0.12070800
2.09459996 -1.03612602 0.12122600
2.09133410 -1.04270101 0.12122600
2.08804798 -1.04926598 0.12122600
2.07583189 -1.05130804 0.12070800
2.07233500 -1.05818605 0.12070800
2.07787991 -1.06926095 0.12122600
2.07451010 -1.07578301 0.12122600
2.07112098 -1.08229494 0.12122600
2.06770992 -1.08879697 0.12122600
2.06428003 -1.09528697 0.12122600
2.06082797 -1.10176694 0.12122600
2.06614900 -1.11297202 0.12174400
2.07141900 -1.12422097 0.12226200
2.06787801 -1.13072300 0.12226200
2.05556798 -1.13239503 0.12174400
2.05200005 -1.13884699 0.12174400
2.05692792 -1.15052104 0.12226200
2.05330300 -1.15697706 0.12226200
2.04097390 -1.15849197 0.12174400
2.04599404 -1.16985500 0.12226200
2.04230809 -1.17627704 0.12226200
2.04724097 -1.18769896 0.12278000
2.02625489 -1.18404806 0.12174400
2.03973794 -1.20053899 0.12278000
2.02736592 -1.20184803 0.12226200
2.02358007 -1.20821095 0.12226200
2.02833295 -1.21970904 0.12278000
2.01594901 -1.22090197 0.12226200
2.02041411 -1.23278201 0.12278000
2.02503991 -1.24435198 0.12329900
2.01262808 -1.24545205 0.12278000
2.01718092 -1.25705099 0.12329900
2.01322198 -1.26338196 0.12329900
2.00924301 -1.26970005 0.12329900
2.00524402 -1.27600598 0.12329900
2.00122595 -1.28229904 0.12329900
1.99718797 -1.28857994 0.12329900
1.99312901 -1.29484797 0.12329900
1.99740899 -1.30657005 0.12381700
2.00997496 -1.32382500 0.12485300
1.99725199 -1.32496202 0.12433500
2.00138402 -1.33677697 0.12485300
2.00546193 -1.34863102 0.12537099
2.00121498 -1.35492396 0.12537099
1.99694800 -1.36120498 0.12537099
2.00089598 -1.37312198 0.12588900
2.00478911 -1.38507795 0.12640700
1.97583199 -1.37426198 0.12485300
1.98786604 -1.39191902 0.12588900
1.96715903 -1.38664997 0.12485300
1.97908103 -1.40438199 0.12588900
1.97466004 -1.41059196 0.12588900
1.96997094 -1.41713297 0.12588900
1.97359800 -1.42917204 0.12640700
1.96909904 -1.43536496 0.12640700
1.96457899 -1.44154406 0.12640700
1.96807396 -1.45364201 0.12692501
1.96349800 -1.45981801 0.12692501
1.96689701 -1.47196305 0.12744300
1.95428598 -1.47212601 0.12692501
1.96530700 -1.49066901 0.12796099
1.95267701 -1.49077499 0.12744300
1.94798398 -1.49690199 0.12744300
1.94327199 -1.50301504 0.12744300
1.94642103 -1.51524699 0.12796099
1.94165099 -1.52135396 0.12796099
1.92902005 -1.52126300 0.12744300
1.93205297 -1.53352404 0.12796099
1.91915596 -1.53368795 0.12744300
2.21985292 -0.63779098 0.03969800
2.20823693 -0.64196998 0.03952600
2.20620894 -0.64890403 0.03952600
2.21374297 -0.65868402 0.03969800
2.21166301 -0.66563499 0.03969800
2.20956111 -0.67258000 0.03969800
2.20743704 -0.67951798 0.03969800
2.20529199 -0.68645000 0.03969800
2.19358706 -0.69037300 0.03952600
2.19128489 -0.69764298 0.03952600
2.18908310 -0.70452398 0.03952600
2.18673396 -0.71177900 0.03952600
2.17498994 -0.71552098 0.03935500
2.18234611 -0.72512400 0.03952600
2.18005705 -0.73197597 0.03952600
2.17774701 -0.73882198 0.03952600
2.17541504 -0.74565899 0.03952600
2.17306209 -0.75248998 0.03952600
2.17068696 -0.75931299 0.03952600
2.17771792 -0.76946002 0.03969800
2.16587305 -0.77293700 0.03952600
2.16343403 -0.77973700 0.03952600
2.14218307 -0.77969098 0.03918300
2.17712212 -0.80059302 0.03987000
2.16522288 -0.80394900 0.03969800
2.17204905 -0.81425703 0.03987000
2.16012907 -0.81753701 0.03969800
2.16688991 -0.82788801 0.03987000
2.16427803 -0.83469200 0.03987000
2.16164494 -0.84148699 0.03987000
2.15899110 -0.84827298 0.03987000
2.14702106 -0.85136598 0.03969800
2.15361905 -0.86182201 0.03987000
2.15089989 -0.86858398 0.03987000
2.15741992 -0.87910998 0.04004200
2.13615298 -0.87827897 0.03969800
2.14261889 -0.88881600 0.03987000
2.13043690 -0.89205498 0.03969800
2.13683391 -0.90263402 0.03987000
2.12478995 -0.90542299 0.03969800
2.12193489 -0.91209400 0.03969800
2.11905909 -0.91875601 0.03969800
2.12532306 -0.92941499 0.03987000
2.11324501 -0.93205202 0.03969800
2.11944199 -0.94274998 0.03987000
2.11646891 -0.94940400 0.03987000
2.11347604 -0.95604801 0.03987000
2.11939001 -0.96720201 0.04004200
2.11634111 -0.97385597 0.04004200
2.11327100 -0.98049998 0.04004200
2.11018109 -0.98713398 0.04004200
2.07994008 -0.98096299 0.03952600
2.11296701 -1.00466597 0.04021400
2.10980010 -1.01129901 0.04021400
2.10661197 -1.01792300 0.04021400
2.10340405 -1.02453601 0.04021400
2.10914993 -1.03554499 0.04038600
2.10588598 -1.04216599 0.04038600
2.10260201 -1.04877698 0.04038600
2.09929705 -1.05537701 0.04038600
2.09597111 -1.06196702 0.04038600
2.09243798 -1.06891203 0.04038600
2.08017993 -1.07090402 0.04021400
2.08568001 -1.08203804 0.04038600
2.08227110 -1.08858502 0.04038600
2.07884002 -1.09512103 0.04038600
2.05772710 -1.09227097 0.04004200
2.06310201 -1.10344601 0.04021400
2.05962491 -1.10992205 0.04021400
2.06491494 -1.12115705 0.04038600
2.06138301 -1.12763906 0.04038600
2.05783010 -1.13410902 0.04038600
2.06299901 -1.14542198 0.04055800
2.05918908 -1.15225697 0.04055800
2.05555892 -1.15872097 0.04055800
2.05190802 -1.16517305 0.04055800
2.04823804 -1.17161298 0.04055800
2.06187296 -1.18802500 0.04090100
2.05813098 -1.19449699 0.04090100
2.01984096 -1.18077302 0.04021400
2.04196906 -1.20233202 0.04072900
2.04678202 -1.21384096 0.04090100
2.04295802 -1.22026503 0.04090100
2.03911495 -1.22667694 0.04090100
2.03525090 -1.23307705 0.04090100
2.04821897 -1.25023794 0.04124500
2.03576398 -1.25143099 0.04107300
2.03182197 -1.25782001 0.04107300
2.03634501 -1.26948702 0.04124500
2.04081511 -1.28119397 0.04141700
2.02832890 -1.28225601 0.04124500
2.03272510 -1.29399097 0.04141700
2.02023196 -1.29497504 0.04124500
2.00775290 -1.29589295 0.04107300
1.99528897 -1.29674602 0.04090100
2.01630402 -1.31943202 0.04141700
2.00379992 -1.32025898 0.04124500
2.01607299 -1.33795404 0.04158900
2.01185894 -1.34428096 0.04158900
2.00762606 -1.35059500 0.04158900
2.00337291 -1.35689604 0.04158900
2.00736094 -1.36881602 0.04176100
2.00305104 -1.37511504 0.04176100
1.99872100 -1.38140094 0.04176100
1.99437106 -1.38767302 0.04176100
1.99819195 -1.39966905 0.04193200
1.96927094 -1.38865304 0.04141700
1.99751103 -1.41798401 0.04210400
1.99304605 -1.42425203 0.04210400
1.98831201 -1.43085301 0.04210400
1.98380697 -1.43709302 0.04210400
1.97928298 -1.44331801 0.04210400
1.98279905 -1.45544505 0.04227600
1.97821701 -1.46166694 0.04227600
1.97361505 -1.46787500 0.04227600
1.96899402 -1.47406805 0.04227600
1.97233796 -1.48626399 0.04244800
1.96739900 -1.49279594 0.04244800
1.96270001 -1.49896896 0.04244800
1.95798099 -1.50512803 0.04244800
1.96115005 -1.51739001 0.04262000
1.95637405 -1.52354395 0.04262000
1.94370794 -1.52351403 0.04244800
1.94676197 -1.53580594 0.04262000
1.94192803 -1.54191399 0.04262000
1.92899406 -1.54210198 0.04244800
