1.82161796 0.75193298 -0.52716500
1.79714894 0.73523200 -0.51941299
1.79944897 0.72958302 -0.51941299
1.80173302 0.72392702 -0.51941299
1.80399799 0.71826202 -0.51941299
1.81523204 0.71613699 -0.52199697
1.79947805 0.70339602 -0.51682901
1.80167902 0.69774002 -0.51682901
1.80386198 0.69207698 -0.51682901
1.81505799 0.68983799 -0.51941299
1.79913402 0.67732501 -0.51424497
1.80125296 0.67166901 -0.51424497
1.81241596 0.66935402 -0.51682901
1.81450999 0.66365802 -0.51682901
1.79841995 0.65137398 -0.51166099
1.80045795 0.64572102 -0.51166099
1.80247700 0.64006102 -0.51166099
1.80447900 0.63439602 -0.51166099
1.80646300 0.62872398 -0.51166099
1.80842996 0.62304503 -0.51166099
1.81037796 0.61736101 -0.51166099
1.81230795 0.61167097 -0.51166099
1.80505896 0.60291302 -0.50907600
1.80694401 0.59723997 -0.50907600
1.79962897 0.58855700 -0.50649202
1.81055796 0.58619100 -0.50907600
1.80329204 0.57723898 -0.50649202
1.80509603 0.57156998 -0.50649202
1.79766405 0.56300998 -0.50390798
1.80865204 0.56021702 -0.50649202
1.80116606 0.55170298 -0.50390798
1.80289102 0.54604203 -0.50390798
1.80459702 0.54037499 -0.50390798
1.80628598 0.53470403 -0.50390798
1.79868495 0.52631301 -0.50132400
1.80023897 0.52097398 -0.50132400
1.81115496 0.51797199 -0.50390798
1.80356598 0.50933802 -0.50132400
1.79585195 0.50107300 -0.49873999
1.80673003 0.49799499 -0.50132400
1.79896498 0.48978001 -0.49873999
1.80982399 0.48663399 -0.50132400
1.79267001 0.47598699 -0.49615601
1.80350101 0.47280300 -0.49873999
1.80497706 0.46713501 -0.49873999
1.80643594 0.46146199 -0.49873999
1.79850900 0.45342401 -0.49615601
1.80922103 0.45041901 -0.49873999
1.80132306 0.44211400 -0.49615601
1.81209195 0.43872601 -0.49873999
1.84165001 0.43976200 -0.50649202
1.84302199 0.43397501 -0.50649202
1.84437704 0.42818201 -0.50649202
1.85512996 0.42454100 -0.50907600
1.83760703 0.41445899 -0.50390798
1.84825802 0.41110301 -0.50649202
1.84010398 0.40322700 -0.50390798
1.85080504 0.39948201 -0.50649202
1.83322096 0.38932800 -0.50132400
1.84388995 0.38554499 -0.50390798
1.82623398 0.37553599 -0.49873999
1.84627604 0.37395200 -0.50390798
1.83796799 0.36626101 -0.50132400
1.82963002 0.35862699 -0.49873999
1.83074701 0.35287800 -0.49873999
1.81280398 0.34384400 -0.49357200
1.79493999 0.33429301 -0.48840299
1.79598200 0.32865199 -0.48840299
1.80651295 0.32471800 -0.49098700
1.80752397 0.31904101 -0.49098700
1.79899895 0.31171101 -0.48840299
1.79044604 0.30443901 -0.48581901
1.80092204 0.30040199 -0.48840299
1.80185699 0.29474300 -0.48840299
1.79323602 0.28755099 -0.48581901
1.80367398 0.28341499 -0.48840299
1.79500699 0.27627799 -0.48581901
1.79581904 0.27095100 -0.48581901
1.79666102 0.26530799 -0.48581901
1.78792500 0.25828099 -0.48323500
1.78877103 0.25235099 -0.48323500
1.79912496 0.24804901 -0.48581901
1.78074801 0.23981699 -0.48065099
1.79106998 0.23548099 -0.48323500
1.80138302 0.23108201 -0.48581901
1.83085704 0.22901900 -0.49357200
1.83156800 0.22326501 -0.49357200
1.83222198 0.21783000 -0.49357200
1.84253097 0.21286200 -0.49615601
1.84318995 0.20707300 -0.49615601
1.82462502 0.19918400 -0.49098700
1.83484900 0.19446900 -0.49357200
1.84505999 0.18969201 -0.49615601
1.84564698 0.18389501 -0.49615601
1.83659995 0.17716800 -0.49357200
1.84676600 0.17229401 -0.49615601
1.83767700 0.16562399 -0.49357200
1.84781206 0.16068800 -0.49615601
1.83868098 0.15407500 -0.49357200
1.82952702 0.14752200 -0.49098700
1.81071806 0.14028101 -0.48581901
1.80151606 0.13387500 -0.48323500
1.78265595 0.12684500 -0.47806701
1.78304601 0.12124300 -0.47806701
1.79305804 0.11626600 -0.48065099
1.80305600 0.11122700 -0.48323500
1.78410900 0.10443300 -0.47806701
1.78442800 0.09882800 -0.47806701
1.78472996 0.09322100 -0.47806701
1.79466295 0.08808700 -0.48065099
1.78528094 0.08200600 -0.47806701
1.79518104 0.07681000 -0.48065099
1.79541302 0.07117000 -0.48065099
1.79562795 0.06552900 -0.48065099
1.78617001 0.05956500 -0.47806701
1.79600501 0.05424500 -0.48065099
1.78650904 0.04834200 -0.47806701
1.79630995 0.04296000 -0.48065099
1.78677797 0.03711600 -0.47806701
1.78688502 0.03150200 -0.47806701
1.78697598 0.02588800 -0.47806701
1.82568705 0.02071300 -0.48840299
1.83540297 0.01505700 -0.49098700
1.81612098 0.00919200 -0.48581901
1.82580101 0.00350500 -0.48840299
1.82580304 -0.00223100 -0.48840299
1.82578695 -0.00796700 -0.48840299
1.82575500 -0.01338400 -0.48840299
1.83536100 -0.01954100 -0.49098700
1.82562697 -0.02549200 -0.48840299
1.81587899 -0.03106200 -0.48581901
1.81577802 -0.03645000 -0.48581901
1.83497000 -0.04260300 -0.49098700
1.83481896 -0.04868700 -0.49098700
1.81534505 -0.05387800 -0.48581901
1.82483196 -0.05957900 -0.48840299
1.82463598 -0.06531200 -0.48840299
1.79546297 -0.06991600 -0.48065099
1.79523396 -0.07555600 -0.48065099
1.78533697 -0.08075900 -0.47806701
1.78507495 -0.08636800 -0.47806701
1.79444206 -0.09247300 -0.48065099
1.78449702 -0.09758200 -0.47806701
1.78418195 -0.10318800 -0.47806701
1.79349101 -0.10938000 -0.48065099
1.79313898 -0.11501400 -0.48065099
1.78313005 -0.11999800 -0.47806701
1.77310801 -0.12492100 -0.47548300
1.78234100 -0.13120000 -0.47806701
1.78191996 -0.13679799 -0.47806701
1.78148103 -0.14239600 -0.47806701
1.78102505 -0.14799200 -0.47806701
1.79014897 -0.15472899 -0.48065099
1.78965402 -0.16035201 -0.48065099
1.77952194 -0.16508099 -0.47806701
1.77902496 -0.17036100 -0.47806701
1.76886702 -0.17499800 -0.47548300
1.79710805 -0.18381099 -0.48323500
1.81573606 -0.19148199 -0.48840299
1.82476401 -0.19791099 -0.49098700
1.83369803 -0.20503400 -0.49357200
1.83304501 -0.21079400 -0.49357200
1.82278001 -0.21541800 -0.49098700
1.83168399 -0.22230700 -0.49357200
1.83097696 -0.22806001 -0.49357200
1.83025098 -0.23381101 -0.49357200
1.81992900 -0.23830600 -0.49098700
1.82874596 -0.24530600 -0.49357200
1.82796597 -0.25105000 -0.49357200
1.82716894 -0.25679201 -0.49357200
1.81679106 -0.26115599 -0.49098700
1.81596100 -0.26686299 -0.49098700
1.82466698 -0.27400100 -0.49357200
1.82379699 -0.27973199 -0.49357200
1.75610101 -0.27499801 -0.47548300
1.77430701 -0.28356299 -0.48065099
1.77340806 -0.28913599 -0.48065099
1.78201997 -0.29629001 -0.48323500
1.77155602 -0.30027199 -0.48065099
1.78012300 -0.30748099 -0.48323500
1.77914906 -0.31307200 -0.48323500
1.78760898 -0.32067499 -0.48581901
1.77708995 -0.32455400 -0.48323500
1.77611899 -0.32982600 -0.48323500
1.78456700 -0.33719701 -0.48581901
1.78349805 -0.34280199 -0.48581901
1.77293205 -0.34654999 -0.48323500
1.77183402 -0.35211799 -0.48323500
1.76118803 -0.35607800 -0.48065099
1.77898598 -0.36549699 -0.48581901
1.76837301 -0.36910999 -0.48323500
1.76720405 -0.37466401 -0.48323500
1.76601899 -0.38021401 -0.48323500
1.77425301 -0.38782299 -0.48581901
1.81075001 -0.40176499 -0.49615601
1.81890297 -0.40957400 -0.49873999
1.81760705 -0.41528600 -0.49873999
1.82570398 -0.42317599 -0.50132400
1.81496203 -0.42669800 -0.49873999
1.81361198 -0.43239799 -0.49873999
1.81224501 -0.43809301 -0.49873999
1.82024300 -0.44608399 -0.50132400
1.81883204 -0.45179999 -0.50132400
1.81740403 -0.45751199 -0.50132400
1.81595802 -0.46321899 -0.50132400
1.82376397 -0.47165701 -0.50390798
1.81292796 -0.47493699 -0.50132400
1.83018696 -0.48526499 -0.50649202
1.81932294 -0.48850700 -0.50390798
1.81778002 -0.49421999 -0.50390798
1.76956296 -0.48741901 -0.49098700
1.77732897 -0.49557000 -0.49357200
1.77576303 -0.50115198 -0.49357200
1.76489103 -0.50407499 -0.49098700
1.76329899 -0.50961697 -0.49098700
1.76177895 -0.51484603 -0.49098700
1.76006198 -0.52068597 -0.49098700
1.77692699 -0.53175199 -0.49615601
1.75675499 -0.53173399 -0.49098700
1.76431406 -0.54007798 -0.49357200
1.77183700 -0.54847503 -0.49615601
1.77932405 -0.55692399 -0.49873999
1.75914502 -0.55668199 -0.49357200
1.75738800 -0.56220597 -0.49357200
1.76480401 -0.57069701 -0.49615601
1.77218497 -0.57923901 -0.49873999
1.76118398 -0.58177400 -0.49615601
1.76851106 -0.59036303 -0.49873999
1.76664698 -0.59591597 -0.49873999
1.76466095 -0.60177100 -0.49873999
1.76276195 -0.60731202 -0.49873999
1.76084602 -0.61284697 -0.49873999
1.76802504 -0.62158000 -0.50132400
1.76606405 -0.62713099 -0.50132400
1.75499201 -0.62941498 -0.49873999
1.76208794 -0.63821501 -0.50132400
1.76914704 -0.64706600 -0.50390798
1.77616799 -0.65596700 -0.50649202
1.75599504 -0.65479398 -0.50132400
1.76296997 -0.66371101 -0.50390798
1.76087701 -0.66924602 -0.50390798
1.76778495 -0.67823499 -0.50649202
1.75663698 -0.68029702 -0.50390798
1.75449097 -0.68581200 -0.50390798
1.76119304 -0.69517303 -0.50649202
1.75899994 -0.70070201 -0.50649202
1.75679004 -0.70622498 -0.50649202
1.75468695 -0.71143401 -0.50649202
1.76125801 -0.72090900 -0.50907600
1.75898504 -0.72643799 -0.50907600
1.75669396 -0.73196101 -0.50907600
1.75438595 -0.73747599 -0.50907600
1.75206006 -0.74298400 -0.50907600
1.75860000 -0.75228399 -0.51166099
1.75622702 -0.75780499 -0.51166099
1.75383794 -0.76331902 -0.51166099
1.76027703 -0.77270800 -0.51424497
1.76667404 -0.78214502 -0.51682901
1.75538695 -0.78375202 -0.51424497
1.75291598 -0.78926301 -0.51424497
1.75028896 -0.79507202 -0.51424497
1.81942701 0.75065702 -0.45453200
1.81275797 0.74124902 -0.45228201
1.81507802 0.73555100 -0.45228201
1.81737900 0.72984499 -0.45228201
1.81061006 0.72052902 -0.45003101
1.81286502 0.71483803 -0.45003101
1.81510198 0.70913798 -0.45003101
1.81732094 0.70343298 -0.45003101
1.81042397 0.69423199 -0.44778100
1.81259596 0.68853998 -0.44778100
1.82386899 0.68627399 -0.45003101
1.82601702 0.68054098 -0.45003101
1.81900501 0.67142701 -0.44778100
1.83025599 0.66905499 -0.45003101
1.81402600 0.65666801 -0.44553101
1.81607997 0.65096599 -0.44553101
1.83648098 0.65177500 -0.45003101
1.82932699 0.64277202 -0.44778100
1.81293094 0.63062000 -0.44328099
1.83332896 0.63126600 -0.44778100
1.82607996 0.62235999 -0.44553101
1.80956197 0.61039197 -0.44103101
1.81147099 0.60470402 -0.44103101
1.83186495 0.60512203 -0.44553101
1.81523395 0.59331000 -0.44103101
1.80771601 0.58492202 -0.43878099
1.81892598 0.58189303 -0.44103101
1.82074499 0.57617599 -0.44103101
1.83184505 0.57336402 -0.44328099
1.82432997 0.56472403 -0.44103101
1.82609499 0.55899000 -0.44103101
1.80919003 0.54760599 -0.43652999
1.81090200 0.54191899 -0.43652999
1.81259501 0.53622699 -0.43652999
1.81427097 0.53052998 -0.43652999
1.80647695 0.52243799 -0.43428001
1.80810905 0.51675999 -0.43428001
1.81919003 0.51340699 -0.43652999
1.81140900 0.50507301 -0.43428001
1.81298697 0.49937901 -0.43428001
1.81454599 0.49368200 -0.43428001
1.81608796 0.48797899 -0.43428001
1.80819499 0.47977200 -0.43202999
1.81911898 0.47655800 -0.43428001
1.81117404 0.46840101 -0.43202999
1.80319500 0.46029899 -0.42978001
1.80463302 0.45463201 -0.42978001
1.80597401 0.44927499 -0.42978001
1.80745399 0.44328400 -0.42978001
1.82777798 0.44218600 -0.43428001
1.84811294 0.44096401 -0.43878099
1.84948897 0.43515700 -0.43878099
1.84135604 0.42714199 -0.43652999
1.85218704 0.42352700 -0.43878099
1.84400296 0.41556400 -0.43652999
1.85473895 0.41220501 -0.43878099
1.83698905 0.40220800 -0.43428001
1.85729301 0.40054300 -0.43878099
1.85861099 0.39438099 -0.43878099
1.84076500 0.38455600 -0.43428001
1.85157502 0.38040999 -0.43652999
1.85269499 0.37491500 -0.43652999
1.85386395 0.36909300 -0.43652999
1.84545302 0.36139399 -0.43428001
1.84657896 0.35559499 -0.43428001
1.79018700 0.33923000 -0.42077899
1.80088103 0.33507401 -0.42302901
1.81150901 0.33116701 -0.42528000
1.80295098 0.32375199 -0.42302901
1.80395901 0.31808701 -0.42302901
1.82415104 0.31574100 -0.42752999
1.82513404 0.31000900 -0.42752999
1.80687594 0.30107099 -0.42302901
1.80781305 0.29539299 -0.42302901
1.79911101 0.28817099 -0.42077899
1.80000806 0.28251699 -0.42077899
1.80088699 0.27686200 -0.42077899
1.80170000 0.27151600 -0.42077899
1.79290497 0.26443401 -0.41852900
1.79372704 0.25880000 -0.41852900
1.79457498 0.25285000 -0.41852900
1.80501294 0.24853900 -0.42077899
1.81544197 0.24416700 -0.42302901
1.81620002 0.23846200 -0.42302901
1.80727506 0.23151800 -0.42077899
1.80799401 0.22583801 -0.42077899
1.79902196 0.21897900 -0.41852900
1.80934000 0.21479000 -0.42077899
1.81004202 0.20878901 -0.42077899
1.81068897 0.20310199 -0.42077899
1.80163205 0.19635600 -0.41852900
1.80224001 0.19069500 -0.41852900
1.82221496 0.18702200 -0.42302901
1.80340302 0.17936800 -0.41852900
1.79425800 0.17276800 -0.41627899
1.80449402 0.16803300 -0.41852900
1.80501294 0.16236299 -0.41852900
1.80551398 0.15669300 -0.41852900
1.80599701 0.15101901 -0.41852900
1.79675102 0.14456400 -0.41627899
1.79719603 0.13891800 -0.41627899
1.79762399 0.13327000 -0.41627899
1.80775201 0.12831300 -0.41852900
1.81786799 0.12329200 -0.42077899
1.83769298 0.11883800 -0.42528000
1.82833195 0.11246600 -0.42302901
1.83840299 0.10729000 -0.42528000
1.82900202 0.10097700 -0.42302901
1.83904099 0.09573600 -0.42528000
1.83933306 0.08995800 -0.42528000
1.82014000 0.08328900 -0.42077899
1.83012700 0.07798500 -0.42302901
1.84009898 0.07262000 -0.42528000
1.83058095 0.06648500 -0.42302901
1.84051895 0.06105600 -0.42528000
1.83096194 0.05498100 -0.42302901
1.84086597 0.04949100 -0.42528000
1.84101200 0.04370800 -0.42528000
1.84114099 0.03792300 -0.42528000
1.78279805 0.03111800 -0.41177899
1.80237198 0.02579700 -0.41627899
1.80244398 0.02013500 -0.41627899
1.80249906 0.01447200 -0.41627899
1.80253506 0.00880900 -0.41627899
1.80255401 0.00314600 -0.41627899
1.81229901 -0.00253000 -0.41852900
1.81228197 -0.00822400 -0.41852900
1.79276299 -0.01345500 -0.41402900
1.79270804 -0.01940000 -0.41402900
1.81211901 -0.02562000 -0.41852900
1.80228806 -0.03114400 -0.41627899
1.80218804 -0.03649200 -0.41627899
1.81180501 -0.04238100 -0.41852900
1.79217398 -0.04786900 -0.41402900
1.80175400 -0.05379000 -0.41627899
1.79184794 -0.05881600 -0.41402900
1.80139196 -0.06479500 -0.41627899
1.79144299 -0.07007300 -0.41402900
1.79121399 -0.07570000 -0.41402900
1.80070102 -0.08176900 -0.41627899
1.82963204 -0.08884400 -0.42302901
1.83907402 -0.09509400 -0.42528000
1.83876598 -0.10087200 -0.42528000
1.82871306 -0.10608300 -0.42302901
1.82837105 -0.11182800 -0.42302901
1.82801104 -0.11757100 -0.42302901
1.83735394 -0.12397000 -0.42528000
1.82723606 -0.12905499 -0.42302901
1.83653903 -0.13551199 -0.42528000
1.83610404 -0.14128000 -0.42528000
1.83565104 -0.14704800 -0.42528000
1.82546997 -0.15200600 -0.42302901
1.82495606 -0.15805800 -0.42302901
1.82445002 -0.16379100 -0.42302901
1.83362806 -0.17042300 -0.42528000
1.82341599 -0.17493300 -0.42302901
1.76468098 -0.17489401 -0.40952900
1.79316902 -0.18372500 -0.41627899
1.80227304 -0.19038101 -0.41852900
1.79201400 -0.19467500 -0.41627899
1.80104101 -0.20170100 -0.41852900
1.79071903 -0.20624299 -0.41627899
1.79973900 -0.21301299 -0.41852900
1.78938794 -0.21749000 -0.41627899
1.78869605 -0.22311100 -0.41627899
1.78798604 -0.22872899 -0.41627899
1.78725898 -0.23434500 -0.41627899
1.78651404 -0.23995900 -0.41627899
1.79540396 -0.24689800 -0.41852900
1.78497100 -0.25117901 -0.41627899
1.80346096 -0.25956100 -0.42077899
1.79299700 -0.26380801 -0.41852900
1.79216003 -0.26943901 -0.41852900
1.78167295 -0.27358899 -0.41627899
1.78080499 -0.27918500 -0.41627899
1.78954101 -0.28631800 -0.41852900
1.79824901 -0.29350799 -0.42077899
1.82615197 -0.30395499 -0.42752999
1.82518804 -0.30969000 -0.42752999
1.83380699 -0.31708300 -0.42978001
1.82320595 -0.32115200 -0.42752999
1.83172095 -0.32891899 -0.42978001
1.84984803 -0.33817601 -0.43428001
1.80093896 -0.33476001 -0.42302901
1.81902599 -0.34403700 -0.42752999
1.82750499 -0.35159099 -0.42978001
1.82639098 -0.35733101 -0.42978001
1.82525897 -0.36306700 -0.42978001
1.82404494 -0.36911699 -0.42978001
1.82287705 -0.37484601 -0.42978001
1.81215298 -0.37857801 -0.42752999
1.81095397 -0.38427001 -0.42752999
1.75258803 -0.37764201 -0.41402900
1.77994895 -0.38939399 -0.42077899
1.77871704 -0.39498299 -0.42077899
1.77746701 -0.40056899 -0.42077899
1.77620006 -0.40615201 -0.42077899
1.77491498 -0.41172999 -0.42077899
1.78309703 -0.41953501 -0.42302901
1.79124796 -0.42739600 -0.42528000
1.78042603 -0.43072999 -0.42302901
1.77906406 -0.43632200 -0.42302901
1.77768505 -0.44190899 -0.42302901
1.78573596 -0.44987100 -0.42528000
1.79375505 -0.45788899 -0.42752999
1.78279400 -0.46139401 -0.42528000
1.78133500 -0.46699199 -0.42528000
1.79877698 -0.47727299 -0.42978001
1.77844906 -0.47786501 -0.42528000
1.77693903 -0.48345000 -0.42528000
1.76593304 -0.48675099 -0.42302901
1.77377999 -0.49491501 -0.42528000
1.80972397 -0.51107699 -0.43428001
1.81747794 -0.51943702 -0.43652999
1.80647695 -0.52243799 -0.43428001
1.80491900 -0.52779502 -0.43428001
1.80315900 -0.53377801 -0.43428001
1.81080699 -0.54223502 -0.43652999
1.80909503 -0.54792100 -0.43652999
1.81668103 -0.55645502 -0.43878099
1.80561602 -0.55927700 -0.43652999
1.81314898 -0.56785899 -0.43878099
1.80206704 -0.57061100 -0.43652999
1.82810402 -0.58518100 -0.44328099
1.79844606 -0.58192199 -0.43652999
1.79660904 -0.58756900 -0.43652999
1.80400503 -0.59626800 -0.43878099
1.76515698 -0.58958602 -0.42978001
1.77252805 -0.59824401 -0.43202999
1.77053404 -0.60411900 -0.43202999
1.77783895 -0.61285299 -0.43428001
1.77590501 -0.61843598 -0.43428001
1.77395296 -0.62401199 -0.43428001
1.77198398 -0.62958199 -0.43428001
1.76999700 -0.63514501 -0.43428001
1.76799297 -0.64070302 -0.43428001
1.77512205 -0.64960200 -0.43652999
1.76393294 -0.65179902 -0.43428001
1.76187599 -0.65733701 -0.43428001
1.76892102 -0.66630298 -0.43652999
1.78503299 -0.67878401 -0.44103101
1.77379596 -0.68089598 -0.43878099
1.77164805 -0.68646598 -0.43878099
1.76948297 -0.69202799 -0.43878099
1.75811601 -0.69431299 -0.43652999
1.76497698 -0.70344001 -0.43878099
1.77179801 -0.71261698 -0.44103101
1.76967597 -0.71787101 -0.44103101
1.77630198 -0.72742802 -0.44328099
1.77400804 -0.73300499 -0.44328099
1.77169704 -0.73857498 -0.44328099
1.76038599 -0.74036002 -0.44103101
1.76702094 -0.74969202 -0.44328099
1.76465702 -0.75524002 -0.44328099
1.78016698 -0.76850301 -0.44778100
1.77774405 -0.77409202 -0.44778100
1.76638198 -0.77575499 -0.44553101
1.76393604 -0.78130102 -0.44553101
1.75257695 -0.78286397 -0.44328099
1.77675998 -0.80037200 -0.45003101
1.76522601 -0.80222797 -0.44778100
1.84662700 0.74796098 -0.38913301
1.83985901 0.73850000 -0.38721600
1.84217000 0.73271602 -0.38721600
1.83533204 0.72332698 -0.38529900
1.83759499 0.71755701 -0.38529900
1.83068705 0.70823902 -0.38338199
1.84206700 0.70599699 -0.38529900
1.83510101 0.69672298 -0.38338199
1.83728099 0.69095498 -0.38338199
1.83944201 0.68517900 -0.38338199
1.84158599 0.67939699 -0.38338199
1.83449197 0.67023998 -0.38146600
1.83658898 0.66447300 -0.38146600
1.83866704 0.65869999 -0.38146600
1.83147800 0.64964002 -0.37954900
1.84276998 0.64713502 -0.38146600
1.83552301 0.63812000 -0.37954900
1.82823896 0.62915599 -0.37763199
1.83949602 0.62657398 -0.37954900
1.84145606 0.62079197 -0.37954900
1.83408701 0.61189801 -0.37763199
1.82667994 0.60305601 -0.37571499
1.82856596 0.59731400 -0.37571499
1.82099199 0.58886600 -0.37379801
1.84163105 0.58880299 -0.37763199
1.83411396 0.58005399 -0.37571499
1.83592701 0.57428998 -0.37571499
1.82834697 0.56561798 -0.37379801
1.82072902 0.55699998 -0.37188101
1.83186400 0.55412000 -0.37379801
1.82589805 0.53981602 -0.37188101
1.85584605 0.54233599 -0.37763199
1.81973302 0.52592701 -0.36996400
1.84025002 0.52559900 -0.37379801
1.82309103 0.51416498 -0.36996400
1.84360600 0.51370400 -0.37379801
1.84521103 0.50790900 -0.37379801
1.83732700 0.49953499 -0.37188101
1.81992900 0.48866999 -0.36804700
1.83094203 0.48546499 -0.36996400
1.83245802 0.47971100 -0.36996400
1.83395600 0.47395200 -0.36996400
1.84494603 0.47061399 -0.37188101
1.81786299 0.45762801 -0.36612999
1.84778702 0.45933500 -0.37188101
1.82070196 0.44619700 -0.36612999
1.85071397 0.44739300 -0.37188101
1.85211098 0.44157699 -0.37188101
1.85348904 0.43575600 -0.37188101
1.85484898 0.42993101 -0.37188101
1.85618997 0.42410100 -0.37188101
1.86708796 0.42042401 -0.37379801
1.85874605 0.41275501 -0.37188101
1.86003399 0.40691400 -0.37188101
1.86130297 0.40106800 -0.37188101
1.87222397 0.39692801 -0.37379801
1.86385405 0.38903999 -0.37188101
1.86513400 0.38285699 -0.37188101
1.85664201 0.37537700 -0.36996400
1.85781205 0.36954200 -0.36996400
1.85896397 0.36370301 -0.36996400
1.83118403 0.35229900 -0.36421299
1.82257795 0.34503901 -0.36229599
1.83336103 0.34078699 -0.36421299
1.82476795 0.33326200 -0.36229599
1.82580602 0.32752800 -0.36229599
1.83649099 0.32349300 -0.36421299
1.83749902 0.31772101 -0.36421299
1.82881200 0.31030601 -0.36229599
1.83945894 0.30616999 -0.36421299
1.82103896 0.29722801 -0.36037999
1.83165503 0.29305601 -0.36229599
1.82287002 0.28578001 -0.36037999
1.82375896 0.28005099 -0.36037999
1.83428705 0.27610001 -0.36229599
1.83514595 0.27033600 -0.36229599
1.83598602 0.26457000 -0.36229599
1.81741595 0.25574499 -0.35846299
1.82793295 0.25137001 -0.36037999
1.82871401 0.24562700 -0.36037999
1.80028200 0.23605300 -0.35462901
1.84969103 0.23662300 -0.36421299
1.84068704 0.22959600 -0.36229599
1.84139895 0.22381100 -0.36229599
1.85180104 0.21950300 -0.36421299
1.83301902 0.21111500 -0.36037999
1.84342599 0.20644800 -0.36229599
1.84406602 0.20065500 -0.36229599
1.84468699 0.19486000 -0.36229599
1.84528995 0.18906499 -0.36229599
1.83610797 0.18229701 -0.36037999
1.83667195 0.17652801 -0.36037999
1.83721805 0.17075700 -0.36037999
1.84751999 0.16586100 -0.36229599
1.83825397 0.15921099 -0.36037999
1.84852600 0.15425000 -0.36229599
1.83921802 0.14765701 -0.36037999
1.82988799 0.14112300 -0.35846299
1.84010994 0.13609700 -0.36037999
1.84052801 0.13031700 -0.36037999
1.85072100 0.12519599 -0.36229599
1.85110497 0.11938100 -0.36229599
1.85147095 0.11356500 -0.36229599
1.83222198 0.10660800 -0.35846299
1.85214806 0.10193000 -0.36229599
1.83285606 0.09509400 -0.35846299
1.83314598 0.08933500 -0.35846299
1.84322202 0.08402200 -0.36037999
1.81405902 0.07698300 -0.35462901
1.83390605 0.07205500 -0.35846299
1.82431602 0.06593800 -0.35654601
1.82451403 0.06020600 -0.35654601
1.85412395 0.05535300 -0.36229599
1.83466697 0.04900400 -0.35846299
1.84462404 0.04347200 -0.36037999
1.81531405 0.03707500 -0.35462901
1.77616894 0.03069300 -0.34696099
1.83513796 0.02594500 -0.35846299
1.83520997 0.02018000 -0.35846299
1.84507895 0.01449200 -0.36037999
1.83530104 0.00864900 -0.35846299
1.83531904 0.00288200 -0.35846299
1.84513402 -0.00289800 -0.36037999
1.83530104 -0.00864900 -0.35846299
1.84508204 -0.01416900 -0.36037999
1.84502399 -0.02028800 -0.36037999
1.83513296 -0.02626600 -0.35846299
1.83504200 -0.03203100 -0.35846299
1.83493900 -0.03747500 -0.35846299
1.82500005 -0.04300900 -0.35654601
1.83465898 -0.04932400 -0.35846299
1.83449399 -0.05508700 -0.35846299
1.83432305 -0.06053000 -0.35846299
1.83412397 -0.06629300 -0.35846299
1.82409894 -0.07166900 -0.35654601
1.81405902 -0.07698300 -0.35462901
1.82361305 -0.08312900 -0.35654601
1.84294903 -0.08981300 -0.36037999
1.81325305 -0.09407700 -0.35462901
1.85214806 -0.10193000 -0.36229599
1.81262600 -0.10546800 -0.35462901
1.83187902 -0.11236300 -0.35846299
1.84131098 -0.11875000 -0.36037999
1.84092903 -0.12453400 -0.36037999
1.82094800 -0.12893000 -0.35654601
1.83032203 -0.13537399 -0.35846299
1.82988799 -0.14112300 -0.35846299
1.81965196 -0.14608601 -0.35654601
1.81918395 -0.15180200 -0.35654601
1.83822596 -0.15953100 -0.36037999
1.84749103 -0.16618399 -0.36229599
1.82741594 -0.17016800 -0.35846299
1.81713295 -0.17465000 -0.35654601
1.75797606 -0.17454000 -0.34504399
1.83549404 -0.18838499 -0.36037999
1.82513297 -0.19311801 -0.35846299
1.83430898 -0.19959401 -0.36037999
1.82388401 -0.20458101 -0.35846299
1.82323205 -0.21031000 -0.35846299
1.83230805 -0.21719199 -0.36037999
1.83161700 -0.22294800 -0.36037999
1.82116902 -0.22748400 -0.35846299
1.83018005 -0.23445100 -0.36037999
1.82943499 -0.24020000 -0.36037999
1.82867098 -0.24594600 -0.36037999
1.82788897 -0.25169000 -0.36037999
1.82708895 -0.25743100 -0.36037999
1.83598602 -0.26457000 -0.36229599
1.82543600 -0.26890600 -0.36037999
1.83428705 -0.27610001 -0.36229599
1.82370996 -0.28037000 -0.36037999
1.81312501 -0.28457600 -0.35846299
1.82098699 -0.29754499 -0.36037999
1.81036198 -0.30165201 -0.35846299
1.82875705 -0.31062499 -0.36229599
1.81810200 -0.31469399 -0.36037999
1.81710398 -0.32040399 -0.36037999
1.82569098 -0.32816499 -0.36229599
1.82465100 -0.33389899 -0.36229599
1.80435503 -0.33572099 -0.35846299
1.81293499 -0.34321299 -0.36037999
1.82148504 -0.35076299 -0.36229599
1.82037401 -0.35648301 -0.36229599
1.83849597 -0.36603299 -0.36612999
1.82765305 -0.37018001 -0.36421299
1.81686795 -0.37394100 -0.36229599
1.81568396 -0.37964699 -0.36229599
1.80488205 -0.38330999 -0.36037999
1.78448105 -0.38484100 -0.35654601
1.82161295 -0.39884099 -0.36421299
1.82035100 -0.40456200 -0.36421299
1.82864499 -0.41243801 -0.36612999
1.81777298 -0.41599199 -0.36421299
1.81645703 -0.42170000 -0.36421299
1.81512403 -0.42740500 -0.36421299
1.81377196 -0.43310499 -0.36421299
1.82194102 -0.44111100 -0.36612999
1.82054698 -0.44683200 -0.36612999
1.80961001 -0.45017999 -0.36421299
1.81770301 -0.45826200 -0.36612999
1.80674505 -0.46154100 -0.36421299
1.81470597 -0.46999100 -0.36612999
1.80372703 -0.47319901 -0.36421299
1.80231500 -0.47854900 -0.36421299
1.81028104 -0.48675701 -0.36612999
1.79927301 -0.48986301 -0.36421299
1.80710006 -0.49843699 -0.36612999
1.81337702 -0.51244998 -0.36804700
1.84006703 -0.52624100 -0.37379801
1.83840406 -0.53201902 -0.37379801
1.81797898 -0.53195900 -0.36996400
1.82561505 -0.54077202 -0.37188101
1.80510402 -0.54087001 -0.36804700
1.82218099 -0.55223203 -0.37188101
1.80166996 -0.55220097 -0.36804700
1.80930102 -0.56076401 -0.36996400
1.81689596 -0.56938100 -0.37188101
1.82445395 -0.57805002 -0.37379801
1.78524196 -0.57180399 -0.36612999
1.80211103 -0.58345598 -0.36996400
1.81892502 -0.59521902 -0.37379801
1.77977395 -0.58860397 -0.36612999
1.74068201 -0.58174801 -0.35846299
1.78533900 -0.60291499 -0.36804700
1.79261804 -0.61200303 -0.36996400
1.79068601 -0.61763197 -0.36996400
1.78873706 -0.62325400 -0.36996400
1.78676999 -0.62887102 -0.36996400
1.79403305 -0.63776797 -0.37188101
1.79202104 -0.64340103 -0.37188101
1.78999102 -0.64902800 -0.37188101
1.77872705 -0.65127403 -0.36996400
1.78587794 -0.66026199 -0.37188101
1.78379405 -0.66586900 -0.37188101
1.79087806 -0.67493099 -0.37379801
1.78874898 -0.68055397 -0.37379801
1.79576397 -0.68968898 -0.37571499
1.78443694 -0.69177902 -0.37379801
1.79139495 -0.70095801 -0.37571499
1.79818797 -0.71050102 -0.37763199
1.78683102 -0.71251202 -0.37571499
1.78458405 -0.71812201 -0.37571499
1.79153895 -0.72710401 -0.37763199
1.78911805 -0.73304099 -0.37763199
1.78680694 -0.73865801 -0.37763199
1.78447700 -0.74426800 -0.37763199
1.79117596 -0.75367701 -0.37954900
1.77976596 -0.75546598 -0.37763199
1.76836097 -0.75718999 -0.37571499
1.78399396 -0.77052498 -0.37954900
1.78156400 -0.77612603 -0.37954900
1.77013195 -0.77777100 -0.37763199
1.77665305 -0.78730398 -0.37954900
1.78313100 -0.79688603 -0.38146600
1.78061903 -0.80248398 -0.38146600
1.78688204 -0.81244701 -0.38338199
1.85828996 0.75230801 -0.31888801
1.86064506 0.74646598 -0.31888801
1.84462595 0.73332000 -0.31574601
1.84692097 0.72752202 -0.31574601
1.83999801 0.71812499 -0.31417599
1.84224403 0.71234101 -0.31417599
1.84447300 0.70655000 -0.31417599
1.84668398 0.70075202 -0.31417599
1.83038700 0.68799698 -0.31103399
1.85105002 0.68913502 -0.31417599
1.85320604 0.68331599 -0.31417599
1.82751298 0.66732901 -0.30946299
1.82960105 0.66158402 -0.30946299
1.84096801 0.65916198 -0.31103399
1.83372104 0.65007597 -0.30946299
1.84507298 0.64758199 -0.31103399
1.83776999 0.63854098 -0.30946299
1.83042800 0.62955201 -0.30789199
1.83239698 0.62379903 -0.30789199
1.83434701 0.61803901 -0.30789199
1.83627999 0.61227298 -0.30789199
1.84757304 0.60959601 -0.30946299
1.83070302 0.59765798 -0.30632100
1.85126197 0.59829801 -0.30946299
1.84382904 0.58915001 -0.30789199
1.83625400 0.58037800 -0.30632100
1.83806801 0.57460701 -0.30632100
1.83042896 0.56591201 -0.30475000
1.84164202 0.56304699 -0.30632100
1.82449496 0.55154300 -0.30317900
1.83568096 0.54863602 -0.30475000
1.83739603 0.54286700 -0.30475000
1.83909202 0.53709102 -0.30475000
1.84067798 0.53163201 -0.30475000
1.83284199 0.52313697 -0.30317900
1.85357797 0.52241403 -0.30632100
1.83618200 0.51129001 -0.30317900
1.82825696 0.50289899 -0.30160901
1.83935797 0.49974301 -0.30317900
1.84091902 0.49396199 -0.30317900
1.83291602 0.48564601 -0.30160901
1.83443201 0.47988600 -0.30160901
1.83593094 0.47411999 -0.30160901
1.82784104 0.46591100 -0.30003801
1.83887398 0.46257600 -0.30160901
1.83065295 0.45473701 -0.30003801
1.84174395 0.45101199 -0.30160901
1.86235094 0.44986200 -0.30475000
1.88296902 0.44858700 -0.30789199
1.90359700 0.44718599 -0.31103399
1.89537203 0.43897501 -0.30946299
1.90637004 0.43521601 -0.31103399
1.89809203 0.42705700 -0.30946299
1.88006794 0.41714501 -0.30632100
1.91031396 0.41756400 -0.31103399
1.90196097 0.40948099 -0.30946299
1.90330899 0.40317199 -0.30946299
1.90456605 0.39719099 -0.30946299
1.90587294 0.39087299 -0.30946299
1.89734399 0.38326100 -0.30789199
1.86947894 0.37152299 -0.30317900
1.89002204 0.36943701 -0.30632100
1.88147497 0.36163399 -0.30475000
1.86313200 0.35237899 -0.30160901
1.83516097 0.34079000 -0.29689601
1.84593797 0.33679500 -0.29846701
1.84698701 0.33099499 -0.29846701
1.83829105 0.32347900 -0.29689601
1.84903002 0.31938300 -0.29846701
1.84028697 0.31192201 -0.29689601
1.83151603 0.30451900 -0.29532501
1.83246398 0.29876399 -0.29532501
1.83339298 0.29300600 -0.29532501
1.83430505 0.28724399 -0.29532501
1.83519804 0.28148001 -0.29532501
1.84579098 0.27750200 -0.29689601
1.84665406 0.27170199 -0.29689601
1.84749806 0.26589999 -0.29689601
1.83859003 0.25839701 -0.29532501
1.83939302 0.25261900 -0.29532501
1.83038902 0.24552700 -0.29375401
1.84094405 0.24105801 -0.29532501
1.85148799 0.23652500 -0.29689601
1.87182200 0.23314799 -0.30003801
1.84313405 0.22369599 -0.29532501
1.86340404 0.22054800 -0.29846701
1.88374805 0.21662501 -0.30160901
1.86478996 0.20851099 -0.29846701
1.87525403 0.20371801 -0.30003801
1.83659899 0.19368200 -0.29375401
1.89614606 0.19394100 -0.30317900
1.84760702 0.18311299 -0.29532501
1.89732695 0.18202400 -0.30317900
1.86838901 0.17332500 -0.29846701
1.88859701 0.16921701 -0.30160901
1.87927997 0.16243300 -0.30003801
1.88962305 0.15734801 -0.30160901
1.89010799 0.15141000 -0.30160901
1.87088096 0.14395601 -0.29846701
1.84177601 0.13589700 -0.29375401
1.83234298 0.12941600 -0.29218301
1.85244703 0.12498800 -0.29532501
1.84297502 0.11853300 -0.29375401
1.85319602 0.11334600 -0.29532501
1.84368396 0.10695200 -0.29375401
1.84401095 0.10116000 -0.29375401
1.84431899 0.09536600 -0.29375401
1.83474600 0.08909200 -0.29218301
1.83501601 0.08332800 -0.29218301
1.83526897 0.07756300 -0.29218301
1.83550406 0.07179700 -0.29218301
1.83571994 0.06603000 -0.29218301
1.84578896 0.06058600 -0.29375401
1.82622695 0.05420100 -0.29061201
1.83626103 0.04872600 -0.29218301
1.83640504 0.04295700 -0.29218301
1.83653104 0.03718700 -0.29218301
1.84651303 0.03158600 -0.29375401
1.85647798 0.02592300 -0.29532501
1.88617599 0.02041100 -0.30003801
1.87635601 0.01440900 -0.29846701
1.87639201 0.00851500 -0.29846701
1.86653304 0.00260600 -0.29689601
1.88628399 -0.00329200 -0.30003801
1.86651301 -0.00912200 -0.29689601
1.88622797 -0.01481500 -0.30003801
1.88616896 -0.02107000 -0.30003801
1.88608897 -0.02732400 -0.30003801
1.89586794 -0.03342300 -0.30160901
1.85626495 -0.03823500 -0.29532501
1.88575494 -0.04477000 -0.30003801
1.86585200 -0.05048800 -0.29689601
1.88542700 -0.05694600 -0.30003801
1.86550903 -0.06188500 -0.29689601
1.88504398 -0.06846300 -0.30003801
1.84534705 -0.07282600 -0.29375401
1.83524203 -0.07820300 -0.29218301
1.84485304 -0.08442000 -0.29375401
1.81498599 -0.08876800 -0.28904101
1.83442402 -0.09549600 -0.29218301
1.82425296 -0.10071400 -0.29061201
1.82392800 -0.10644500 -0.29061201
1.84329903 -0.11338700 -0.29375401
1.83307898 -0.11854000 -0.29218301
1.83269703 -0.12429800 -0.29218301
1.84214902 -0.13075399 -0.29375401
1.83187997 -0.13581100 -0.29218301
1.84129095 -0.14232600 -0.29375401
1.83099103 -0.14731801 -0.29218301
1.83051896 -0.15306900 -0.29218301
1.83984005 -0.15999401 -0.29375401
1.82949197 -0.16488700 -0.29218301
1.82896495 -0.17063400 -0.29218301
1.82845104 -0.17606001 -0.29218301
1.81806099 -0.18082599 -0.29061201
1.85674798 -0.19089399 -0.29689601
1.86596000 -0.19776700 -0.29846701
1.86536503 -0.20330200 -0.29846701
1.87449396 -0.21059000 -0.30003801
1.84439194 -0.21307699 -0.29532501
1.88294101 -0.22352700 -0.30160901
1.85282004 -0.22585700 -0.29689601
1.89129901 -0.23657900 -0.30317900
1.86116004 -0.23875000 -0.29846701
1.87019205 -0.24588300 -0.30003801
1.87919796 -0.25307599 -0.30160901
1.88817704 -0.26032701 -0.30317900
1.87757099 -0.26487800 -0.30160901
1.87672901 -0.27077499 -0.30160901
1.86609900 -0.27522901 -0.30003801
1.85546005 -0.27961800 -0.29846701
1.86433303 -0.28694800 -0.30003801
1.83415401 -0.28820500 -0.29532501
1.83324003 -0.29396600 -0.29532501
1.83230698 -0.29972300 -0.29532501
1.83135605 -0.30547801 -0.29532501
1.82065201 -0.30957499 -0.29375401
1.81966996 -0.31529301 -0.29375401
1.81867099 -0.32100800 -0.29375401
1.82731605 -0.32878599 -0.29532501
1.82627404 -0.33452499 -0.29532501
1.83498204 -0.34175000 -0.29689601
1.82419598 -0.34567499 -0.29532501
1.81340396 -0.34953499 -0.29375401
1.82198799 -0.35712999 -0.29532501
1.83054304 -0.36478201 -0.29689601
1.81964397 -0.36888799 -0.29532501
1.81847596 -0.37460300 -0.29532501
1.82695699 -0.38233700 -0.29689601
1.82574701 -0.38807401 -0.29689601
1.81486499 -0.39172500 -0.29532501
1.83291900 -0.40165201 -0.29846701
1.86056900 -0.41384101 -0.30317900
1.83035898 -0.41316101 -0.29846701
1.84830594 -0.42331800 -0.30160901
1.87582505 -0.43582800 -0.30632100
1.82638395 -0.43039301 -0.29846701
1.87304997 -0.44760600 -0.30632100
1.86203599 -0.45116201 -0.30475000
1.83183801 -0.44994199 -0.30003801
1.86874795 -0.46523800 -0.30632100
1.86727798 -0.47110701 -0.30632100
1.86578798 -0.47697100 -0.30632100
1.85463595 -0.48067799 -0.30475000
1.87222099 -0.49151701 -0.30789199
1.83257604 -0.48692599 -0.30160901
1.83103704 -0.49268100 -0.30160901
1.80089498 -0.49064299 -0.29689601
1.83733702 -0.50712198 -0.30317900
1.81671202 -0.50757700 -0.30003801
1.82461202 -0.51596898 -0.30160901
1.81348705 -0.51898199 -0.30003801
1.82133400 -0.52742302 -0.30160901
1.81028295 -0.53004998 -0.30003801
1.80851495 -0.53605002 -0.30003801
1.81628203 -0.54456502 -0.30160901
1.82401299 -0.55313498 -0.30317900
1.81282496 -0.55596602 -0.30160901
1.81106901 -0.56165898 -0.30160901
1.79987204 -0.56439102 -0.30003801
1.81691802 -0.57601202 -0.30317900
1.80569506 -0.57870299 -0.30160901
1.80386806 -0.58437198 -0.30160901
1.80202401 -0.59003699 -0.30160901
1.80953705 -0.59879798 -0.30317900
1.79828095 -0.60134703 -0.30160901
1.79638302 -0.60699397 -0.30160901
1.79436004 -0.61294800 -0.30160901
1.80176103 -0.62180299 -0.30317900
1.79047298 -0.62421000 -0.30160901
1.79781902 -0.63311201 -0.30317900
1.79582095 -0.63875699 -0.30317900
1.79380500 -0.64439499 -0.30317900
1.80105603 -0.65339601 -0.30475000
1.78972101 -0.65565300 -0.30317900
1.79691505 -0.66469902 -0.30475000
1.78556597 -0.66688502 -0.30317900
1.80194402 -0.67946100 -0.30632100
1.79980004 -0.68511802 -0.30632100
1.78841996 -0.68722701 -0.30475000
1.79545999 -0.69641298 -0.30632100
1.79326296 -0.70204997 -0.30632100
1.80010903 -0.71162403 -0.30789199
1.78869200 -0.71361601 -0.30632100
1.79560304 -0.72292000 -0.30789199
1.79345000 -0.72824401 -0.30789199
1.80930102 -0.74167901 -0.31103399
1.79783595 -0.74358499 -0.30946299
1.79549098 -0.74923003 -0.30946299
1.79312801 -0.75486702 -0.30946299
1.79983795 -0.76435697 -0.31103399
1.80650604 -0.77389598 -0.31260499
1.80406594 -0.77956802 -0.31260499
1.79255402 -0.78128499 -0.31103399
1.79009104 -0.78691298 -0.31103399
1.79663801 -0.79653603 -0.31260499
1.80314302 -0.80620700 -0.31417599
1.80960405 -0.81592703 -0.31574601
1.78890896 -0.81374502 -0.31260499
1.82167900 0.73711598 -0.24196000
1.82398605 0.73139000 -0.24196000
1.81705105 0.72198999 -0.24073800
1.81930995 0.71627897 -0.24073800
1.81230497 0.70695198 -0.23951600
1.81451702 0.70125598 -0.23951600
1.82597995 0.69910097 -0.24073800
1.82816696 0.69335997 -0.24073800
1.82104599 0.68412399 -0.23951600
1.82318604 0.67839903 -0.23951600
1.82530797 0.67266798 -0.23951600
1.80876505 0.66012502 -0.23707201
1.82016397 0.65781200 -0.23829401
1.82222199 0.65209103 -0.23829401
1.81490600 0.64304900 -0.23707201
1.81691802 0.63734400 -0.23707201
1.82828701 0.63488901 -0.23829401
1.81149995 0.62268901 -0.23585001
1.81344795 0.61699402 -0.23585001
1.80597103 0.60812801 -0.23462801
1.80787301 0.60245103 -0.23462801
1.81918204 0.59987700 -0.23585001
1.81162202 0.59107900 -0.23462801
1.81336796 0.58570200 -0.23462801
1.81529999 0.57968599 -0.23462801
1.81711197 0.57397902 -0.23462801
1.80943298 0.56530899 -0.23340601
1.81120002 0.55962098 -0.23340601
1.81294894 0.55392802 -0.23340601
1.80517900 0.54536003 -0.23218399
1.81639397 0.54252601 -0.23340601
1.81808901 0.53681803 -0.23340601
1.81023896 0.52832198 -0.23218399
1.81179905 0.52294898 -0.23218399
1.81343305 0.51725501 -0.23218399
1.81513798 0.51123798 -0.23218399
1.81673503 0.50553298 -0.23218399
1.81831503 0.49982300 -0.23218399
1.81029701 0.49150801 -0.23096199
1.82141900 0.48838899 -0.23218399
1.81334996 0.48012400 -0.23096199
1.81484902 0.47442400 -0.23096199
1.81633103 0.46871999 -0.23096199
1.80817604 0.46056199 -0.22973999
1.80961394 0.45488000 -0.22973999
1.81095600 0.44950801 -0.22973999
1.82207799 0.44585899 -0.23096199
1.81382096 0.43780401 -0.22973999
1.84415305 0.43899900 -0.23340601
1.85518599 0.43547201 -0.23462801
1.84687495 0.42740300 -0.23340601
1.85788500 0.42380601 -0.23462801
1.84952402 0.41578999 -0.23340601
1.86043894 0.41244999 -0.23462801
1.86172605 0.40660301 -0.23462801
1.86299396 0.40075201 -0.23462801
1.85460305 0.39251599 -0.23340601
1.86554301 0.38871399 -0.23462801
1.86682200 0.38252500 -0.23462801
1.85821998 0.37502101 -0.23340601
1.84965396 0.36724800 -0.23218399
1.85079801 0.36143500 -0.23218399
1.84217799 0.35374799 -0.23096199
1.80420899 0.34090900 -0.22607400
1.82484698 0.33854499 -0.22851799
1.81613803 0.33103001 -0.22729599
1.81716800 0.32532400 -0.22729599
1.80840600 0.31789500 -0.22607400
1.80939603 0.31221199 -0.22607400
1.81036794 0.30652499 -0.22607400
1.81132197 0.30083701 -0.22607400
1.81225801 0.29514500 -0.22607400
1.81317604 0.28945100 -0.22607400
1.80427098 0.28221899 -0.22485200
1.80514896 0.27654901 -0.22485200
1.80596101 0.27119201 -0.22485200
1.80680394 0.26551700 -0.22485200
1.80762994 0.25984001 -0.22485200
1.80848098 0.25384399 -0.22485200
1.79943705 0.24681200 -0.22363000
1.81004095 0.24247500 -0.22485200
1.81079304 0.23678800 -0.22485200
1.82137406 0.23235500 -0.22607400
1.87134099 0.23275600 -0.23218399
1.84250402 0.22329301 -0.22851799
1.86287105 0.22015500 -0.23096199
1.83401000 0.21058100 -0.22729599
1.85439003 0.20702100 -0.22973999
1.83529699 0.19905300 -0.22729599
1.85565400 0.19536400 -0.22973999
1.84638500 0.18852600 -0.22851799
1.83709097 0.18174700 -0.22729599
1.86729300 0.17881300 -0.23096199
1.84808004 0.17111599 -0.22851799
1.83872294 0.16442500 -0.22729599
1.82934201 0.15779500 -0.22607400
1.83972001 0.15286900 -0.22729599
1.84019101 0.14708801 -0.22729599
1.84064400 0.14130700 -0.22729599
1.81138396 0.13333701 -0.22363000
1.82169402 0.12834400 -0.22485200
1.80228305 0.12128700 -0.22240800
1.80265498 0.11562400 -0.22240800
1.80300999 0.10996100 -0.22240800
1.80334604 0.10429600 -0.22240800
1.80366504 0.09863100 -0.22240800
1.81387806 0.09347400 -0.22363000
1.80424905 0.08729500 -0.22240800
1.81442904 0.08207500 -0.22363000
1.80476201 0.07595800 -0.22240800
1.80499101 0.07028800 -0.22240800
1.80520296 0.06461600 -0.22240800
1.80539799 0.05894400 -0.22240800
1.80557406 0.05327300 -0.22240800
1.80573201 0.04760000 -0.22240800
1.81579494 0.04215700 -0.22363000
1.80599594 0.03625400 -0.22240800
1.80610096 0.03057900 -0.22240800
1.79626405 0.02476900 -0.22118600
1.80625701 0.01923100 -0.22240800
1.83608305 0.01378000 -0.22607400
1.83611703 0.00801200 -0.22607400
1.83613300 0.00224300 -0.22607400
1.83613098 -0.00352500 -0.22607400
1.84603596 -0.00934400 -0.22729599
1.83607304 -0.01506200 -0.22607400
1.84593701 -0.02126500 -0.22729599
1.84586096 -0.02706400 -0.22729599
1.83584404 -0.03268600 -0.22607400
1.84566200 -0.03833900 -0.22729599
1.84553194 -0.04413700 -0.22729599
1.84537601 -0.05025700 -0.22729599
1.82536805 -0.05545100 -0.22485200
1.84503400 -0.06152800 -0.22729599
1.83491302 -0.06696300 -0.22607400
1.83469403 -0.07272700 -0.22607400
1.80470800 -0.07721700 -0.22240800
1.79454195 -0.08243100 -0.22118600
1.80418801 -0.08855500 -0.22240800
1.79398894 -0.09370500 -0.22118600
1.80359602 -0.09988900 -0.22240800
1.79336500 -0.10497500 -0.22118600
1.79302597 -0.11060900 -0.22118600
1.79267001 -0.11624100 -0.22118600
1.80219805 -0.12254600 -0.22240800
1.79190397 -0.12750199 -0.22118600
1.79149497 -0.13313100 -0.22118600
1.80096304 -0.13952500 -0.22240800
1.80051601 -0.14518200 -0.22240800
1.80005097 -0.15083800 -0.22240800
1.79954100 -0.15680601 -0.22240800
1.79903901 -0.16245900 -0.22240800
1.80840194 -0.16903400 -0.22363000
1.79801297 -0.17344600 -0.22240800
1.80733502 -0.18007700 -0.22363000
1.78698301 -0.18403600 -0.22118600
1.79626501 -0.19069700 -0.22240800
1.80555797 -0.19710299 -0.22363000
1.79503202 -0.20197999 -0.22240800
1.80424798 -0.20875899 -0.22363000
1.80358303 -0.21442600 -0.22363000
1.80289996 -0.22009100 -0.22363000
1.79235196 -0.22452000 -0.22240800
1.80148196 -0.23141401 -0.22363000
1.80074596 -0.23707300 -0.22363000
1.79015601 -0.24140200 -0.22240800
1.79922104 -0.24838200 -0.22363000
1.79843199 -0.25403401 -0.22363000
1.78780198 -0.25826299 -0.22240800
1.79680002 -0.26532799 -0.22363000
1.80577195 -0.27245301 -0.22485200
1.79509699 -0.27661300 -0.22363000
1.79421997 -0.28225100 -0.22363000
1.80312395 -0.28945899 -0.22485200
1.79241097 -0.29351899 -0.22363000
1.80126905 -0.30078301 -0.22485200
1.80031502 -0.30644000 -0.22485200
1.79934394 -0.31209400 -0.22485200
1.78858101 -0.31601900 -0.22363000
1.79729104 -0.32370800 -0.22485200
1.79626501 -0.32935199 -0.22485200
1.78552306 -0.33286199 -0.22363000
1.79421997 -0.34031901 -0.22485200
1.79314196 -0.34595400 -0.22485200
1.79204595 -0.35158500 -0.22485200
1.79093301 -0.35721400 -0.22485200
1.78973806 -0.36315101 -0.22485200
1.78858900 -0.36877099 -0.22485200
1.78742099 -0.37438899 -0.22485200
1.78623605 -0.38000199 -0.22485200
1.77533197 -0.38351601 -0.22363000
1.78381300 -0.39121801 -0.22485200
1.78257501 -0.39682001 -0.22485200
1.80068195 -0.40679201 -0.22729599
1.80906999 -0.41466501 -0.22851799
1.78842402 -0.41585001 -0.22607400
1.79676902 -0.42374501 -0.22729599
1.81473398 -0.43400499 -0.22973999
1.80371594 -0.43736500 -0.22851799
1.82160902 -0.44776699 -0.23096199
1.81056297 -0.45108801 -0.22973999
1.80913699 -0.45677400 -0.22973999
1.80769300 -0.46245599 -0.22973999
1.80614996 -0.46844801 -0.22973999
1.80466902 -0.47411901 -0.22973999
1.81284595 -0.48202199 -0.23096199
1.81132305 -0.48771501 -0.23096199
1.80978203 -0.49340299 -0.23096199
1.78900194 -0.49411699 -0.22851799
1.78744102 -0.49973500 -0.22851799
1.77631199 -0.50264603 -0.22729599
1.77472401 -0.50822401 -0.22729599
1.78265202 -0.51655900 -0.22851799
1.78111100 -0.52184600 -0.22851799
1.76985502 -0.52492702 -0.22729599
1.77770400 -0.53333700 -0.22851799
1.78551698 -0.54180098 -0.22973999
1.77431798 -0.54449600 -0.22851799
1.77259898 -0.55006701 -0.22851799
1.78033197 -0.55860502 -0.22973999
1.77856803 -0.56419498 -0.22973999
1.77678704 -0.56977999 -0.22973999
1.78442895 -0.57841903 -0.23096199
1.78260303 -0.58402199 -0.23096199
1.77133799 -0.58649999 -0.22973999
1.77889895 -0.59521103 -0.23096199
1.76761794 -0.59761798 -0.22973999
1.77501798 -0.60668600 -0.23096199
1.77310300 -0.61225998 -0.23096199
1.77117097 -0.61782700 -0.23096199
1.76922095 -0.62338799 -0.23096199
1.76725399 -0.62894303 -0.23096199
1.76526999 -0.63449198 -0.23096199
1.77259696 -0.64342099 -0.23218399
1.77988601 -0.65240300 -0.23340601
1.76851904 -0.65454602 -0.23218399
1.76645398 -0.66009903 -0.23218399
1.76437199 -0.66564500 -0.23218399
1.77154696 -0.67471701 -0.23340601
1.76941800 -0.68027902 -0.23340601
1.76727295 -0.68583500 -0.23340601
1.76510894 -0.69138300 -0.23340601
1.76280701 -0.69723302 -0.23340601
1.76982605 -0.70644701 -0.23462801
1.76759696 -0.71200299 -0.23462801
1.78386700 -0.72471601 -0.23707201
1.77227199 -0.72686201 -0.23585001
1.77915001 -0.73622102 -0.23707201
1.77682900 -0.74180597 -0.23707201
1.77448905 -0.74738503 -0.23707201
1.77213299 -0.75295597 -0.23707201
1.77888095 -0.76242900 -0.23829401
1.77647698 -0.76801401 -0.23829401
1.77405500 -0.77359098 -0.23829401
1.78070199 -0.78315699 -0.23951600
1.76916003 -0.78472298 -0.23829401
1.77574599 -0.79432899 -0.23951600
1.76419401 -0.79582298 -0.23829401
1.77961302 -0.80989099 -0.24073800
1.80072498 0.72827202 -0.17178100
1.83074296 0.73372799 -0.17442399
1.82378101 0.72429597 -0.17354301
1.82604694 0.71856302 -0.17354301
1.82829595 0.71282202 -0.17354301
1.82123399 0.70348603 -0.17266200
1.82343495 0.69776201 -0.17266200
1.81630397 0.68849802 -0.17178100
1.83710897 0.68979198 -0.17354301
1.82059395 0.67707300 -0.17178100
1.81336498 0.66790700 -0.17090000
1.82481205 0.66562098 -0.17178100
1.82689500 0.65988398 -0.17178100
1.81019998 0.64743203 -0.17001900
1.82161498 0.64506799 -0.17090000
1.82363200 0.63934201 -0.17090000
1.82563198 0.63361001 -0.17090000
1.81819296 0.62463403 -0.17001900
1.82014596 0.61891901 -0.17001900
1.82208097 0.61319900 -0.17001900
1.83344996 0.61061800 -0.17090000
1.82589805 0.60173798 -0.17001900
1.82778001 0.59599799 -0.17001900
1.82016301 0.58719498 -0.16913800
1.81250894 0.57844597 -0.16825700
1.81431794 0.57274801 -0.16825700
1.82561600 0.57001501 -0.16913800
1.81788099 0.56133699 -0.16825700
1.81963503 0.55562401 -0.16825700
1.82137096 0.54990500 -0.16825700
1.82308996 0.54417998 -0.16825700
1.81523705 0.53563100 -0.16737600
1.81691098 0.52992499 -0.16737600
1.81847501 0.52453202 -0.16737600
1.82969296 0.52154797 -0.16825700
1.82182395 0.51277798 -0.16737600
1.82342601 0.50705099 -0.16737600
1.82500994 0.50132102 -0.16737600
1.81696296 0.49297699 -0.16649500
1.81850195 0.48726699 -0.16649500
1.82002401 0.48155099 -0.16649500
1.83116603 0.47834799 -0.16737600
1.82301402 0.47010601 -0.16649500
1.81482804 0.46191901 -0.16561501
1.81627095 0.45621601 -0.16561501
1.81769502 0.45050699 -0.16561501
1.81910098 0.44479400 -0.16561501
1.82049000 0.43907699 -0.16561501
1.82185996 0.43335599 -0.16561501
1.81351399 0.42535600 -0.16473401
1.81484199 0.41965601 -0.16473401
1.81615102 0.41395199 -0.16473401
1.81744301 0.40824500 -0.16473401
1.82837200 0.40500501 -0.16561501
1.81990302 0.39713600 -0.16473401
1.83094895 0.39319000 -0.16561501
1.83217502 0.38743499 -0.16561501
1.82369697 0.37933001 -0.16473401
1.81512105 0.37160099 -0.16385300
1.82597995 0.36818299 -0.16473401
1.81735694 0.36050600 -0.16385300
1.82825804 0.35670200 -0.16473401
1.80980396 0.34720400 -0.16297200
1.81088603 0.34151599 -0.16297200
1.82174397 0.33763999 -0.16385300
1.81299603 0.33013099 -0.16297200
1.81402397 0.32443401 -0.16297200
1.80522299 0.31701100 -0.16209100
1.80621004 0.31133699 -0.16209100
1.80717897 0.30566099 -0.16209100
1.79830396 0.29835200 -0.16121000
1.81889606 0.29589999 -0.16297200
1.80998003 0.28861600 -0.16209100
1.81087804 0.28292799 -0.16209100
1.82160401 0.27874401 -0.16297200
1.80272102 0.27038300 -0.16121000
1.81341696 0.26616600 -0.16209100
1.81429005 0.26015100 -0.16209100
1.82496297 0.25583199 -0.16297200
1.83562696 0.25144899 -0.16385300
1.80678797 0.24171899 -0.16121000
1.83717000 0.23991100 -0.16385300
1.81815195 0.23162100 -0.16209100
1.81887102 0.22590800 -0.16209100
1.82946098 0.22138900 -0.16297200
1.83014703 0.21563999 -0.16297200
1.83081603 0.20988999 -0.16297200
1.82156599 0.20303300 -0.16209100
1.81229198 0.19623800 -0.16121000
1.82280600 0.19158401 -0.16209100
1.81348896 0.18484700 -0.16121000
1.82397401 0.18012799 -0.16209100
1.81461501 0.17344899 -0.16121000
1.81515098 0.16774701 -0.16121000
1.83551204 0.16381501 -0.16297200
1.80624402 0.15548600 -0.16032900
1.81665099 0.15063301 -0.16121000
1.80718601 0.14413300 -0.16032900
1.81756198 0.13921601 -0.16121000
1.81798995 0.13350400 -0.16121000
1.81840003 0.12779300 -0.16121000
1.82873201 0.12274700 -0.16209100
1.81916702 0.11636500 -0.16121000
1.82946706 0.11125400 -0.16209100
1.83975196 0.10608000 -0.16297200
1.80029094 0.09813100 -0.15944800
1.84038198 0.09451800 -0.16297200
1.81082106 0.08729600 -0.16032900
1.88074398 0.08474600 -0.16649500
1.84119105 0.07716900 -0.16297200
1.88123906 0.07292700 -0.16649500
1.88145900 0.06701700 -0.16649500
1.91152799 0.06207600 -0.16913800
1.88184297 0.05519400 -0.16649500
1.86209202 0.04876100 -0.16473401
1.84231901 0.04245100 -0.16297200
1.83248401 0.03646500 -0.16209100
1.81266999 0.03037400 -0.16032900
1.83267701 0.02495100 -0.16209100
1.81282496 0.01898500 -0.16032900
1.81287599 0.01328900 -0.16032900
1.80294704 0.00755200 -0.15944800
1.80296195 0.00188800 -0.15944800
1.82288098 -0.00381800 -0.16121000
1.84260499 -0.02733800 -0.16297200
1.81263101 -0.03258900 -0.16032900
1.84240305 -0.03859300 -0.16297200
1.91198099 -0.04606000 -0.16913800
1.93173206 -0.05294600 -0.17090000
