1.64484000 0.59315199 -0.46772999
1.61940205 0.57823598 -0.45997801
1.60299504 0.56670600 -0.45480901
1.61388505 0.56485802 -0.45739400
1.60652399 0.55662298 -0.45480901
1.59912705 0.54843903 -0.45222500
1.60999000 0.54651701 -0.45480901
1.61169899 0.54145801 -0.45480901
1.62255895 0.53943902 -0.45739400
1.62424505 0.53433901 -0.45739400
1.62582397 0.52951699 -0.45739400
1.61837494 0.52116197 -0.45480901
1.63841403 0.52193999 -0.45997801
1.64004505 0.51678997 -0.45997801
1.64166105 0.51163399 -0.45997801
1.64326000 0.50647497 -0.45997801
1.64484298 0.50130999 -0.45997801
1.64640999 0.49614000 -0.45997801
1.64795995 0.49096501 -0.45997801
1.65876198 0.48851401 -0.46256199
1.66956306 0.48600101 -0.46514601
1.66179800 0.47808301 -0.46256199
1.66329205 0.47286001 -0.46256199
1.67407000 0.47024399 -0.46514601
1.67553902 0.46498200 -0.46514601
1.66767502 0.45716301 -0.46256199
1.67842698 0.45444599 -0.46514601
1.67984605 0.44917101 -0.46514601
1.68124902 0.44389099 -0.46514601
1.68263602 0.43860701 -0.46514601
1.69336104 0.43572599 -0.46772999
1.69472098 0.43040499 -0.46772999
1.69606495 0.42507899 -0.46772999
1.69739199 0.41974801 -0.46772999
1.69870305 0.41441301 -0.46772999
1.70938802 0.41133401 -0.47031400
1.71067202 0.40596199 -0.47031400
1.72134495 0.40278700 -0.47289801
1.71318901 0.39520600 -0.47031400
1.72384202 0.39196301 -0.47289801
1.72506499 0.38654700 -0.47289801
1.72627103 0.38112500 -0.47289801
1.73689902 0.37775201 -0.47548300
1.73807704 0.37229401 -0.47548300
1.74869096 0.36882499 -0.47806701
1.74984097 0.36333099 -0.47806701
1.74150896 0.35589701 -0.47548300
1.75208902 0.35232800 -0.47806701
1.75318694 0.34682199 -0.47806701
1.74478602 0.33946800 -0.47548300
1.76481998 0.33761600 -0.48065099
1.76587200 0.33206901 -0.48065099
1.76690698 0.32652000 -0.48065099
1.77742898 0.32269299 -0.48323500
1.81647503 0.32389101 -0.49357200
1.83651495 0.32151499 -0.49873999
1.83751595 0.31574300 -0.49873999
1.82897305 0.30836201 -0.49615601
1.83946300 0.30419099 -0.49873999
1.84994602 0.29995701 -0.50132400
1.84133804 0.29262799 -0.49873999
1.85179400 0.28832799 -0.50132400
1.86224103 0.28396499 -0.50390798
1.85356903 0.27668700 -0.50132400
1.87354696 0.27365500 -0.50649202
1.86483395 0.26640099 -0.50390798
1.86566198 0.26054201 -0.50390798
1.87604296 0.25598499 -0.50649202
1.82895899 0.24371000 -0.49357200
1.83929598 0.23920900 -0.49615601
1.83045495 0.23221400 -0.49357200
1.85035002 0.22883400 -0.49873999
1.85105896 0.22301900 -0.49873999
1.84215605 0.21607800 -0.49615601
1.85242403 0.21138500 -0.49873999
1.86267996 0.20662899 -0.50132400
1.86331999 0.20077600 -0.50132400
1.86394203 0.19492100 -0.50132400
1.87415600 0.19003899 -0.50390798
1.87474406 0.18415099 -0.50390798
1.88493001 0.17917401 -0.50649202
1.88548398 0.17325200 -0.50649202
1.88601899 0.16732700 -0.50649202
1.87690997 0.16057900 -0.50390798
1.90628803 0.15706100 -0.51166099
1.93566298 0.15335900 -0.51941299
1.94576800 0.14801100 -0.52199697
1.94622302 0.14189801 -0.52199697
1.96593297 0.13712600 -0.52716500
1.95671499 0.13030800 -0.52458102
1.96675599 0.12477100 -0.52716500
1.98642397 0.11975500 -0.53233403
1.97714603 0.11296300 -0.52974999
1.96784401 0.10623000 -0.52716500
1.97781599 0.10053800 -0.52974999
1.98777199 0.09478400 -0.53233403
1.97840905 0.08810900 -0.52974999
1.95937204 0.08109500 -0.52458102
1.94996405 0.07456900 -0.52199697
1.95984304 0.06878200 -0.52458102
1.96004903 0.06262400 -0.52458102
1.96023595 0.05646600 -0.52458102
1.97006094 0.05055600 -0.52716500
1.96055198 0.04414900 -0.52458102
1.97034001 0.03817700 -0.52716500
1.96079099 0.03182900 -0.52458102
1.98020005 0.02592200 -0.52974999
1.98993194 0.01979800 -0.53233403
2.01896501 0.01374300 -0.54008597
2.01899791 0.00740000 -0.54008597
2.04799199 0.00107200 -0.54783899
1.99968398 -0.00523500 -0.53491801
2.02863789 -0.01168400 -0.54267001
2.01892805 -0.01832400 -0.54008597
2.02852011 -0.02478400 -0.54267001
2.03809190 -0.03130500 -0.54525399
2.03798294 -0.03770800 -0.54525399
2.03785491 -0.04411000 -0.54525399
2.04736304 -0.05075200 -0.54783899
2.05684996 -0.05745300 -0.55042303
2.05665994 -0.06391500 -0.55042303
2.04679394 -0.07004500 -0.54783899
2.05621696 -0.07683600 -0.55042303
2.05596590 -0.08329500 -0.55042303
2.07499599 -0.09059600 -0.55559099
2.07470202 -0.09711500 -0.55559099
2.11297989 -0.10556000 -0.56592798
2.14157796 -0.11373500 -0.57367998
2.12192011 -0.11937700 -0.56851202
2.13117790 -0.12661500 -0.57109600
2.15969396 -0.13512000 -0.57884800
2.14961910 -0.14127000 -0.57626402
2.15880203 -0.14868701 -0.57884800
2.15832400 -0.15546800 -0.57884800
2.16745901 -0.16297200 -0.58143198
2.14767408 -0.16827101 -0.57626402
2.13750601 -0.17423300 -0.57367998
2.13694906 -0.18094701 -0.57367998
2.14599299 -0.18850499 -0.57626402
2.14539003 -0.19524600 -0.57626402
2.16400194 -0.20379600 -0.58143198
2.15373611 -0.20965800 -0.57884800
2.16267800 -0.21738900 -0.58143198
2.17159390 -0.22517900 -0.58401698
2.18048096 -0.23302600 -0.58660102
2.17973804 -0.23987500 -0.58660102
2.17897391 -0.24672200 -0.58660102
2.16859293 -0.25244901 -0.58401698
2.21574903 -0.26499599 -0.59693700
2.23408198 -0.27431101 -0.60210598
2.23320889 -0.28132799 -0.60210598
2.25147605 -0.29081699 -0.60727400
2.26970506 -0.30042401 -0.61244202
2.25912309 -0.30665001 -0.60985798
2.26771688 -0.31507501 -0.61244202
2.27627993 -0.32355699 -0.61502600
2.28481293 -0.33209601 -0.61760998
2.23598099 -0.33217499 -0.60469002
2.25402808 -0.34209701 -0.60985798
2.25294209 -0.34917700 -0.60985798
2.27091694 -0.35927200 -0.61502600
2.26977801 -0.36640400 -0.61502600
2.27814698 -0.37510300 -0.61760998
2.27695799 -0.38225800 -0.61760998
2.28526711 -0.39103800 -0.62019497
2.29354405 -0.39987499 -0.62277901
2.30178809 -0.40876800 -0.62536299
2.30049300 -0.41599700 -0.62536299
2.30860090 -0.42537400 -0.62794697
2.34523296 -0.43974599 -0.63828403
2.37238598 -0.45212799 -0.64603603
2.38043809 -0.46141699 -0.64862001
2.39793301 -0.47262901 -0.65378898
2.37740898 -0.47677901 -0.64862001
2.39483094 -0.48810399 -0.65378898
2.38382602 -0.49366701 -0.65120399
2.37280989 -0.49916399 -0.64862001
2.36178303 -0.50459802 -0.64603603
2.36962700 -0.51406300 -0.64862001
2.38686800 -0.52566099 -0.65378898
2.39463305 -0.53526402 -0.65637302
2.39294004 -0.54278398 -0.65637302
2.40063691 -0.55246598 -0.65895700
2.41770411 -0.56439698 -0.66412503
2.41591907 -0.57199001 -0.66412503
2.41410995 -0.57957703 -0.66412503
2.42166400 -0.58944303 -0.66670901
2.43855810 -0.60167599 -0.67187798
2.44602799 -0.61167699 -0.67446202
2.44409394 -0.61935902 -0.67446202
2.45149302 -0.62943602 -0.67704600
2.45885301 -0.63956702 -0.67962998
2.46605897 -0.65017998 -0.68221402
2.46400499 -0.65792400 -0.68221402
1.63161302 0.58806002 -0.40052801
1.61510003 0.57638103 -0.39602801
1.60771501 0.56805998 -0.39377701
1.61868894 0.56622303 -0.39602801
1.62046003 0.56113499 -0.39602801
1.62221503 0.55604100 -0.39602801
1.62395406 0.55094099 -0.39602801
1.63491297 0.54893899 -0.39827800
1.62738299 0.54072702 -0.39602801
1.64758599 0.54169798 -0.40052801
1.63992095 0.53379202 -0.39827800
1.64168203 0.52835101 -0.39827800
1.64333403 0.52319098 -0.39827800
1.65426302 0.52095199 -0.40052801
1.65589201 0.51575202 -0.40052801
1.65750396 0.51054800 -0.40052801
1.67774105 0.51101601 -0.40502799
1.67000794 0.50293398 -0.40277800
1.66224205 0.49490401 -0.40052801
1.67313600 0.49243000 -0.40277800
1.67467403 0.48717201 -0.40277800
1.67619598 0.48190799 -0.40277800
1.67770195 0.47663999 -0.40277800
1.68857205 0.47400001 -0.40502799
1.69005299 0.46869299 -0.40502799
1.68211997 0.46080700 -0.40277800
1.69296396 0.45806500 -0.40502799
1.69439495 0.45274499 -0.40502799
1.69580901 0.44741899 -0.40502799
1.70663500 0.44454500 -0.40727800
1.70802295 0.43918100 -0.40727800
1.70939505 0.43381399 -0.40727800
1.71074903 0.42844099 -0.40727800
1.72154605 0.42540199 -0.40952900
1.71340704 0.41768301 -0.40727800
1.71471095 0.41229901 -0.40727800
1.72547805 0.40915799 -0.40952900
1.77419400 0.41482601 -0.42077899
1.77548802 0.40925100 -0.42077899
1.76726401 0.40151200 -0.41852900
1.77802396 0.39808801 -0.42077899
1.78878105 0.39459899 -0.42302901
1.79001200 0.38897601 -0.42302901
1.79122496 0.38335100 -0.42302901
1.79242098 0.37772200 -0.42302901
1.80313897 0.37406901 -0.42528000
1.79475904 0.36645299 -0.42302901
1.80545402 0.36273101 -0.42528000
1.80658400 0.35705799 -0.42528000
1.81726205 0.35324001 -0.42752999
1.81836200 0.34753001 -0.42752999
1.80029297 0.33821699 -0.42302901
1.78218400 0.32902101 -0.41852900
1.79279602 0.32516000 -0.42077899
1.78421605 0.31781799 -0.41852900
1.79480302 0.31389001 -0.42077899
1.79577994 0.30824900 -0.42077899
1.79674006 0.30260500 -0.42077899
1.79768205 0.29696000 -0.42077899
1.81784201 0.29442599 -0.42528000
1.81875801 0.28871399 -0.42528000
1.83891201 0.28599301 -0.42978001
1.84943402 0.28168100 -0.43202999
1.85994697 0.27730700 -0.43428001
1.87045002 0.27286899 -0.43652999
1.88094401 0.26836801 -0.43878099
1.88177800 0.26245701 -0.43878099
1.86328399 0.25391299 -0.43428001
1.85441399 0.24677300 -0.43202999
1.85518098 0.24094599 -0.43202999
1.85592794 0.23511600 -0.43202999
1.86632800 0.23047900 -0.43428001
1.85736895 0.22345001 -0.43202999
1.86773896 0.21874800 -0.43428001
1.88777900 0.21508600 -0.43878099
1.87876105 0.20808101 -0.43652999
1.86971796 0.20113599 -0.43428001
1.88003099 0.19627200 -0.43652999
1.89033306 0.19134600 -0.43878099
1.90062201 0.18635800 -0.44103101
1.90119803 0.18038499 -0.44103101
1.89205205 0.17352200 -0.43878099
1.89258802 0.16757700 -0.43878099
1.90281296 0.16245900 -0.44103101
1.93244696 0.15887600 -0.44778100
1.95236301 0.15434000 -0.45228201
1.96255398 0.14894301 -0.45453200
1.96301198 0.14277700 -0.45453200
1.97317100 0.13728499 -0.45678201
1.97359204 0.13108601 -0.45678201
1.99344301 0.12611499 -0.46128201
1.99382901 0.11985200 -0.46128201
2.00392294 0.11414200 -0.46353200
1.99454296 0.10732200 -0.46128201
1.99486995 0.10105600 -0.46128201
1.99517798 0.09478800 -0.46128201
1.99546599 0.08852000 -0.46128201
1.93732202 0.07984300 -0.44778100
1.96677303 0.07486800 -0.45453200
1.96699798 0.06868900 -0.45453200
1.98668206 0.06312800 -0.45903200
1.97713101 0.05660800 -0.45678201
1.97729897 0.05039600 -0.45678201
1.97744703 0.04418400 -0.45678201
1.98731804 0.03815900 -0.45903200
1.98742795 0.03191500 -0.45903200
1.99726105 0.02579700 -0.46128201
2.00707603 0.01961800 -0.46353200
2.01687098 0.01337600 -0.46578199
2.01690292 0.00704100 -0.46578199
2.01691508 0.00070400 -0.46578199
2.01690698 -0.00563200 -0.46578199
2.05585289 -0.01220000 -0.47478300
2.07528806 -0.01919700 -0.47928300
2.09470201 -0.02595900 -0.48378399
2.09461093 -0.03253900 -0.48378399
2.09449792 -0.03911900 -0.48378399
2.10410595 -0.04591200 -0.48603401
2.09421110 -0.05227900 -0.48378399
2.11351609 -0.05940500 -0.48828399
2.11331892 -0.06604500 -0.48828399
2.11310101 -0.07268300 -0.48828399
2.12259889 -0.07968700 -0.49053401
2.05418897 -0.08358200 -0.47478300
2.08311892 -0.09131500 -0.48153400
2.10228801 -0.09877400 -0.48603401
2.09223604 -0.10489000 -0.48378399
2.09189606 -0.11146200 -0.48378399
2.10126400 -0.11858300 -0.48603401
2.11060691 -0.12576300 -0.48828399
2.11992598 -0.13300300 -0.49053401
2.10977507 -0.13902199 -0.48828399
2.11904907 -0.14632000 -0.49053401
2.11857796 -0.15297700 -0.49053401
2.12780309 -0.16036400 -0.49278399
2.14671612 -0.16857301 -0.49728501
2.16559911 -0.17690299 -0.50178498
2.20386696 -0.18700100 -0.51078600
2.21297407 -0.19477800 -0.51303601
2.22205496 -0.20261399 -0.51528603
2.22140694 -0.20959400 -0.51528603
2.21104002 -0.21562600 -0.51303601
2.22974110 -0.22452299 -0.51753598
2.22902489 -0.23152700 -0.51753598
2.23797488 -0.23956600 -0.51978600
2.22752595 -0.24552800 -0.51753598
2.17833591 -0.24703500 -0.50628501
2.20658302 -0.25726199 -0.51303601
2.21543908 -0.26535201 -0.51528603
2.21459389 -0.27230999 -0.51528603
2.22339511 -0.28048599 -0.51753598
2.21284008 -0.28622001 -0.51528603
2.22158790 -0.29445001 -0.51753598
2.22059989 -0.30181599 -0.51753598
2.23894191 -0.31147501 -0.52203602
2.23795199 -0.31850800 -0.52203602
2.26586699 -0.32974601 -0.52878702
2.28409505 -0.33972999 -0.53328699
2.29264903 -0.34836799 -0.53553700
2.32042789 -0.36005101 -0.54228801
2.33853292 -0.37038699 -0.54678798
2.32773900 -0.37617800 -0.54453802
2.32654500 -0.38348901 -0.54453802
2.28689408 -0.38433599 -0.53553700
2.30488300 -0.39480901 -0.54003799
2.30363107 -0.40204799 -0.54003799
2.30235696 -0.40928301 -0.54003799
2.32982302 -0.42172101 -0.54678798
2.33799410 -0.43121099 -0.54903799
2.38450909 -0.44754100 -0.56028903
2.37360001 -0.45278800 -0.55803901
2.38173103 -0.46209899 -0.56028903
2.38982701 -0.47146499 -0.56253898
2.39780307 -0.48130500 -0.56478900
2.40582609 -0.49078301 -0.56703901
2.41381311 -0.50031602 -0.56928998
2.32641912 -0.48982900 -0.54903799
2.37250900 -0.50732303 -0.56028903
2.39946890 -0.52097601 -0.56703901
2.39782000 -0.52851099 -0.56703901
2.40565705 -0.53816903 -0.56928998
2.39445210 -0.54356700 -0.56703901
2.43071198 -0.55983400 -0.57604003
2.41945410 -0.56525099 -0.57379001
2.42714691 -0.57509500 -0.57604003
2.43480206 -0.58499402 -0.57828999
2.44241905 -0.59494603 -0.58054000
2.44999695 -0.60495198 -0.58279097
2.45753694 -0.61501098 -0.58504099
2.45559311 -0.62272900 -0.58504099
2.47249794 -0.63529003 -0.58954102
2.47048998 -0.64305401 -0.58954102
2.48718596 -0.65621400 -0.59404099
2.51335311 -0.67157102 -0.60079199
1.62697005 0.58029699 -0.33737701
1.62878501 0.57518399 -0.33737701
1.63058400 0.57006401 -0.33737701
1.64164197 0.56814802 -0.33929399
1.64341795 0.56298798 -0.33929399
1.64517903 0.55782300 -0.33929399
1.65622795 0.55577397 -0.34121001
1.65796602 0.55056798 -0.34121001
1.65968704 0.54535598 -0.34121001
1.66129804 0.54043001 -0.34121001
1.65373802 0.53191298 -0.33929399
1.66475296 0.52969098 -0.34121001
1.66640902 0.52445799 -0.34121001
1.67742002 0.52213597 -0.34312701
1.66967201 0.51397699 -0.34121001
1.68066704 0.51158702 -0.34312701
1.67286801 0.50347698 -0.34121001
1.68384802 0.50101697 -0.34312701
1.68541396 0.49572399 -0.34312701
1.70581198 0.49590701 -0.34696099
1.69792795 0.48783600 -0.34504399
1.69945300 0.48249900 -0.34504399
1.70096004 0.47715801 -0.34504399
1.71190906 0.47443199 -0.34696099
1.71339095 0.46905199 -0.34696099
1.71485603 0.46366701 -0.34696099
1.72578597 0.46080899 -0.34887800
1.73671603 0.45788699 -0.35079500
1.72864795 0.44995600 -0.34887800
1.73955798 0.44696599 -0.35079500
1.74095404 0.44149899 -0.35079500
1.74233305 0.43602699 -0.35079500
1.74369395 0.43055201 -0.35079500
1.74503803 0.42507100 -0.35079500
1.73682201 0.41729400 -0.34887800
1.77632499 0.42088801 -0.35654601
1.78719497 0.41753700 -0.35846299
1.78849804 0.41192099 -0.35846299
1.79935503 0.40847301 -0.36037999
1.80062902 0.40281901 -0.36037999
1.78271604 0.39293399 -0.35654601
1.82230604 0.39566100 -0.36421299
1.82353997 0.38993499 -0.36421299
1.81515300 0.38218099 -0.36229599
1.82595396 0.37847000 -0.36421299
1.82713401 0.37273100 -0.36421299
1.81867397 0.36505699 -0.36229599
1.82944000 0.36124399 -0.36421299
1.84983504 0.35923699 -0.36804700
1.82203305 0.34790200 -0.36229599
1.78453302 0.33493400 -0.35462901
1.82418299 0.33644599 -0.36229599
1.83488905 0.33246300 -0.36421299
1.84558702 0.32841700 -0.36612999
1.83694100 0.32092801 -0.36421299
1.84761405 0.31681401 -0.36612999
1.84860003 0.31100801 -0.36612999
1.84956801 0.30519900 -0.36612999
1.85051799 0.29938701 -0.36612999
1.86114299 0.29510900 -0.36804700
1.87175906 0.29076701 -0.36996400
1.87266302 0.28488499 -0.36996400
1.87354898 0.27900100 -0.36996400
1.87441599 0.27311400 -0.36996400
1.87526500 0.26722300 -0.36996400
1.88581598 0.26268500 -0.37188101
1.88663197 0.25675899 -0.37188101
1.86874199 0.24237600 -0.36804700
1.88896799 0.23896700 -0.37188101
1.89944994 0.23423301 -0.37379801
1.90017605 0.22826400 -0.37379801
1.91063201 0.22343300 -0.37571499
1.91132498 0.21743000 -0.37571499
1.92175400 0.21250300 -0.37763199
1.94192898 0.20856100 -0.38146600
1.92305100 0.20042400 -0.37763199
1.92367101 0.19438200 -0.37763199
1.92427194 0.18833800 -0.37763199
1.94439602 0.18414199 -0.38146600
1.93519104 0.17713800 -0.37954900
1.89663196 0.16760100 -0.37188101
1.92648697 0.16414200 -0.37763199
1.96612000 0.16129901 -0.38529900
1.97640097 0.15589300 -0.38721600
1.97688103 0.14968300 -0.38721600
1.97734106 0.14347300 -0.38721600
1.98757303 0.13793901 -0.38913301
1.98799706 0.13169400 -0.38913301
1.98840106 0.12544800 -0.38913301
1.99858201 0.11978800 -0.39105001
1.99894905 0.11350900 -0.39105001
2.00909591 0.10775400 -0.39296699
2.00942397 0.10144200 -0.39296699
2.01953697 0.09559200 -0.39488399
2.01002192 0.08881400 -0.39296699
2.00048494 0.08209700 -0.39105001
2.02034807 0.07655400 -0.39488399
2.01077008 0.06986600 -0.39296699
2.01097894 0.06354900 -0.39296699
2.04060102 0.05806800 -0.39871800
2.04077291 0.05165800 -0.39871800
2.02130103 0.04481100 -0.39488399
2.04105806 0.03883400 -0.39871800
2.04116893 0.03242100 -0.39871800
2.04126096 0.02600900 -0.39871800
2.05114698 0.01969100 -0.40063500
2.08064198 0.01343600 -0.40638500
2.07085896 0.00686700 -0.40446901
2.00216889 0.00034900 -0.39105001
2.06104708 -0.00611500 -0.40255201
2.07083201 -0.01265000 -0.40446901
2.08059311 -0.01961000 -0.40638500
2.08052111 -0.02614600 -0.40638500
2.10005498 -0.03299000 -0.41021901
2.09012794 -0.03940300 -0.40830201
2.10961795 -0.04640000 -0.41213599
2.10946202 -0.05302800 -0.41213599
2.11909604 -0.05993200 -0.41405299
2.11889696 -0.06658900 -0.41405299
2.12848592 -0.07358400 -0.41597000
2.12824512 -0.08027100 -0.41597000
2.11817598 -0.08655600 -0.41405299
2.15680504 -0.10171200 -0.42172101
2.15647507 -0.10848800 -0.42172101
2.16592407 -0.11578600 -0.42363799
2.15575004 -0.12203500 -0.42172101
2.17494988 -0.12997800 -0.42555499
2.17453098 -0.13681000 -0.42555499
2.17409110 -0.14364100 -0.42555499
2.18341994 -0.15114801 -0.42747200
2.17314506 -0.15729800 -0.42555499
2.16285396 -0.16338500 -0.42363799
2.18189812 -0.17171900 -0.42747200
2.19112992 -0.17937399 -0.42938799
2.18077588 -0.18542500 -0.42747200
2.20951295 -0.19486199 -0.43322200
2.19911599 -0.20090900 -0.43130499
2.21801591 -0.20966400 -0.43513900
2.21734595 -0.21663100 -0.43513900
2.21665502 -0.22359601 -0.43513900
2.22570300 -0.23157500 -0.43705601
2.23472309 -0.23961200 -0.43897301
2.23395991 -0.24663100 -0.43897301
2.23317409 -0.25364801 -0.43897301
2.25186300 -0.26293901 -0.44280699
2.25102496 -0.27001199 -0.44280699
2.26964808 -0.27948201 -0.44664100
2.27849603 -0.28784099 -0.44855800
2.27758002 -0.29499799 -0.44855800
2.27664208 -0.30215099 -0.44855800
2.27562809 -0.30969900 -0.44855800
2.29408503 -0.31955501 -0.45239100
2.29307008 -0.32676101 -0.45239100
2.29203200 -0.33396301 -0.45239100
2.29959106 -0.34983301 -0.45430800
2.32757592 -0.36157599 -0.46005899
2.32642794 -0.36888599 -0.46005899
2.34463501 -0.37932801 -0.46389300
2.32406402 -0.38349599 -0.46005899
2.33252692 -0.39242399 -0.46197599
2.34095597 -0.40140900 -0.46389300
2.34935093 -0.41045001 -0.46581000
2.29973602 -0.40923101 -0.45622501
2.34672594 -0.42520300 -0.46581000
2.40321207 -0.44367400 -0.47731099
2.41145205 -0.45303401 -0.47922799
2.41973805 -0.46202701 -0.48114499
2.40863991 -0.46775600 -0.47922799
2.41678691 -0.47722200 -0.48114499
2.41519094 -0.48523301 -0.48114499
2.41365504 -0.49281901 -0.48114499
2.41209507 -0.50039899 -0.48114499
2.40090704 -0.50594997 -0.47922799
2.40890288 -0.51554501 -0.48114499
2.41686201 -0.52519399 -0.48306200
2.41520000 -0.53278399 -0.48306200
2.43266892 -0.54465801 -0.48689601
2.43094611 -0.55229700 -0.48689601
2.43876290 -0.56213599 -0.48881301
2.44654202 -0.57202899 -0.49072999
2.45428205 -0.58197701 -0.49264699
2.45244193 -0.58968502 -0.49264699
2.47918296 -0.60435998 -0.49839699
2.48679996 -0.61449999 -0.50031400
2.49437809 -0.62469298 -0.50223100
2.50191593 -0.63494098 -0.50414801
2.50941396 -0.64524198 -0.50606501
2.51687288 -0.65559602 -0.50798202
2.52417397 -0.66644400 -0.50989902
1.67444301 0.59689999 -0.28275800
1.65768301 0.58506399 -0.27961600
1.66883695 0.58311099 -0.28118700
1.66132700 0.57463598 -0.27961600
1.66312397 0.56941497 -0.27961600
1.66490495 0.56418699 -0.27961600
1.67603195 0.56209499 -0.28118700
1.67779005 0.55682600 -0.28118700
1.66076505 0.54538900 -0.27804500
1.68115997 0.54656601 -0.28118700
1.66415906 0.53494400 -0.27804500
1.69406605 0.53869200 -0.28275800
1.69575000 0.53336698 -0.28275800
1.69741702 0.52803600 -0.28275800
1.70850694 0.52560502 -0.28432900
1.70070100 0.51736099 -0.28275800
1.70231795 0.51201600 -0.28275800
1.71338499 0.50948000 -0.28432900
1.69602704 0.49852401 -0.28118700
1.72603595 0.50146002 -0.28590000
1.72760201 0.49603501 -0.28590000
1.73865294 0.49330100 -0.28747100
1.74019396 0.48783600 -0.28747100
1.72268295 0.47709399 -0.28432900
1.73369896 0.47428599 -0.28590000
1.74471498 0.47141400 -0.28747100
1.73664498 0.46338400 -0.28590000
1.73809195 0.45792601 -0.28590000
1.75863802 0.45743501 -0.28904101
1.75050104 0.44945201 -0.28747100
1.76147699 0.44637701 -0.28904101
1.77245200 0.44323599 -0.29061201
1.77383602 0.43766600 -0.29061201
1.77520204 0.43209100 -0.29061201
1.77655101 0.42651200 -0.29061201
1.77788198 0.42092901 -0.29061201
1.78881299 0.41758600 -0.29218301
1.78049099 0.40975001 -0.29061201
1.78176999 0.40415400 -0.29061201
1.78303099 0.39855501 -0.29061201
1.80356300 0.39719900 -0.29375401
1.80480301 0.39153099 -0.29375401
1.79636598 0.38379601 -0.29218301
1.80722702 0.38018301 -0.29375401
1.80841196 0.37450501 -0.29375401
1.79990304 0.36684901 -0.29218301
1.82041299 0.36507601 -0.29532501
1.82155097 0.35935500 -0.29532501
1.81297600 0.35174999 -0.29375401
1.82377303 0.34790301 -0.29532501
1.82485700 0.34217200 -0.29532501
1.86477196 0.34359500 -0.30160901
1.90471399 0.34477201 -0.30789199
1.90578699 0.33878699 -0.30789199
1.90684199 0.33279699 -0.30789199
1.90787899 0.32680500 -0.30789199
1.91863501 0.32244599 -0.30946299
1.93912697 0.31963000 -0.31260499
1.93037200 0.31196100 -0.31103399
1.92158902 0.30434999 -0.30946299
1.95181298 0.30285400 -0.31417599
1.94299102 0.29523700 -0.31260499
1.95367706 0.29058501 -0.31417599
1.95457995 0.28444600 -0.31417599
1.95546401 0.27830401 -0.31417599
1.88785696 0.26263401 -0.30317900
1.90824497 0.25936100 -0.30632100
1.90904999 0.25336501 -0.30632100
1.90983701 0.24736699 -0.30632100
1.90080702 0.24012700 -0.30475000
1.91135299 0.23536199 -0.30632100
1.92188895 0.23053201 -0.30789199
1.91279399 0.22334801 -0.30632100
1.92329895 0.21845300 -0.30789199
1.91416001 0.21132500 -0.30632100
1.92463398 0.20636401 -0.30789199
1.92527294 0.20031600 -0.30789199
1.92589295 0.19426700 -0.30789199
1.93632197 0.18917599 -0.30946299
1.93690705 0.18309100 -0.30946299
1.93747306 0.17700601 -0.30946299
1.96753299 0.17352100 -0.31417599
1.97790802 0.16817600 -0.31574601
2.00795603 0.16437900 -0.32045901
2.02815294 0.15961900 -0.32360101
2.03849196 0.15399100 -0.32517201
2.02911592 0.14687300 -0.32360101
2.03941894 0.14117900 -0.32517201
2.03985310 0.13477200 -0.32517201
2.05012202 0.12898199 -0.32674301
2.06037593 0.12313100 -0.32831299
2.06075311 0.11665800 -0.32831299
2.06110907 0.11018200 -0.32831299
2.05158091 0.10321100 -0.32674301
2.02230096 0.09536900 -0.32203001
2.03245711 0.08945000 -0.32360101
2.03272796 0.08306500 -0.32360101
2.03297901 0.07667800 -0.32360101
2.02333999 0.06995000 -0.32203001
2.03342104 0.06390200 -0.32360101
2.03361106 0.05751400 -0.32360101
2.03378201 0.05112600 -0.32360101
2.04380608 0.04495300 -0.32517201
2.04393697 0.03853200 -0.32517201
2.03417301 0.03195500 -0.32360101
2.05401397 0.02581300 -0.32674301
2.06396008 0.01945300 -0.32831299
2.06401110 0.01296900 -0.32831299
2.09366894 0.00657800 -0.33302599
2.09367895 0.00000000 -0.33302599
2.11342001 -0.00664000 -0.33616799
2.09363794 -0.01315500 -0.33302599
2.09358311 -0.02009800 -0.33302599
2.09350896 -0.02667500 -0.33302599
2.09341502 -0.03325100 -0.33302599
2.08342600 -0.03964000 -0.33145499
2.11291194 -0.04684200 -0.33616799
2.12262702 -0.05372900 -0.33773899
2.13231897 -0.06067800 -0.33930999
2.12224698 -0.06706500 -0.33773899
2.13189602 -0.07407500 -0.33930999
2.13165307 -0.08077200 -0.33930999
2.16099095 -0.08868300 -0.34402201
2.19030094 -0.09678000 -0.34873500
2.18998599 -0.10366000 -0.34873500
2.20937610 -0.11153600 -0.35187700
2.20901489 -0.11847600 -0.35187700
2.23821211 -0.12709500 -0.35658899
2.21808505 -0.13294400 -0.35344699
2.23736906 -0.14115500 -0.35658899
2.23691392 -0.14818400 -0.35658899
2.25614190 -0.15657800 -0.35973099
2.15714002 -0.15651800 -0.34402201
2.18618011 -0.16553099 -0.34873500
2.19549489 -0.17317501 -0.35030600
2.20478201 -0.18087900 -0.35187700
2.20420289 -0.18780400 -0.35187700
2.20360303 -0.19472800 -0.35187700
2.20298004 -0.20164999 -0.35187700
2.23183107 -0.21136300 -0.35658899
2.23115611 -0.21837400 -0.35658899
2.24028492 -0.22637500 -0.35815999
2.23956299 -0.23341200 -0.35815999
2.24863696 -0.24150100 -0.35973099
2.28632593 -0.26008999 -0.36601400
2.32473302 -0.27185899 -0.37229800
2.31406307 -0.27798399 -0.37072700
2.32297897 -0.28646100 -0.37229800
2.33186603 -0.29499701 -0.37386900
2.32113409 -0.30105099 -0.37229800
2.33975601 -0.31094301 -0.37544000
2.35828304 -0.32136700 -0.37858099
2.33769894 -0.32604599 -0.37544000
2.23889494 -0.31943899 -0.35973099
2.30628800 -0.33645099 -0.37072700
2.32475495 -0.34660700 -0.37386900
2.32365394 -0.35390899 -0.37386900
2.32253098 -0.36120701 -0.37386900
2.33113909 -0.37005001 -0.37544000
2.33971310 -0.37895101 -0.37701100
2.33851099 -0.38629901 -0.37701100
2.34702492 -0.39528400 -0.37858099
2.35550499 -0.40432701 -0.38015199
2.38340807 -0.41682899 -0.38486499
2.40153193 -0.42777801 -0.38800699
2.42932796 -0.44060799 -0.39271900
2.43756509 -0.45045599 -0.39429000
2.45554900 -0.46176201 -0.39743200
2.46386909 -0.47090000 -0.39900300
2.44298911 -0.47486901 -0.39586100
2.47055006 -0.48828599 -0.40057400
2.45923495 -0.49452901 -0.39900300
2.35123491 -0.48050100 -0.38172299
2.43673992 -0.50595498 -0.39586100
2.44480205 -0.51564598 -0.39743200
2.45282698 -0.52539301 -0.39900300
2.44151402 -0.53099698 -0.39743200
2.46876407 -0.54505199 -0.40214500
2.47667694 -0.55496502 -0.40371600
2.48455095 -0.56493199 -0.40528601
2.47314095 -0.57051498 -0.40371600
2.50018501 -0.58503199 -0.40842801
2.49833393 -0.59288400 -0.40842801
2.50606108 -0.60303998 -0.40999901
2.51374888 -0.61325097 -0.41157001
2.53098392 -0.62588602 -0.41471201
2.53858495 -0.63623500 -0.41628301
2.54614496 -0.64663899 -0.41785300
2.54410100 -0.65463400 -0.41785300
2.54203200 -0.66262400 -0.41785300
1.63614297 0.58292598 -0.21385300
1.63796604 0.57778400 -0.21385300
1.64914298 0.57590699 -0.21507500
1.65094495 0.57072300 -0.21507500
1.65272903 0.56553298 -0.21507500
1.66389799 0.56352299 -0.21629700
1.63742900 0.54882997 -0.21263100
1.64856601 0.54680699 -0.21385300
1.64084494 0.53852999 -0.21263100
1.65187502 0.53672701 -0.21385300
1.65364599 0.53124601 -0.21385300
1.66476500 0.52905500 -0.21507500
1.66641903 0.52382201 -0.21507500
1.66805696 0.51858300 -0.21507500
1.66967797 0.51334101 -0.21507500
1.67128205 0.50809300 -0.21507500
1.67287004 0.50284100 -0.21507500
1.68395495 0.50040901 -0.21629700
1.68551898 0.49511600 -0.21629700
1.68706596 0.48981899 -0.21629700
1.67905700 0.48177901 -0.21507500
1.69011104 0.47920901 -0.21629700
1.70116496 0.47657499 -0.21751900
1.70265400 0.47122699 -0.21751900
1.71369898 0.46849400 -0.21874100
1.70558095 0.46052101 -0.21751900
1.71660900 0.45771700 -0.21874100
1.72763705 0.45484900 -0.21996300
1.71945095 0.44692200 -0.21874100
1.72084701 0.44151801 -0.21874100
1.72222495 0.43610999 -0.21874100
1.73321605 0.43310300 -0.21996300
1.74420404 0.43003201 -0.22118600
1.73590302 0.42220399 -0.21996300
1.74687195 0.41906399 -0.22118600
1.75783801 0.41586000 -0.22240800
1.75913596 0.41033500 -0.22240800
1.76041698 0.40480599 -0.22240800
1.76168001 0.39927301 -0.22240800
1.77261102 0.39590201 -0.22363000
1.77384698 0.39032999 -0.22363000
1.77506399 0.38475499 -0.22363000
1.77626395 0.37917700 -0.22363000
1.78716004 0.37563601 -0.22485200
1.77861202 0.36800900 -0.22363000
1.78948402 0.36440000 -0.22485200
1.79061997 0.35877600 -0.22485200
1.79173899 0.35314900 -0.22485200
1.79283905 0.34751901 -0.22485200
1.79392195 0.34188399 -0.22485200
1.79498696 0.33624700 -0.22485200
1.83507895 0.33779299 -0.22973999
1.87519801 0.33909100 -0.23462801
1.87625396 0.33319899 -0.23462801
1.88706899 0.32900700 -0.23585001
1.89787602 0.32475099 -0.23707201
1.88909900 0.31714299 -0.23585001
1.89987898 0.31281999 -0.23707201
1.91065097 0.30843201 -0.23829401
1.92141294 0.30397800 -0.23951600
1.93216705 0.29946101 -0.24073800
1.91347301 0.29041001 -0.23829401
1.91437602 0.28439799 -0.23829401
1.94472504 0.28266501 -0.24196000
1.88664603 0.26817301 -0.23462801
1.85798705 0.25814801 -0.23096199
1.86862397 0.25364399 -0.23218399
1.85957301 0.24646799 -0.23096199
1.88986695 0.24444500 -0.23462801
1.87093103 0.23602200 -0.23218399
1.88151503 0.23135400 -0.23340601
1.87237799 0.22426100 -0.23218399
1.89278901 0.22067700 -0.23462801
1.89347303 0.21472999 -0.23462801
1.90400398 0.20986700 -0.23585001
1.90465403 0.20388500 -0.23585001
1.89541304 0.19687501 -0.23462801
1.91577196 0.19290800 -0.23707201
1.91636896 0.18688899 -0.23707201
1.91694701 0.18086700 -0.23707201
1.91750503 0.17484400 -0.23707201
1.91804504 0.16881900 -0.23707201
1.96801400 0.16698800 -0.24318200
2.00809693 0.16403700 -0.24807000
2.00860190 0.15772700 -0.24807000
2.00908804 0.15141700 -0.24807000
2.01945305 0.14582001 -0.24929200
2.03970408 0.14084101 -0.25173599
2.01042604 0.13247500 -0.24807000
2.03064299 0.12740099 -0.25051400
2.03103304 0.12102100 -0.25051400
2.05122209 0.11575900 -0.25295800
2.04166508 0.10878600 -0.25173599
2.05190897 0.10286800 -0.25295800
2.00265098 0.09409200 -0.24684800
1.99302197 0.08736600 -0.24562600
1.98336899 0.08070100 -0.24440400
1.99353099 0.07484100 -0.24562600
1.99375606 0.06857900 -0.24562600
2.00388193 0.06262400 -0.24684800
2.00406909 0.05632900 -0.24684800
2.01415801 0.05028100 -0.24807000
2.01430607 0.04395200 -0.24807000
2.02435803 0.03781000 -0.24929200
2.02446699 0.03144900 -0.24929200
2.03448009 0.02521200 -0.25051400
2.03454900 0.01882100 -0.25051400
2.04452300 0.01248900 -0.25173599
2.04455209 0.00606700 -0.25173599
2.05448604 -0.00035900 -0.25295800
2.11402392 -0.00701000 -0.26029000
2.11399198 -0.01365200 -0.26029000
2.11393499 -0.02066200 -0.26029000
2.12378407 -0.02743100 -0.26151201
2.11376405 -0.03394400 -0.26029000
2.13349295 -0.04096500 -0.26273400
2.13335395 -0.04766800 -0.26273400
2.14311504 -0.05462200 -0.26395601
2.15285397 -0.06163900 -0.26517799
2.16257000 -0.06871700 -0.26640001
2.11274791 -0.07377900 -0.26029000
2.11250591 -0.08041600 -0.26029000
2.12215996 -0.08746100 -0.26151201
2.13178992 -0.09456700 -0.26273400
2.14139605 -0.10173500 -0.26395601
2.15097809 -0.10896400 -0.26517799
2.14071393 -0.11518800 -0.26395601
2.15025091 -0.12247700 -0.26517799
2.16967010 -0.13042200 -0.26762199
2.16925001 -0.13723800 -0.26762199
2.17871094 -0.14471000 -0.26884401
2.17824602 -0.15155400 -0.26884401
2.15796089 -0.15695600 -0.26640001
2.14756107 -0.16298400 -0.26517799
2.21629691 -0.17520501 -0.27373201
2.23551893 -0.18379299 -0.27617601
2.23493099 -0.19081500 -0.27617601
2.24420691 -0.19871099 -0.27739799
2.24357200 -0.20576000 -0.27739799
2.25279498 -0.21374500 -0.27862000
2.25211191 -0.22082201 -0.27862000
2.26128197 -0.22889499 -0.27984199
2.26055098 -0.23599800 -0.27984199
2.20058990 -0.23672900 -0.27250999
2.23929501 -0.24801201 -0.27739799
2.23850393 -0.25504500 -0.27739799
2.25740695 -0.26438600 -0.27984199
2.25656605 -0.27147600 -0.27984199
2.25570202 -0.27856401 -0.27984199
2.26466203 -0.28689599 -0.28106400
2.27359200 -0.29528800 -0.28228599
2.27265310 -0.30242899 -0.28228599
2.28147101 -0.31130600 -0.28350899
2.30014110 -0.32121700 -0.28595299
2.27946997 -0.32563400 -0.28350899
2.26861501 -0.33136001 -0.28228599
2.35591006 -0.35167301 -0.29328501
2.37441611 -0.36206400 -0.29572901
2.37326694 -0.36952201 -0.29572901
2.37209511 -0.37697601 -0.29572901
2.37089801 -0.38442600 -0.29572901
2.37947106 -0.39349201 -0.29695100
2.39779711 -0.40426600 -0.29939499
2.35738802 -0.40507299 -0.29450700
2.34632802 -0.41076601 -0.29328501
2.36456800 -0.42161900 -0.29572901
2.38276291 -0.43259200 -0.29817301
2.38131499 -0.44049099 -0.29817301
2.37991905 -0.44797000 -0.29817301
2.38832808 -0.45689401 -0.29939499
2.39662290 -0.46629000 -0.30061701
2.40488291 -0.47574300 -0.30183899
2.41302204 -0.48567399 -0.30306101
2.40176105 -0.49126399 -0.30183899
2.40992308 -0.50082600 -0.30306101
2.41804910 -0.51044399 -0.30428299
2.41643310 -0.51803797 -0.30428299
2.42449188 -0.52773798 -0.30550501
2.42282200 -0.53535199 -0.30550501
2.44049692 -0.54730499 -0.30794901
2.45812106 -0.55937397 -0.31039301
2.46602201 -0.56932598 -0.31161499
2.46422100 -0.57707000 -0.31161499
2.48170900 -0.58939600 -0.31405899
2.47984505 -0.59718901 -0.31405899
2.49724007 -0.60968500 -0.31650299
2.49531293 -0.61752701 -0.31650299
2.50298691 -0.62777799 -0.31772500
2.51062202 -0.63808298 -0.31894699
2.50860500 -0.64596701 -0.31894699
1.77963400 0.43843800 -0.16209100
1.81972098 0.44225401 -0.16561501
1.78235400 0.42724699 -0.16209100
1.83215702 0.43310401 -0.16649500
1.78500295 0.41604000 -0.16209100
1.83484197 0.42158300 -0.16649500
1.77786696 0.40261599 -0.16121000
1.83745503 0.41004601 -0.16649500
1.79008996 0.39357701 -0.16209100
1.83026004 0.39638501 -0.16561501
1.78278601 0.38024399 -0.16121000
1.83271396 0.38487700 -0.16561501
1.84366906 0.38113400 -0.16649500
1.83509600 0.37335500 -0.16561501
1.83625996 0.36758700 -0.16561501
1.84717906 0.36374199 -0.16649500
1.84831297 0.35793701 -0.16649500
1.83964300 0.35026500 -0.16561501
1.86031699 0.34814900 -0.16737600
1.86140096 0.34230199 -0.16737600
1.87226999 0.33822399 -0.16825700
1.86351502 0.33060101 -0.16737600
1.85473096 0.32303500 -0.16649500
1.89501202 0.32392001 -0.17001900
1.85672402 0.31137499 -0.16649500
1.87735105 0.30877399 -0.16825700
1.87831199 0.30287501 -0.16825700
1.88909304 0.29852700 -0.16913800
1.89002204 0.29259101 -0.16913800
1.86138594 0.28217199 -0.16649500
1.88197005 0.27924800 -0.16825700
1.88283801 0.27333400 -0.16825700
1.88368702 0.26741701 -0.16825700
1.88451803 0.26149899 -0.16825700
1.88532996 0.25557601 -0.16825700
1.90587401 0.25226700 -0.17001900
1.90665698 0.24627800 -0.17001900
1.90742099 0.24028701 -0.17001900
1.90816700 0.23429400 -0.17001900
1.91878402 0.22948000 -0.17090000
1.92938995 0.22460300 -0.17178100
1.91029000 0.21630000 -0.17001900
1.90105903 0.20920700 -0.16913800
1.91161096 0.20429200 -0.17001900
1.92215204 0.19931300 -0.17090000
1.92276800 0.19327401 -0.17090000
1.93327999 0.18819800 -0.17178100
1.93386197 0.18212201 -0.17178100
1.93442500 0.17604700 -0.17178100
1.92504501 0.16909599 -0.17090000
1.94541800 0.16472900 -0.17266200
1.94592595 0.15861700 -0.17266200
1.96627605 0.15405799 -0.17442399
1.95681703 0.14713401 -0.17354301
1.95727003 0.14098600 -0.17354301
1.96764100 0.13552000 -0.17442399
1.96805704 0.12933899 -0.17442399
1.97839499 0.12377700 -0.17530499
1.97877395 0.11756000 -0.17530499
1.96918797 0.11078500 -0.17442399
1.98942101 0.10565400 -0.17618600
1.97979403 0.09890700 -0.17530499
1.99004602 0.09315200 -0.17618600
2.01023197 0.08776900 -0.17794800
2.00054502 0.08105000 -0.17706700
2.00078893 0.07476400 -0.17706700
2.02092505 0.06916000 -0.17882800
2.02113199 0.06281000 -0.17882800
2.03127694 0.05673900 -0.17970900
2.03144503 0.05035700 -0.17970900
2.03159308 0.04397500 -0.17970900
2.04168105 0.03777700 -0.18059000
2.04178905 0.03136200 -0.18059000
2.05183792 0.02506900 -0.18147101
2.05190706 0.01862400 -0.18147101
2.06191611 0.01223600 -0.18235201
2.05198312 0.00573100 -0.18147101
2.05199099 -0.00071600 -0.18147101
2.06193995 -0.00719800 -0.18235201
2.06190491 -0.01403500 -0.18235201
2.07181096 -0.02061200 -0.18323299
2.08169603 -0.02725100 -0.18411399
2.07164001 -0.03362900 -0.18323299
2.08148408 -0.04033000 -0.18411399
2.09130502 -0.04709300 -0.18499500
2.09114695 -0.05366300 -0.18499500
2.09096789 -0.06023200 -0.18499500
2.10072494 -0.06711900 -0.18587600
2.11045909 -0.07406800 -0.18675700
2.11021495 -0.08069700 -0.18675700
2.12985706 -0.08815000 -0.18851900
2.11961794 -0.09439800 -0.18763800
2.12926102 -0.10153100 -0.18851900
2.13888001 -0.10872500 -0.18940000
2.14847398 -0.11598100 -0.19028100
2.16798902 -0.12386700 -0.19204199
2.16758895 -0.13067700 -0.19204199
2.17710900 -0.13811700 -0.19292299
2.17666507 -0.14495599 -0.19292299
2.17619801 -0.15179300 -0.19292299
2.17571092 -0.15862900 -0.19292299
2.17520189 -0.16546300 -0.19292299
2.17467093 -0.17229600 -0.19292299
2.19397402 -0.18076301 -0.19468500
2.19339490 -0.18765500 -0.19468500
2.19279504 -0.19454500 -0.19468500
2.20209193 -0.20234400 -0.19556600
2.21136189 -0.21020401 -0.19644700
2.21069098 -0.21715000 -0.19644700
2.21990800 -0.22509900 -0.19732800
2.21918988 -0.23207200 -0.19732800
2.22835398 -0.24010900 -0.19820900
2.22758794 -0.24710900 -0.19820900
2.23669791 -0.25523499 -0.19909000
2.24577904 -0.26342100 -0.19997101
2.25482893 -0.27166700 -0.20085201
2.26385093 -0.27997100 -0.20173299
2.27284193 -0.28833601 -0.20261399
2.28180289 -0.29675901 -0.20349400
2.28080606 -0.30432400 -0.20349400
2.29957795 -0.31418499 -0.20525600
2.29857898 -0.32140800 -0.20525600
2.30741906 -0.33003801 -0.20613700
2.30637097 -0.33728501 -0.20613700
2.31515098 -0.34600201 -0.20701800
2.33374691 -0.35628000 -0.20878001
2.32277393 -0.36207601 -0.20789900
2.33146191 -0.37093601 -0.20878001
2.34011793 -0.37985501 -0.20966101
2.33891296 -0.38720500 -0.20966101
2.35732889 -0.39786601 -0.21142299
2.35606790 -0.40527001 -0.21142299
2.36459494 -0.41438901 -0.21230400
2.36328101 -0.42181599 -0.21230400
2.37174511 -0.43101901 -0.21318500
2.38989210 -0.44250900 -0.21494700
2.38848996 -0.45001501 -0.21494700
2.39692807 -0.45897299 -0.21582700
2.40525198 -0.46840501 -0.21670800
2.41345596 -0.47831500 -0.21758901
2.41194201 -0.48589501 -0.21758901
2.42991996 -0.49746501 -0.21935099
2.43809795 -0.50712502 -0.22023199
2.44623899 -0.51684099 -0.22111300
2.45434189 -0.52661300 -0.22199400
2.46240902 -0.53644198 -0.22287500
2.45098495 -0.54202402 -0.22199400
2.46870899 -0.55408400 -0.22375600
2.46695590 -0.56183702 -0.22375600
2.48459005 -0.57406902 -0.22551800
2.49247193 -0.58414501 -0.22639900
2.49062490 -0.59197301 -0.22639900
2.49843693 -0.60212803 -0.22728001
2.49653292 -0.60997403 -0.22728001
2.51394200 -0.62260300 -0.22904100
2.51197410 -0.63049799 -0.22904100
2.54859591 -0.64820802 -0.23256500
