2.31293607 0.66060400 -0.64345199
2.29629302 0.64848697 -0.63828403
2.28901291 0.63867402 -0.63569999
2.29100895 0.63147902 -0.63569999
2.28365993 0.62174100 -0.63311499
2.27627301 0.61205602 -0.63053101
2.27818489 0.60490102 -0.63053101
2.27072906 0.59529102 -0.62794697
2.26323605 0.58573401 -0.62536299
2.26506495 0.57862097 -0.62536299
2.25750399 0.56914097 -0.62277901
2.24990702 0.55971301 -0.62019497
2.24227190 0.55034000 -0.61760998
2.24389505 0.54368401 -0.61760998
2.23619604 0.53438699 -0.61502600
2.23786402 0.52736002 -0.61502600
2.23009992 0.51814002 -0.61244202
2.21288300 0.50681800 -0.60727400
2.21446490 0.49986300 -0.60727400
2.20650911 0.49119201 -0.60469002
2.22691298 0.48839700 -0.60985798
2.24732208 0.48547700 -0.61502600
2.24883604 0.47841501 -0.61502600
2.23141694 0.46738699 -0.60985798
2.21395206 0.45647299 -0.60469002
2.23430991 0.45335799 -0.60985798
2.21677589 0.44255301 -0.60469002
2.20867610 0.43372601 -0.60210598
2.21002793 0.42678499 -0.60210598
2.20179391 0.41842201 -0.59952098
2.15561700 0.40263399 -0.58660102
2.16637301 0.39760399 -0.58918500
2.14859700 0.38736799 -0.58401698
2.14980412 0.38061699 -0.58401698
2.15098906 0.37386000 -0.58401698
2.14263010 0.36547700 -0.58143198
2.13423991 0.35714900 -0.57884800
2.14488411 0.35200700 -0.58143198
2.13644099 0.34373301 -0.57884800
2.12790990 0.33588600 -0.57626402
2.12895489 0.32919899 -0.57626402
2.12042689 0.32106301 -0.57367998
2.13098097 0.31581599 -0.57626402
2.13196301 0.30912000 -0.57626402
2.15205312 0.30513299 -0.58143198
2.15300107 0.29837099 -0.58143198
2.14435410 0.29030901 -0.57884800
2.14520597 0.28394499 -0.57884800
2.12692595 0.27473000 -0.57367998
2.12777901 0.26804599 -0.57367998
2.12860990 0.26136100 -0.57367998
2.12942100 0.25467199 -0.57367998
2.12061501 0.24686401 -0.57109600
2.11178088 0.23911400 -0.56851202
2.10292006 0.23142099 -0.56592798
2.06521297 0.22070800 -0.55559099
2.05628800 0.21322200 -0.55300701
2.04730010 0.20615201 -0.55042303
2.05755210 0.20065700 -0.55300701
2.05817199 0.19419201 -0.55300701
2.03953099 0.18597101 -0.54783899
2.04972792 0.18040900 -0.55042303
2.05028510 0.17396900 -0.55042303
2.04119301 0.16674100 -0.54783899
2.03207588 0.15957101 -0.54525399
2.03254104 0.15354100 -0.54525399
2.03301311 0.14715500 -0.54525399
2.02382803 0.14010000 -0.54267001
2.01461911 0.13310499 -0.54008597
2.02466798 0.12738100 -0.54267001
2.05398798 0.12274900 -0.55042303
2.05436301 0.11629600 -0.55042303
2.04507208 0.10932500 -0.54783899
2.04540610 0.10290000 -0.54783899
2.03606892 0.09601800 -0.54525399
2.04599595 0.09040400 -0.54783899
2.01731300 0.08278700 -0.54008597
2.02721691 0.07681500 -0.54267001
2.00813890 0.06977500 -0.53750199
1.96972597 0.06224500 -0.52716500
1.96025598 0.05578200 -0.52458102
1.97007895 0.04986800 -0.52716500
1.97022605 0.04367800 -0.52716500
1.98001206 0.03767300 -0.52974999
1.99943805 0.03175800 -0.53491801
2.00918293 0.02595100 -0.53750199
2.00925493 0.01963900 -0.53750199
2.00930691 0.01332600 -0.53750199
1.99001801 0.00694700 -0.53233403
1.99969101 0.00069800 -0.53491801
1.99002302 -0.00555700 -0.53233403
1.99965501 -0.01186600 -0.53491801
1.98994803 -0.01806100 -0.53233403
1.98022199 -0.02419400 -0.52974999
1.98013604 -0.03041500 -0.52974999
1.98003101 -0.03663600 -0.52974999
1.96059000 -0.04243800 -0.52458102
1.90250301 -0.04716100 -0.50907600
1.92165804 -0.05367700 -0.51424497
1.92149103 -0.05937800 -0.51424497
1.92129505 -0.06541400 -0.51424497
1.90177202 -0.07073200 -0.50907600
1.91119301 -0.07709600 -0.51166099
1.91094196 -0.08309900 -0.51166099
1.89137101 -0.08820200 -0.50649202
1.90073299 -0.09462400 -0.50907600
1.89077997 -0.10008400 -0.50649202
1.89045596 -0.10602400 -0.50649202
1.88047004 -0.11139100 -0.50390798
1.88977301 -0.11757000 -0.50649202
1.87975502 -0.12287600 -0.50390798
1.87935901 -0.12878101 -0.50390798
1.87894595 -0.13468400 -0.50390798
1.87851298 -0.14058700 -0.50390798
1.89732397 -0.14799000 -0.50907600
1.91610801 -0.15551300 -0.51424497
1.91560996 -0.16153200 -0.51424497
1.90546894 -0.16670699 -0.51166099
1.90493596 -0.17269200 -0.51166099
1.90438402 -0.17867599 -0.51166099
1.90381300 -0.18465801 -0.51166099
1.90325701 -0.19030599 -0.51166099
1.90265000 -0.19628400 -0.51166099
1.88281095 -0.20021699 -0.50649202
1.89177597 -0.20718300 -0.50907600
1.88151598 -0.21204300 -0.50649202
1.87124503 -0.21684100 -0.50390798
1.87059295 -0.22239199 -0.50390798
1.86029601 -0.22709700 -0.50132400
1.81164598 -0.22693700 -0.48840299
1.83008695 -0.23508900 -0.49357200
1.81014299 -0.23863100 -0.48840299
1.80938399 -0.24431700 -0.48840299
1.80865097 -0.24968401 -0.48840299
1.81742299 -0.25671601 -0.49098700
1.80704701 -0.26104301 -0.48840299
1.79666102 -0.26530799 -0.48581901
1.80537105 -0.27239200 -0.48840299
1.80450594 -0.27806300 -0.48840299
1.80362403 -0.28373000 -0.48840299
1.78364694 -0.28633299 -0.48323500
1.79232299 -0.29318300 -0.48581901
1.78186500 -0.29722300 -0.48323500
1.78092206 -0.30281901 -0.48323500
1.77044404 -0.30676299 -0.48065099
1.77898502 -0.31400299 -0.48323500
1.77798903 -0.31959000 -0.48323500
1.78647900 -0.32691300 -0.48581901
1.80443704 -0.33606201 -0.49098700
1.82235503 -0.34532601 -0.49615601
1.81177604 -0.34922099 -0.49357200
1.80119002 -0.35305300 -0.49098700
1.80007195 -0.35870999 -0.49098700
1.79893601 -0.36436301 -0.49098700
1.79778194 -0.37001300 -0.49098700
1.78715503 -0.37368199 -0.48840299
1.77652299 -0.37728801 -0.48581901
1.77539599 -0.38255700 -0.48581901
1.78362203 -0.39019701 -0.48840299
1.78238797 -0.39579901 -0.48840299
1.77171099 -0.39927199 -0.48581901
1.76103103 -0.40268299 -0.48323500
1.76916802 -0.41039601 -0.48581901
1.73025501 -0.40710199 -0.47548300
1.71957099 -0.41029400 -0.47289801
1.71827400 -0.41569400 -0.47289801
1.71695900 -0.42109001 -0.47289801
1.71562803 -0.42648199 -0.47289801
1.71428001 -0.43187001 -0.47289801
1.70355403 -0.43486401 -0.47031400
1.70218003 -0.44021401 -0.47031400
1.70086598 -0.44526201 -0.47031400
1.69012105 -0.44812801 -0.46772999
1.69803500 -0.45594001 -0.47031400
1.68727195 -0.45873800 -0.46772999
1.68582296 -0.46403599 -0.46772999
1.68435705 -0.46933001 -0.46772999
1.68287396 -0.47462001 -0.46772999
1.68137503 -0.47990400 -0.46772999
1.67057800 -0.48250300 -0.46514601
1.66905403 -0.48774901 -0.46514601
1.66759896 -0.49269900 -0.46514601
1.67521095 -0.50099403 -0.46772999
1.67362905 -0.50625497 -0.46772999
1.66279304 -0.50868398 -0.46514601
1.67041504 -0.51675999 -0.46772999
1.65956402 -0.51912200 -0.46514601
1.65792501 -0.52433300 -0.46514601
1.65626895 -0.52953899 -0.46514601
1.65469098 -0.53445101 -0.46514601
1.65300405 -0.53964603 -0.46514601
1.66047394 -0.54786402 -0.46772999
1.64041603 -0.54696602 -0.46256199
1.64784396 -0.55520099 -0.46514601
1.64609206 -0.56037498 -0.46514601
1.63518798 -0.56240201 -0.46256199
1.62428796 -0.56436598 -0.45997801
1.64073706 -0.57586402 -0.46514601
1.62981498 -0.57778800 -0.46256199
1.62799203 -0.58290601 -0.46256199
1.62615299 -0.58801699 -0.46256199
1.62429702 -0.59312302 -0.46256199
1.62242603 -0.59822297 -0.46256199
1.61148500 -0.59994602 -0.45997801
1.60959303 -0.60500598 -0.45997801
1.60768402 -0.61005998 -0.45997801
1.60575902 -0.61510700 -0.45997801
1.61293805 -0.62335098 -0.46256199
1.60197198 -0.62490499 -0.45997801
1.60000098 -0.62993503 -0.45997801
1.58903599 -0.63139099 -0.45739400
1.59601104 -0.63997501 -0.45997801
1.59399295 -0.64498597 -0.45997801
1.60090196 -0.65364200 -0.46256199
1.58990896 -0.65498900 -0.45997801
1.58784294 -0.65998000 -0.45997801
1.57685304 -0.66123003 -0.45739400
1.58366501 -0.66994399 -0.45997801
1.57266796 -0.67112398 -0.45739400
1.57055199 -0.67606097 -0.45739400
1.56842005 -0.68099201 -0.45739400
2.32360506 0.66321301 -0.55803901
2.30680799 0.65102202 -0.55353898
2.29945707 0.64115500 -0.55128801
2.30146003 0.63392699 -0.55128801
2.29403806 0.62413597 -0.54903799
2.30539703 0.61945498 -0.55128801
2.28849602 0.60721099 -0.54678798
2.28096700 0.59754997 -0.54453802
2.28283405 0.59038001 -0.54453802
2.29411793 0.58561599 -0.54678798
2.28649807 0.57602602 -0.54453802
2.27884007 0.56648898 -0.54228801
2.27114606 0.55700701 -0.54003799
2.27278900 0.55026501 -0.54003799
2.25555205 0.53859597 -0.53553700
2.25723195 0.53150803 -0.53553700
2.24939990 0.52221000 -0.53328699
2.23203301 0.51079398 -0.52878702
2.23362708 0.50377899 -0.52878702
2.22560096 0.49503401 -0.52653700
2.22714496 0.48804000 -0.52653700
2.20961905 0.47692901 -0.52203602
2.21110606 0.46998501 -0.52203602
2.20303512 0.46104100 -0.51978600
2.20447302 0.45411700 -0.51978600
2.20588803 0.44718999 -0.51978600
2.21683788 0.44216299 -0.52203602
2.19909406 0.43144399 -0.51753598
2.18130398 0.42084301 -0.51303601
2.18254304 0.41436899 -0.51303601
2.18383408 0.40751001 -0.51303601
2.17551899 0.39888999 -0.51078600
2.19594002 0.39550799 -0.51528603
2.19717193 0.38860801 -0.51528603
2.19838190 0.38170201 -0.51528603
2.20917511 0.37643099 -0.51753598
2.20073700 0.36788201 -0.51528603
2.19226599 0.35938999 -0.51303601
2.19338489 0.35250199 -0.51303601
2.17517209 0.34295699 -0.50853503
2.18586802 0.33760899 -0.51078600
2.16764998 0.32782599 -0.50628501
2.15902996 0.31958801 -0.50403500
2.10216594 0.30442500 -0.49053401
2.11275911 0.29918501 -0.49278399
2.12333989 0.29388300 -0.49503401
2.10494208 0.28459901 -0.49053401
2.11543608 0.27962899 -0.49278399
2.10664105 0.27173600 -0.49053401
2.09781694 0.26390001 -0.48828399
2.09863496 0.25730801 -0.48828399
2.09943295 0.25071400 -0.48828399
2.09053206 0.24299200 -0.48603401
2.08160400 0.23532900 -0.48378399
2.08233309 0.22878800 -0.48378399
2.07335210 0.22121200 -0.48153400
2.11280394 0.21870901 -0.49053401
2.10374904 0.21146500 -0.48828399
2.12379909 0.20674400 -0.49278399
2.10503602 0.19824301 -0.48828399
2.10564899 0.19162899 -0.48828399
2.10624003 0.18501300 -0.48828399
2.10681105 0.17839500 -0.48828399
2.08793902 0.17019300 -0.48378399
2.07874894 0.16287100 -0.48153400
2.08893895 0.15743500 -0.48378399
2.07970500 0.15017000 -0.48153400
2.08016706 0.14363500 -0.48153400
2.07088494 0.13645899 -0.47928300
2.00323296 0.12568100 -0.46353200
2.03279710 0.12112700 -0.47028300
2.03316689 0.11474000 -0.47028300
2.02378798 0.10783300 -0.46803299
2.01438498 0.10098700 -0.46578199
2.01469302 0.09465800 -0.46578199
2.00522995 0.08825200 -0.46353200
2.00549793 0.08195200 -0.46353200
1.99600899 0.07528300 -0.46128201
1.99623501 0.06901300 -0.46128201
1.98670399 0.06243400 -0.45903200
1.98688996 0.05619300 -0.45903200
1.98705697 0.04995100 -0.45903200
1.97746301 0.04349400 -0.45678201
1.98733103 0.03746500 -0.45903200
1.97769701 0.03106800 -0.45678201
2.01675105 0.02569700 -0.46578199
2.01682210 0.01936100 -0.46578199
2.00712991 0.01296100 -0.46353200
2.00715995 0.00665600 -0.46353200
2.02665901 0.00035300 -0.46803299
2.01690602 -0.00598400 -0.46578199
1.99739099 -0.01220200 -0.46128201
1.99734294 -0.01847600 -0.46128201
1.99727499 -0.02475100 -0.46128201
1.98744500 -0.03087400 -0.45903200
1.97759604 -0.03693600 -0.45678201
1.97747004 -0.04314900 -0.45678201
1.92862201 -0.04814500 -0.44553101
1.92846096 -0.05420400 -0.44553101
1.93803096 -0.06022800 -0.44778100
1.93783200 -0.06631600 -0.44778100
1.94735098 -0.07276700 -0.45003101
1.91790605 -0.07770200 -0.44328099
1.90791798 -0.08330200 -0.44103101
1.91737998 -0.08975100 -0.44328099
1.90735698 -0.09528800 -0.44103101
1.92650795 -0.10231300 -0.44553101
1.91644895 -0.10781700 -0.44328099
1.90637505 -0.11326000 -0.44103101
1.90603006 -0.11891500 -0.44103101
1.89592397 -0.12426500 -0.43878099
1.89552498 -0.13022099 -0.43878099
1.88538802 -0.13547701 -0.43652999
1.89466906 -0.14212801 -0.43878099
1.89421296 -0.14808001 -0.43878099
1.92287302 -0.15640000 -0.44553101
1.92237198 -0.16244000 -0.44553101
1.91214597 -0.16762701 -0.44328099
1.91161001 -0.17363399 -0.44328099
1.91105497 -0.17963800 -0.44328099
1.90078402 -0.18469900 -0.44103101
1.87114203 -0.18742400 -0.43428001
1.87054396 -0.19330201 -0.43428001
1.86023903 -0.19814500 -0.43202999
1.84992194 -0.20292599 -0.42978001
1.84927499 -0.20873700 -0.42978001
1.84861004 -0.21454500 -0.42978001
1.84796500 -0.22002900 -0.42978001
1.84726501 -0.22583400 -0.42978001
1.83687901 -0.23042300 -0.42752999
1.84581006 -0.23743600 -0.42978001
1.84501195 -0.24355599 -0.42978001
1.86354899 -0.25196201 -0.43428001
1.87244499 -0.25882399 -0.43652999
1.87162304 -0.26470500 -0.43652999
1.87078202 -0.27058399 -0.43652999
1.86028397 -0.27503499 -0.43428001
1.85941100 -0.28087699 -0.43428001
1.85851896 -0.28671801 -0.43428001
1.84798396 -0.29103899 -0.43202999
1.85668099 -0.29838899 -0.43428001
1.83655703 -0.30074799 -0.42978001
1.85482395 -0.30972499 -0.43428001
1.83463097 -0.31228101 -0.42978001
1.83364105 -0.31804299 -0.42978001
1.82303703 -0.32210699 -0.42752999
1.75488901 -0.31575400 -0.41177899
1.77305698 -0.32477701 -0.41627899
1.79118502 -0.33391699 -0.42077899
1.78055406 -0.33772701 -0.41852900
1.76991701 -0.34147301 -0.41627899
1.76883602 -0.34703201 -0.41627899
1.76773703 -0.35258701 -0.41627899
1.76662099 -0.35813901 -0.41627899
1.75594401 -0.36172101 -0.41402900
1.75479805 -0.36723599 -0.41402900
1.77269697 -0.37679800 -0.41852900
1.76204705 -0.38000199 -0.41627899
1.75132596 -0.38345200 -0.41402900
1.75011301 -0.38895199 -0.41402900
1.74888301 -0.39444801 -0.41402900
1.74763501 -0.39994100 -0.41402900
1.73687899 -0.40322599 -0.41177899
1.73560297 -0.40867999 -0.41177899
1.73431098 -0.41413099 -0.41177899
1.74247098 -0.42186999 -0.41402900
1.76006305 -0.43198699 -0.41852900
1.76815200 -0.43986699 -0.42077899
1.75731397 -0.44303700 -0.41852900
1.74647295 -0.44614401 -0.41627899
1.75449502 -0.45407000 -0.41852900
1.75313997 -0.45927399 -0.41852900
1.75168896 -0.46477899 -0.41852900
1.74081004 -0.46775100 -0.41627899
1.73933196 -0.47321799 -0.41627899
1.73783696 -0.47868001 -0.41627899
1.73632395 -0.48413700 -0.41627899
1.73479497 -0.48958999 -0.41627899
1.73324800 -0.49503699 -0.41627899
1.74104500 -0.50318497 -0.41852900
1.72075200 -0.50318301 -0.41402900
1.71925104 -0.50828600 -0.41402900
1.65221500 -0.49443099 -0.39827800
1.68795598 -0.51090997 -0.40727800
1.68634200 -0.51621002 -0.40727800
1.68471205 -0.52150601 -0.40727800
1.67376697 -0.52388501 -0.40502799
1.67211294 -0.52914101 -0.40502799
1.67972302 -0.53736001 -0.40727800
1.66884899 -0.53934503 -0.40502799
1.66714704 -0.54458600 -0.40502799
1.67467999 -0.55287498 -0.40727800
1.67293501 -0.55813301 -0.40727800
1.65270698 -0.55716097 -0.40277800
1.66017199 -0.56549197 -0.40502799
1.64917397 -0.56753403 -0.40277800
1.64738297 -0.57271200 -0.40277800
1.64557600 -0.57788497 -0.40277800
1.64375198 -0.58305198 -0.40277800
1.64191198 -0.58821303 -0.40277800
1.63089395 -0.59005302 -0.40052801
1.63818395 -0.59851801 -0.40277800
1.62715399 -0.60028899 -0.40052801
1.63439095 -0.60879898 -0.40277800
1.62335002 -0.61050099 -0.40052801
1.62142396 -0.61559802 -0.40052801
1.61948204 -0.62068802 -0.40052801
1.62672198 -0.62900501 -0.40277800
1.62473702 -0.63411200 -0.40277800
1.62273705 -0.63921303 -0.40277800
1.62072098 -0.64430797 -0.40277800
1.61868894 -0.64939600 -0.40277800
1.61664104 -0.65447801 -0.40277800
1.60555696 -0.65586901 -0.40052801
1.60348797 -0.66091001 -0.40052801
1.59240794 -0.66220301 -0.39827800
1.59930396 -0.67097199 -0.40052801
1.59718800 -0.67599303 -0.40052801
1.59505701 -0.68100798 -0.40052801
1.60185802 -0.68986899 -0.40277800
1.58181000 -0.68713403 -0.39827800
2.33523393 0.65069199 -0.47347701
2.32780504 0.64074701 -0.47156101
2.33927703 0.63600600 -0.47347701
2.33178401 0.62610900 -0.47156101
2.33374000 0.61878002 -0.47156101
2.32617807 0.60895997 -0.46964401
2.31857705 0.59919298 -0.46772701
2.32044792 0.59190601 -0.46772701
2.29374290 0.57742602 -0.46197599
2.28602099 0.56784999 -0.46005899
2.29732609 0.56300199 -0.46197599
2.28944707 0.55387503 -0.46005899
2.29117608 0.54667997 -0.46005899
2.28332806 0.53723198 -0.45814201
2.27544403 0.52783799 -0.45622501
2.26752305 0.51849902 -0.45430800
2.27871609 0.51353002 -0.45622501
2.26106811 0.50250900 -0.45239100
2.28181005 0.49960199 -0.45622501
2.27377391 0.49036101 -0.45430800
2.26570296 0.48117599 -0.45239100
2.26720309 0.47405699 -0.45239100
2.25906897 0.46495301 -0.45047399
2.25089908 0.45590600 -0.44855800
2.25232005 0.44883099 -0.44855800
2.25371909 0.44175300 -0.44855800
2.24545789 0.43281400 -0.44664100
2.23709011 0.42432001 -0.44472399
2.21911502 0.41369301 -0.44089001
2.21075010 0.40495101 -0.43897301
2.22167110 0.39974201 -0.44089001
2.21446896 0.38409701 -0.43897301
2.21566391 0.37713900 -0.43897301
2.19747710 0.36694300 -0.43513900
2.18893409 0.35845199 -0.43322200
2.19004893 0.35157400 -0.43322200
2.18138695 0.34354699 -0.43130499
2.18245602 0.33669201 -0.43130499
2.17379904 0.32836801 -0.42938799
2.16511011 0.32010201 -0.42747200
2.16610503 0.31329900 -0.42747200
2.16707897 0.30649200 -0.42747200
2.15830898 0.29833901 -0.42555499
2.16896200 0.29286900 -0.42747200
2.16982102 0.28643301 -0.42747200
2.17071009 0.27961501 -0.42747200
2.15210199 0.27034700 -0.42363799
2.17242408 0.26597100 -0.42747200
2.15375805 0.25681999 -0.42363799
2.14480495 0.24892101 -0.42172101
2.15532899 0.24328300 -0.42363799
2.11705899 0.23222899 -0.41597000
2.12753701 0.22661699 -0.41788700
2.05990100 0.21287000 -0.40446901
2.12888193 0.21361700 -0.41788700
2.12954307 0.20692800 -0.41788700
2.12040997 0.19931699 -0.41597000
2.12102604 0.19265500 -0.41597000
2.11184406 0.18513300 -0.41405299
2.11241508 0.17849800 -0.41405299
2.11296511 0.17186201 -0.41405299
2.10370994 0.16445699 -0.41213599
2.08461499 0.15674300 -0.40830201
2.09488606 0.15089899 -0.41021901
2.08555889 0.14364199 -0.40830201
2.07620597 0.13644600 -0.40638500
2.08642006 0.13053501 -0.40830201
2.05780196 0.11577000 -0.40255201
2.08755803 0.11086600 -0.40830201
2.08789611 0.10430700 -0.40830201
2.07840896 0.09728800 -0.40638500
2.07868910 0.09112100 -0.40638500
2.06915808 0.08419200 -0.40446901
2.05960488 0.07732200 -0.40255201
2.04022002 0.07017700 -0.39871800
2.04043102 0.06376600 -0.39871800
2.03081012 0.05708000 -0.39680099
2.04079103 0.05094600 -0.39871800
2.02131701 0.04410500 -0.39488399
1.97238100 0.03683900 -0.38529900
2.03136706 0.03155600 -0.39680099
2.04126596 0.02565300 -0.39871800
2.03152204 0.01914800 -0.39680099
2.03157210 0.01276500 -0.39680099
2.02178788 0.00635200 -0.39488399
2.02179790 0.00000000 -0.39488399
2.01197290 -0.00632100 -0.39296699
2.01194406 -0.01264200 -0.39296699
2.01189399 -0.01896200 -0.39296699
2.02163792 -0.02540600 -0.39488399
2.01173496 -0.03160300 -0.39296699
2.01162601 -0.03792300 -0.39296699
1.99187195 -0.04381100 -0.38913301
1.96229100 -0.04932800 -0.38338199
1.96212602 -0.05549300 -0.38338199
1.96175003 -0.06747700 -0.38338199
1.96152902 -0.07364000 -0.38338199
1.96128798 -0.07980200 -0.38338199
1.96102703 -0.08596300 -0.38338199
1.97055101 -0.09258400 -0.38529900
1.94084406 -0.09730000 -0.37954900
1.95032895 -0.10391900 -0.38146600
1.93039501 -0.10894000 -0.37763199
1.93984103 -0.11558800 -0.37954900
1.94928503 -0.12195500 -0.38146600
1.93909800 -0.12743500 -0.37954900
1.92889702 -0.13285200 -0.37763199
1.90889204 -0.13750100 -0.37379801
1.89866400 -0.14276101 -0.37188101
1.92755902 -0.15102500 -0.37763199
1.95642197 -0.15947200 -0.38338199
1.94613194 -0.16479000 -0.38146600
1.95538104 -0.17176101 -0.38338199
1.93528402 -0.17612500 -0.37954900
1.92494905 -0.18128300 -0.37763199
1.90483403 -0.18542799 -0.37379801
1.90427494 -0.19107901 -0.37379801
1.90366495 -0.19706000 -0.37379801
1.90303695 -0.20304000 -0.37379801
1.89263403 -0.20794600 -0.37188101
1.89197099 -0.21389100 -0.37188101
1.89128995 -0.21983300 -0.37188101
1.87113798 -0.22312000 -0.36804700
1.88016999 -0.23018999 -0.36996400
1.85996199 -0.23364900 -0.36612999
1.86895204 -0.24074499 -0.36804700
1.88760400 -0.24951300 -0.37188101
1.85763299 -0.25149199 -0.36612999
1.89576602 -0.26238501 -0.37379801
1.87549698 -0.26558700 -0.36996400
1.87465405 -0.27147800 -0.36996400
1.85437405 -0.27449200 -0.36612999
1.88261497 -0.28471899 -0.37188101
1.86231196 -0.28763601 -0.36804700
1.84201002 -0.29042801 -0.36421299
1.87015796 -0.30089000 -0.36996400
1.85957205 -0.30485001 -0.36804700
1.83924496 -0.30745399 -0.36421299
1.83826995 -0.31323099 -0.36421299
1.85661602 -0.32236201 -0.36804700
1.84592998 -0.32648399 -0.36612999
1.81591797 -0.32706201 -0.36037999
1.83418798 -0.33630601 -0.36421299
1.84277105 -0.34386700 -0.36612999
1.83203900 -0.34782401 -0.36421299
1.83093703 -0.35357699 -0.36421299
1.82018697 -0.35743600 -0.36229599
1.80943000 -0.36123100 -0.36037999
1.80828702 -0.36691400 -0.36037999
1.79751301 -0.37061101 -0.35846299
1.80594599 -0.37826899 -0.36037999
1.79514897 -0.38189799 -0.35846299
1.80360103 -0.38929299 -0.36037999
1.78319502 -0.39075601 -0.35654601
1.80112004 -0.40061799 -0.36037999
1.79027796 -0.40411299 -0.35846299
1.77943301 -0.40754500 -0.35654601
1.78770399 -0.41535401 -0.35846299
1.76728404 -0.41646600 -0.35462901
1.76596701 -0.42201599 -0.35462901
1.78371000 -0.43218401 -0.35846299
1.76328099 -0.43310300 -0.35462901
1.76191199 -0.43864101 -0.35462901
1.77004099 -0.44657499 -0.35654601
1.78764701 -0.45699501 -0.36037999
1.75769901 -0.45522699 -0.35462901
1.76583505 -0.46292901 -0.35654601
1.77385700 -0.47099301 -0.35846299
1.74393499 -0.46891800 -0.35271201
1.76139295 -0.47955000 -0.35654601
1.74095500 -0.47986600 -0.35271201
1.74889195 -0.48796999 -0.35462901
1.76624095 -0.49879700 -0.35846299
1.71748102 -0.49085799 -0.34887800
1.72535896 -0.49897799 -0.35079500
1.73320198 -0.50715202 -0.35271201
1.73169005 -0.51229298 -0.35271201
1.70177495 -0.50958598 -0.34696099
1.70955896 -0.51777500 -0.34887800
1.71730900 -0.52601701 -0.35079500
1.70627201 -0.52850598 -0.34887800
1.69523799 -0.53092998 -0.34696099
1.69356096 -0.53625399 -0.34696099
1.69186795 -0.54157102 -0.34696099
1.69025397 -0.54658902 -0.34696099
1.68852794 -0.55189598 -0.34696099
1.67746699 -0.55412000 -0.34504399
1.66640794 -0.55627900 -0.34312701
1.67395198 -0.56464899 -0.34504399
1.67217004 -0.56990498 -0.34504399
1.67965102 -0.57835001 -0.34696099
1.66855597 -0.58039999 -0.34504399
1.67598403 -0.58889198 -0.34696099
1.67412603 -0.59415501 -0.34696099
1.66301203 -0.59609997 -0.34504399
1.67035997 -0.60466200 -0.34696099
1.65923405 -0.60653698 -0.34504399
1.65732002 -0.61174601 -0.34504399
1.65539002 -0.61694998 -0.34504399
1.64425802 -0.61869103 -0.34312701
1.65148103 -0.62733901 -0.34504399
1.63117397 -0.62549597 -0.34121001
1.63846505 -0.63387400 -0.34312701
1.63646495 -0.63901800 -0.34312701
1.62531900 -0.64055800 -0.34121001
1.63241804 -0.64928800 -0.34312701
1.63037002 -0.65441298 -0.34312701
1.62830603 -0.65953201 -0.34312701
1.61714101 -0.66093099 -0.34121001
1.62413001 -0.66974998 -0.34312701
1.62201798 -0.67484897 -0.34312701
1.61083996 -0.67614299 -0.34121001
1.60870802 -0.68120003 -0.34121001
1.60655999 -0.68624997 -0.34121001
1.61341000 -0.69517797 -0.34312701
1.60221696 -0.69633102 -0.34121001
1.60002100 -0.70136100 -0.34121001
2.29484391 0.63124299 -0.37858099
2.35399795 0.63956702 -0.38800699
2.34645700 0.62961000 -0.38643599
2.34842300 0.62223399 -0.38643599
2.34081197 0.61235499 -0.38486499
2.33316207 0.60252798 -0.38329399
2.32547402 0.59275597 -0.38172299
2.32732391 0.58544803 -0.38172299
2.31956697 0.57575399 -0.38015199
2.32136512 0.56846303 -0.38015199
2.30384207 0.55693197 -0.37701100
2.29597402 0.54740202 -0.37544000
2.27845502 0.53566599 -0.37229800
2.29936790 0.53296500 -0.37544000
2.28177595 0.52133799 -0.37229800
2.28340197 0.51416802 -0.37229800
2.27527690 0.50524998 -0.37072700
2.28649998 0.50021100 -0.37229800
2.28805995 0.49302399 -0.37229800
2.31044698 0.48267800 -0.37544000
2.32162595 0.47740600 -0.37701100
2.30375504 0.46619299 -0.37386900
2.30520797 0.45895201 -0.37386900
2.29694700 0.44981000 -0.37229800
2.28865099 0.44072500 -0.37072700
2.29965210 0.43577099 -0.37229800
2.29130006 0.42673600 -0.37072700
2.29262996 0.41953501 -0.37072700
2.17729592 0.39136499 -0.35187700
2.22714210 0.39310700 -0.35973099
2.22836590 0.38610700 -0.35973099
2.21009588 0.37579399 -0.35658899
2.20152402 0.36722401 -0.35501799
2.20266700 0.36030599 -0.35501799
2.19403696 0.35182101 -0.35344699
2.19507098 0.34530899 -0.35344699
2.19614506 0.33841199 -0.35344699
2.18743205 0.33003700 -0.35187700
2.17868805 0.32172099 -0.35030600
2.17968798 0.31487501 -0.35030600
2.17088795 0.30664399 -0.34873500
2.18162298 0.30117300 -0.35030600
2.22170806 0.29959700 -0.35658899
2.23237801 0.29429501 -0.35815999
2.22349596 0.28602001 -0.35658899
2.21458507 0.27780399 -0.35501799
2.22525001 0.27204400 -0.35658899
2.20648003 0.26271600 -0.35344699
2.21710491 0.25692001 -0.35501799
2.17864609 0.24552999 -0.34873500
2.18922400 0.23975900 -0.35030600
2.18996596 0.23288000 -0.35030600
2.08262610 0.21485101 -0.33302599
2.12256098 0.21260799 -0.33930999
2.13304806 0.20689300 -0.34088001
2.11402202 0.19834501 -0.33773899
2.11463499 0.19170199 -0.33773899
2.09555101 0.18333700 -0.33459699
2.10595703 0.17758200 -0.33616799
2.10650396 0.17096600 -0.33616799
2.08733892 0.16281100 -0.33302599
2.08781290 0.15661600 -0.33302599
2.09814501 0.15076600 -0.33459699
2.08875608 0.14349601 -0.33302599
2.06948709 0.13564201 -0.32988399
2.08961701 0.13036899 -0.33302599
2.08015704 0.12321900 -0.33145499
2.08053398 0.11668500 -0.33145499
2.09075189 0.11066900 -0.33302599
2.07136202 0.10311900 -0.32988399
2.08154106 0.09707000 -0.33145499
2.06208706 0.09003300 -0.32831299
2.06236005 0.08355500 -0.32831299
2.04287410 0.07633700 -0.32517201
2.03323388 0.06958100 -0.32360101
2.04331398 0.06349900 -0.32517201
2.03363109 0.05680500 -0.32360101
2.03379989 0.05041600 -0.32360101
2.03394794 0.04402600 -0.32360101
2.02420211 0.03745300 -0.32203001
2.03418398 0.03124500 -0.32360101
2.04414296 0.02533200 -0.32517201
2.07383895 0.01918500 -0.32988399
2.07388902 0.01266900 -0.32988399
2.06404305 0.00612400 -0.32831299
2.08380294 -0.00036400 -0.33145499
2.07391596 -0.00687700 -0.32988399
2.05413294 -0.01326500 -0.32674301
2.04420590 -0.01962400 -0.32517201
2.07375908 -0.02642300 -0.32988399
2.05391693 -0.03262400 -0.32674301
2.06367803 -0.03926400 -0.32831299
2.04379797 -0.04531000 -0.32517201
2.03377295 -0.05148000 -0.32360101
1.96449804 -0.05590300 -0.31260499
1.98406601 -0.06235200 -0.31574601
1.98386002 -0.06858500 -0.31574601
1.96389699 -0.07407200 -0.31260499
1.96365499 -0.08024200 -0.31260499
1.96339297 -0.08641000 -0.31260499
1.95324695 -0.09211300 -0.31103399
1.94308400 -0.09775200 -0.30946299
1.94276798 -0.10385600 -0.30946299
1.96215200 -0.11107600 -0.31260499
1.95193505 -0.11665000 -0.31103399
1.94172394 -0.12182300 -0.30946299
1.92162299 -0.12662300 -0.30632100
1.93106794 -0.13334000 -0.30789199
1.93063903 -0.13940600 -0.30789199
1.93019199 -0.14547101 -0.30789199
1.93957102 -0.15230700 -0.30946299
1.97845495 -0.16161600 -0.31574601
1.95825696 -0.16616000 -0.31260499
1.98723805 -0.17490900 -0.31731701
1.97684395 -0.18025500 -0.31574601
1.98609996 -0.18739200 -0.31731701
1.95601404 -0.19075499 -0.31260499
1.95543897 -0.19655800 -0.31260499
1.97445905 -0.20473699 -0.31574601
1.97380602 -0.21093901 -0.31574601
1.97313297 -0.21713901 -0.31574601
1.96262801 -0.22222500 -0.31417599
1.92268205 -0.22382200 -0.30789199
1.96123397 -0.23421000 -0.31417599
1.93108106 -0.23676500 -0.30946299
1.89113295 -0.23790000 -0.30317900
1.87078702 -0.24131300 -0.30003801
1.87976694 -0.24881101 -0.30160901
1.86918998 -0.25338900 -0.30003801
1.86843002 -0.25893399 -0.30003801
1.86760700 -0.26480201 -0.30003801
1.85699296 -0.26925099 -0.29846701
1.86590695 -0.27653101 -0.30003801
1.85526395 -0.28091401 -0.29846701
1.85437298 -0.28674099 -0.29846701
1.84370697 -0.29102501 -0.29689601
1.86228395 -0.29995701 -0.30003801
1.84189498 -0.30228201 -0.29689601
1.84093702 -0.30806699 -0.29689601
1.83995998 -0.31384900 -0.29689601
1.83896506 -0.31962800 -0.29689601
1.83795094 -0.32540399 -0.29689601
1.84663904 -0.33292800 -0.29846701
1.83587098 -0.33694500 -0.29689601
1.85421896 -0.34633800 -0.30003801
1.88222802 -0.35769299 -0.30475000
1.87139904 -0.36173001 -0.30317900
1.83149099 -0.35998800 -0.29689601
1.87877297 -0.37541601 -0.30475000
1.85822797 -0.37738499 -0.30160901
1.85703301 -0.38322100 -0.30160901
1.84615505 -0.38702700 -0.30003801
1.84493005 -0.39282501 -0.30003801
1.84375596 -0.39829701 -0.30003801
1.84249604 -0.40408799 -0.30003801
1.84121704 -0.40987399 -0.30003801
1.84955299 -0.41783300 -0.30160901
1.83860600 -0.42143500 -0.30003801
1.84689200 -0.42944500 -0.30160901
1.82630897 -0.43071201 -0.29846701
1.77692199 -0.42496201 -0.29061201
1.79477406 -0.43519601 -0.29375401
1.77421701 -0.43611801 -0.29061201
1.77283800 -0.44169000 -0.29061201
1.77144206 -0.44725701 -0.29061201
1.77002800 -0.45282000 -0.29061201
1.75903702 -0.45590100 -0.28904101
1.75767601 -0.46111801 -0.28904101
1.77530801 -0.47170901 -0.29218301
1.76428103 -0.47471800 -0.29061201
1.76278102 -0.48025900 -0.29061201
1.76126301 -0.48579401 -0.29061201
1.73119199 -0.48335800 -0.28590000
1.74867201 -0.49416500 -0.28904101
1.73761594 -0.49694100 -0.28747100
1.72656000 -0.49965200 -0.28590000
1.73446000 -0.50784898 -0.28747100
1.73294497 -0.51299298 -0.28747100
1.71231401 -0.51306701 -0.28432900
1.72014499 -0.52130800 -0.28590000
1.72794104 -0.52960402 -0.28747100
1.70740199 -0.52918202 -0.28432900
1.70573199 -0.53454399 -0.28432900
1.70404398 -0.53990000 -0.28432900
1.71174395 -0.54826301 -0.28590000
1.69131804 -0.54725897 -0.28275800
1.70836306 -0.55870903 -0.28590000
1.70659995 -0.56407303 -0.28590000
1.69545197 -0.56630301 -0.28432900
1.70302200 -0.57478499 -0.28590000
1.69185996 -0.57694501 -0.28432900
1.69003999 -0.58225697 -0.28432900
1.68820202 -0.58756399 -0.28432900
1.69566500 -0.59614003 -0.28590000
1.68447697 -0.59815902 -0.28432900
1.67329299 -0.60011399 -0.28275800
1.68068504 -0.60873097 -0.28432900
1.67876506 -0.61400801 -0.28432900
1.66756296 -0.61585802 -0.28275800
1.66561997 -0.62109399 -0.28275800
1.65441799 -0.62284398 -0.28118700
1.66168499 -0.63154697 -0.28275800
1.65969300 -0.63676399 -0.28275800
1.65779603 -0.64168602 -0.28275800
1.65577197 -0.64688998 -0.28275800
1.63535702 -0.64484400 -0.27961600
1.65167499 -0.65728098 -0.28275800
1.64960206 -0.66246700 -0.28275800
1.63835895 -0.66393697 -0.28118700
1.63626599 -0.66908002 -0.28118700
1.63415599 -0.67421800 -0.28118700
1.63202906 -0.67934799 -0.28118700
1.63899302 -0.68829602 -0.28275800
1.62772906 -0.68958902 -0.28118700
1.62555397 -0.69469899 -0.28118700
1.62336397 -0.69980299 -0.28118700
1.62115705 -0.70489901 -0.28118700
1.63702297 -0.71792197 -0.28432900
2.34466910 0.64450800 -0.29939499
2.32752490 0.63193899 -0.29695100
2.33908510 0.62719399 -0.29817301
2.32185507 0.61476099 -0.29572901
2.32377505 0.60746300 -0.29572901
2.31606197 0.59767997 -0.29450700
2.30831003 0.58795202 -0.29328501
2.30051994 0.57827801 -0.29206300
2.29269290 0.56865799 -0.29084101
2.30410910 0.56381100 -0.29206300
2.28647590 0.55231202 -0.28961900
2.26888990 0.54052597 -0.28717500
2.27057695 0.53339601 -0.28717500
2.27224207 0.52625901 -0.28717500
2.26420808 0.51690900 -0.28595299
2.25613689 0.50761497 -0.28473100
2.25763297 0.50091898 -0.28473100
2.25919604 0.49382401 -0.28473100
2.24133110 0.48254600 -0.28228599
2.26225400 0.47961801 -0.28473100
2.25403404 0.47048199 -0.28350899
2.24577904 0.46140099 -0.28228599
2.24721694 0.45434400 -0.28228599
2.24863410 0.44728100 -0.28228599
2.23054695 0.43640199 -0.27984199
2.24165297 0.43126899 -0.28106400
2.22341895 0.42092299 -0.27862000
2.22473097 0.41393700 -0.27862000
2.21625710 0.40516001 -0.27739799
2.20775008 0.39644200 -0.27617601
2.19920993 0.38778099 -0.27495399
2.21019697 0.38256201 -0.27617601
2.24074292 0.38060299 -0.27984199
2.24192810 0.37356099 -0.27984199
2.23329496 0.36491600 -0.27862000
2.22463012 0.35632899 -0.27739799
2.22567797 0.34972599 -0.27739799
2.21695590 0.34122199 -0.27617601
2.20820308 0.33277601 -0.27495399
2.21905589 0.32728601 -0.27617601
2.21024990 0.31889600 -0.27495399
2.16210198 0.30501801 -0.26884401
2.16304994 0.29822499 -0.26884401
2.15414000 0.29010201 -0.26762199
2.16483092 0.28500599 -0.26884401
2.14602804 0.27567399 -0.26640001
2.14688301 0.26892999 -0.26640001
2.14771700 0.26218501 -0.26640001
2.14853001 0.25543600 -0.26640001
2.14932299 0.24868500 -0.26640001
2.14022994 0.24082200 -0.26517799
2.13110995 0.23301800 -0.26395601
2.11209202 0.22422600 -0.26151201
2.11278605 0.21759000 -0.26151201
2.10354710 0.21033300 -0.26029000
2.10419703 0.20372400 -0.26029000
2.13447189 0.19988801 -0.26395601
2.13509011 0.19317999 -0.26395601
2.15546107 0.18819900 -0.26640001
2.12637091 0.17893000 -0.26273400
2.12692308 0.17224900 -0.26273400
2.11755800 0.16479599 -0.26151201
2.11803794 0.15851200 -0.26151201
2.11852598 0.15185800 -0.26151201
2.11899209 0.14520100 -0.26151201
2.10953403 0.13789700 -0.26029000
2.10005093 0.13065200 -0.25906801
2.03109598 0.11995700 -0.25051400
2.07110095 0.11579300 -0.25540200
2.05163288 0.10824000 -0.25295800
2.04204988 0.10130200 -0.25173599
2.04235792 0.09488600 -0.25173599
2.03271508 0.08839500 -0.25051400
2.03298211 0.08200900 -0.25051400
2.03323007 0.07562100 -0.25051400
2.02353811 0.06889600 -0.24929200
2.02374506 0.06253800 -0.24929200
2.01400995 0.05590500 -0.24807000
2.01417589 0.04957800 -0.24807000
2.01432109 0.04324900 -0.24807000
2.00452399 0.03673900 -0.24684800
2.00462890 0.03044100 -0.24684800
2.01463509 0.02461500 -0.24807000
2.04447699 0.01855600 -0.25173599
2.07429910 0.01230900 -0.25540200
2.06440306 0.00576500 -0.25418001
2.06441092 -0.00072100 -0.25418001
2.05447292 -0.00717100 -0.25295800
2.04451609 -0.01356000 -0.25173599
2.04446292 -0.01998300 -0.25173599
2.03446603 -0.02627700 -0.25051400
2.04429698 -0.03282800 -0.25173599
2.03426099 -0.03906000 -0.25051400
2.01428294 -0.04500700 -0.24807000
2.00421000 -0.05108200 -0.24684800
1.98419702 -0.05681000 -0.24440400
1.96417999 -0.06207000 -0.24196000
1.94413698 -0.06755100 -0.23951600
1.95383298 -0.07403400 -0.24073800
1.94367397 -0.07976500 -0.23951600
1.94341397 -0.08587100 -0.23951600
1.94313502 -0.09197600 -0.23951600
1.94283605 -0.09808000 -0.23951600
1.92269695 -0.10312000 -0.23707201
1.93227196 -0.10972200 -0.23829401
1.93191803 -0.11579200 -0.23829401
1.92166102 -0.12090100 -0.23707201
1.92127097 -0.12693700 -0.23707201
1.92086303 -0.13297200 -0.23707201
1.91053700 -0.13829000 -0.23585001
1.91009295 -0.14429100 -0.23585001
1.88984096 -0.14873400 -0.23340601
1.89925694 -0.15548000 -0.23462801
1.94820595 -0.16565000 -0.24073800
1.94767594 -0.17177001 -0.24073800
1.96689403 -0.17969400 -0.24318200
1.95643902 -0.18493800 -0.24196000
1.95584798 -0.19108300 -0.24196000
1.95527303 -0.19688600 -0.24196000
1.95464396 -0.20302700 -0.24196000
1.94412804 -0.20811100 -0.24073800
1.93359995 -0.21313000 -0.23951600
1.94278204 -0.22032200 -0.24073800
1.92236400 -0.22412500 -0.23829401
1.92169094 -0.22982800 -0.23829401
1.92095900 -0.23586400 -0.23829401
1.91036105 -0.24065700 -0.23707201
1.86038005 -0.24030100 -0.23096199
1.85957301 -0.24646799 -0.23096199
1.84895396 -0.25097400 -0.22973999
1.86786306 -0.25918701 -0.23218399
1.84738696 -0.26226401 -0.22973999
1.84655404 -0.26806700 -0.22973999
1.83588505 -0.27241001 -0.22851799
1.83501995 -0.27817601 -0.22851799
1.82432902 -0.28242099 -0.22729599
1.83323598 -0.28970000 -0.22851799
1.82251799 -0.29387799 -0.22729599
1.82163799 -0.29928401 -0.22729599
1.81089997 -0.30336601 -0.22607400
1.81972206 -0.31072399 -0.22729599
1.80895805 -0.31473801 -0.22607400
1.80796099 -0.32041901 -0.22607400
1.80694497 -0.32609800 -0.22607400
1.80591202 -0.33177301 -0.22607400
1.80486095 -0.33744401 -0.22607400
1.80379200 -0.34311301 -0.22607400
1.80270505 -0.34877801 -0.22607400
1.80159998 -0.35444000 -0.22607400
1.80047798 -0.36009800 -0.22607400
1.78961098 -0.36377501 -0.22485200
1.77874005 -0.36738801 -0.22363000
1.78728998 -0.37501201 -0.22485200
1.78610301 -0.38062599 -0.22485200
1.77526498 -0.38382599 -0.22363000
1.76435602 -0.38727301 -0.22240800
1.77281904 -0.39497301 -0.22363000
1.78125000 -0.40272900 -0.22485200
1.76062799 -0.40388501 -0.22240800
1.76901698 -0.41166300 -0.22363000
1.75805604 -0.41493899 -0.22240800
1.74709105 -0.41815001 -0.22118600
1.75541401 -0.42597699 -0.22240800
1.75406694 -0.43148899 -0.22240800
1.73344195 -0.43219599 -0.21996300
1.75132096 -0.44250199 -0.22240800
1.74992299 -0.44800201 -0.22240800
1.73889899 -0.45100501 -0.22118600
1.73755300 -0.45616299 -0.22118600
1.74570405 -0.46417001 -0.22240800
1.72506905 -0.46449101 -0.21996300
1.72360206 -0.46990800 -0.21996300
1.73168397 -0.47796100 -0.22118600
1.72061503 -0.48072800 -0.21996300
1.72864699 -0.48883200 -0.22118600
1.71756101 -0.49152899 -0.21996300
1.71600795 -0.49692300 -0.21996300
1.71443796 -0.50231099 -0.21996300
1.71293998 -0.50739598 -0.21996300
1.71124899 -0.51307398 -0.21996300
1.70012999 -0.51556700 -0.21874100
1.69850194 -0.52090502 -0.21874100
1.70633698 -0.52917898 -0.21996300
1.69519603 -0.53156698 -0.21874100
1.69351697 -0.53688997 -0.21874100
1.69182205 -0.54220802 -0.21874100
1.69020605 -0.54722500 -0.21874100
1.67904603 -0.54944599 -0.21751900
1.68673396 -0.55783403 -0.21874100
1.67556000 -0.55998403 -0.21751900
1.66438997 -0.56207001 -0.21629700
1.67200899 -0.57050103 -0.21751900
1.66082501 -0.57251698 -0.21629700
1.67776406 -0.58425897 -0.21874100
1.65719497 -0.58293998 -0.21629700
1.65535605 -0.58814400 -0.21629700
1.65349996 -0.59334099 -0.21629700
1.65162802 -0.59853297 -0.21629700
1.64041901 -0.60030800 -0.21507500
1.64783394 -0.60889900 -0.21629700
1.64591300 -0.61407202 -0.21629700
1.63468802 -0.61574203 -0.21507500
1.64202201 -0.62440199 -0.21629700
1.63078701 -0.62599999 -0.21507500
1.63817799 -0.63442099 -0.21629700
1.62693298 -0.63595098 -0.21507500
1.63415897 -0.64470100 -0.21629700
1.62290502 -0.64616001 -0.21507500
1.62086701 -0.65125602 -0.21507500
1.61881304 -0.65634501 -0.21507500
1.62592900 -0.66518497 -0.21629700
1.61465704 -0.66650301 -0.21507500
1.61255503 -0.67157203 -0.21507500
1.61043704 -0.67663503 -0.21507500
1.60830402 -0.68169099 -0.21507500
1.59702802 -0.68283802 -0.21385300
1.59487498 -0.68785203 -0.21385300
1.59270597 -0.69285899 -0.21385300
1.59960997 -0.70184702 -0.21507500
2.33609509 0.63382697 -0.21406600
2.34769607 0.62906402 -0.21494700
2.33040094 0.61658901 -0.21318500
2.34196496 0.61178201 -0.21406600
2.32458401 0.59944701 -0.21230400
2.31680202 0.58968401 -0.21142299
2.31864309 0.58240300 -0.21142299
2.31079292 0.57271898 -0.21054199
2.31258106 0.56545597 -0.21054199
2.30456495 0.55625600 -0.20966101
2.29661107 0.54670602 -0.20878001
2.28862000 0.53721303 -0.20789900
2.29029608 0.53002000 -0.20789900
2.28223801 0.52060598 -0.20701800
2.27414393 0.51124901 -0.20613700
2.27565098 0.50449997 -0.20613700
2.26749301 0.49522299 -0.20525600
2.25929904 0.48600200 -0.20437500
2.26081491 0.47890100 -0.20437500
2.26230788 0.47179699 -0.20437500
2.26377892 0.46468699 -0.20437500
2.24569988 0.45362899 -0.20261399
2.24711394 0.44657099 -0.20261399
2.23872995 0.43759799 -0.20173299
2.24009299 0.43056399 -0.20173299
2.23157406 0.42206401 -0.20085201
2.22309494 0.41323099 -0.19997101
2.22438192 0.40624401 -0.19997101
2.21584296 0.39749601 -0.19909000
2.20727110 0.38880500 -0.19820900
2.19866610 0.38017100 -0.19732800
2.19984889 0.37326199 -0.19732800
2.19118500 0.36471301 -0.19644700
2.19232011 0.35782799 -0.19644700
2.18359804 0.34936500 -0.19556600
2.18462396 0.34288400 -0.19556600
2.17584491 0.33450601 -0.19468500
2.17688608 0.32766801 -0.19468500
2.16805005 0.31937701 -0.19380400
2.15918303 0.31114399 -0.19292299
2.16015005 0.30435801 -0.19292299
2.16109490 0.29756999 -0.19292299
2.16201901 0.29077899 -0.19292299
2.16287303 0.28436401 -0.19292299
2.15387511 0.27630001 -0.19204199
2.14484811 0.26829499 -0.19116101
2.14568090 0.26155499 -0.19116101
2.13660002 0.25363901 -0.19028100
2.14728189 0.24806900 -0.19116101
2.11835408 0.23798600 -0.18851900
2.12899303 0.23241100 -0.18940000
2.10990191 0.22362100 -0.18763800
2.11059403 0.21699101 -0.18763800
2.11122799 0.21072900 -0.18763800
2.09205008 0.20217900 -0.18587600
2.09267497 0.19560499 -0.18587600
2.09327888 0.18902899 -0.18587600
2.09386301 0.18245199 -0.18587600
2.08449888 0.17504001 -0.18499500
2.08503890 0.16849101 -0.18499500
2.07562709 0.16116799 -0.18411399
2.07609606 0.15500800 -0.18411399
2.06663704 0.14777599 -0.18323299
2.07702899 0.14196201 -0.18411399
2.05758500 0.13414000 -0.18235201
2.06793809 0.12829199 -0.18323299
2.05838704 0.12120900 -0.18235201
2.05875707 0.11474300 -0.18235201
2.03921294 0.10722700 -0.18059000
2.04948902 0.10131300 -0.18147101
2.04979706 0.09487300 -0.18147101
2.04011798 0.08836000 -0.18059000
2.02047896 0.08115100 -0.17882800
2.04063201 0.07554000 -0.18059000
2.02094889 0.06845500 -0.17882800
2.03111005 0.06241100 -0.17970900
2.03129601 0.05603000 -0.17970900
2.03146195 0.04964800 -0.17970900
2.03160810 0.04326600 -0.17970900
2.02177501 0.03670200 -0.17882800
2.01191998 0.03020100 -0.17794800
2.02196097 0.02435100 -0.17882800
2.01206708 0.01791100 -0.17794800
2.01211309 0.01158900 -0.17794800
1.99221802 0.00521600 -0.17618600
1.99222398 -0.00104300 -0.17618600
2.00217199 -0.00733800 -0.17706700
1.98221803 -0.01349300 -0.17530499
1.99212599 -0.01981900 -0.17618600
1.98209405 -0.02594700 -0.17530499
2.00192189 -0.03249700 -0.17706700
1.98189104 -0.03840000 -0.17530499
1.97180200 -0.04440200 -0.17442399
1.98161101 -0.05085200 -0.17530499
1.97148395 -0.05679000 -0.17442399
1.96135104 -0.06232300 -0.17354301
1.97110105 -0.06883200 -0.17442399
1.96092105 -0.07464500 -0.17354301
1.96067703 -0.08080600 -0.17354301
1.96041298 -0.08696500 -0.17354301
1.96012998 -0.09312300 -0.17354301
1.95982802 -0.09928100 -0.17354301
1.95950603 -0.10543700 -0.17354301
1.93927598 -0.11046000 -0.17178100
1.95880497 -0.11774700 -0.17354301
1.95844698 -0.12355800 -0.17354301
1.96798897 -0.13036899 -0.17442399
1.99738097 -0.13862000 -0.17706700
