1.45545 0.45974 -0.408295
1.44767 0.452284 -0.405711
1.43062 0.44203 -0.400542
1.42276 0.434711 -0.397958
1.42412 0.430239 -0.397958
1.42547 0.425763 -0.397958
1.4268 0.421283 -0.397958
1.42811 0.416798 -0.397958
1.42013 0.409632 -0.395374
1.4307 0.407817 -0.397958
1.43191 0.40357 -0.397958
1.43317 0.39907 -0.397958
1.4251 0.392003 -0.395374
1.43565 0.390057 -0.397958
1.42754 0.383042 -0.395374
1.43807 0.381029 -0.397958
1.43926 0.376509 -0.397958
1.44044 0.371985 -0.397958
1.4416 0.367459 -0.397958
1.44274 0.362928 -0.397958
1.43444 0.356317 -0.395374
1.445 0.353855 -0.397958
1.43671 0.347046 -0.395374
1.43779 0.342531 -0.395374
1.4388 0.338264 -0.395374
1.44927 0.335923 -0.397958
1.4409 0.329216 -0.395374
1.4325 0.322566 -0.39279
1.44294 0.320157 -0.395374
1.44394 0.315622 -0.395374
1.44492 0.311084 -0.395374
1.44589 0.306543 -0.395374
1.43739 0.300026 -0.39279
1.44779 0.297452 -0.395374
1.46766 0.296732 -0.400542
1.47806 0.294004 -0.403127
1.4884 0.291473 -0.405711
1.48931 0.286796 -0.405711
1.4902 0.282116 -0.405711
1.49108 0.277433 -0.405711
1.48245 0.27101 -0.403127
1.50231 0.269766 -0.408295
1.48412 0.26169 -0.403127
1.49445 0.258674 -0.405711
1.49526 0.253978 -0.405711
1.51511 0.252454 -0.410879
1.49682 0.244578 -0.405711
1.49758 0.239875 -0.405711
1.50783 0.236929 -0.408295
1.50857 0.232191 -0.408295
1.49974 0.226011 -0.405711
1.48133 0.218479 -0.400542
1.48201 0.213825 -0.400542
1.49224 0.210517 -0.403127
1.48332 0.204509 -0.400542
1.47438 0.198558 -0.397958
1.44626 0.190148 -0.390206
1.44685 0.185603 -0.390206
1.44743 0.181057 -0.390206
1.44799 0.176508 -0.390206
1.44854 0.171959 -0.390206
1.44907 0.167407 -0.390206
1.44959 0.162854 -0.390206
1.4501 0.158299 -0.390206
1.46017 0.155015 -0.39279
1.45104 0.149438 -0.390206
1.45152 0.144626 -0.390206
1.45197 0.140065 -0.390206
1.44276 0.134857 -0.387622
1.4528 0.131192 -0.390206
1.4532 0.126628 -0.390206
1.44397 0.121254 -0.387622
1.44434 0.116717 -0.387622
1.45433 0.112926 -0.390206
1.45468 0.108356 -0.390206
1.44538 0.103099 -0.387622
1.4457 0.098558 -0.387622
1.45564 0.094642 -0.390206
1.45591 0.090323 -0.390206
1.45619 0.085749 -0.390206
1.47574 0.082249 -0.395374
1.49529 0.078626 -0.400542
1.50517 0.074406 -0.403127
1.49575 0.06923 -0.400542
1.50561 0.064947 -0.403127
1.49616 0.059831 -0.400542
1.48668 0.054774 -0.397958
1.4965 0.050429 -0.400542
1.49665 0.045727 -0.400542
1.50645 0.04129 -0.403127
1.49691 0.036323 -0.400542
1.49702 0.031619 -0.400542
1.48745 0.026742 -0.397958
1.50685 0.022356 -0.403127
1.50691 0.017622 -0.403127
1.4973 0.012806 -0.400542
1.50699 0.008417 -0.403127
1.50701 0.003682 -0.403127
1.49735 -0.001045 -0.400542
1.49734 -0.005749 -0.400542
1.48766 -0.010386 -0.397958
1.45863 -0.015021 -0.390206
1.44892 -0.019473 -0.387622
1.44885 -0.024025 -0.387622
1.44877 -0.028324 -0.387622
1.44868 -0.032875 -0.387622
1.44857 -0.037426 -0.387622
1.4581 -0.042257 -0.390206
1.4483 -0.046527 -0.387622
1.45781 -0.051417 -0.390206
1.44798 -0.055626 -0.387622
1.45745 -0.060576 -0.390206
1.44761 -0.064723 -0.387622
1.44739 -0.06927 -0.387622
1.45682 -0.074309 -0.390206
1.45658 -0.078885 -0.390206
1.45634 -0.083207 -0.390206
1.44642 -0.0872 -0.387622
1.45579 -0.092356 -0.390206
1.45549 -0.096929 -0.390206
1.45518 -0.101501 -0.390206
1.45485 -0.106072 -0.390206
1.45451 -0.110642 -0.390206
1.45415 -0.115211 -0.390206
1.44416 -0.118985 -0.387622
1.46303 -0.125168 -0.39279
1.49149 -0.132325 -0.400542
1.50069 -0.137894 -0.403127
1.50025 -0.142608 -0.403127
1.49979 -0.14732 -0.403127
1.49933 -0.152031 -0.403127
1.49884 -0.156741 -0.403127
1.48876 -0.160154 -0.400542
1.49783 -0.166155 -0.403127
1.4973 -0.17086 -0.403127
1.49675 -0.175563 -0.403127
1.50582 -0.181157 -0.405711
1.50524 -0.185887 -0.405711
1.51423 -0.191829 -0.408295
1.50404 -0.195341 -0.405711
1.49384 -0.198791 -0.403127
1.51236 -0.206091 -0.408295
1.50213 -0.209507 -0.405711
1.50147 -0.214225 -0.405711
1.51035 -0.220336 -0.408295
1.50009 -0.223655 -0.405711
1.49938 -0.228367 -0.405711
1.47002 -0.228622 -0.397958
1.45021 -0.23021 -0.39279
1.44948 -0.234765 -0.39279
1.45827 -0.240892 -0.395374
1.45751 -0.245472 -0.395374
1.44721 -0.248415 -0.39279
1.46545 -0.256289 -0.397958
1.46464 -0.260892 -0.397958
1.45431 -0.263768 -0.395374
1.45347 -0.268335 -0.395374
1.46211 -0.274684 -0.397958
1.46124 -0.279276 -0.397958
1.46036 -0.283865 -0.397958
1.45003 -0.286325 -0.395374
1.4586 -0.292781 -0.397958
1.45762 -0.297616 -0.397958
1.45668 -0.302194 -0.397958
1.44632 -0.304524 -0.395374
1.4548 -0.311086 -0.397958
1.45382 -0.315655 -0.397958
1.44339 -0.318142 -0.395374
1.45181 -0.324783 -0.397958
1.44136 -0.327204 -0.395374
1.46857 -0.338235 -0.403127
1.48631 -0.347243 -0.408295
1.49461 -0.354138 -0.410879
1.51228 -0.363345 -0.416047
1.51113 -0.368094 -0.416047
1.50059 -0.370524 -0.413463
1.50879 -0.377582 -0.416047
1.49823 -0.379945 -0.413463
1.50638 -0.387054 -0.416047
1.49581 -0.389351 -0.413463
1.48524 -0.391586 -0.410879
1.50267 -0.401234 -0.416047
1.5014 -0.405953 -0.416047
1.50012 -0.410668 -0.416047
1.49882 -0.415378 -0.416047
1.50681 -0.422694 -0.418631
1.50548 -0.427426 -0.418631
1.49484 -0.429486 -0.416047
1.49348 -0.43418 -0.416047
1.49211 -0.43887 -0.416047
1.45369 -0.432535 -0.405711
1.45232 -0.4371 -0.405711
1.4417 -0.438847 -0.403127
1.44955 -0.446216 -0.405711
1.44814 -0.450768 -0.405711
1.44672 -0.455315 -0.405711
1.44528 -0.459858 -0.405711
1.44383 -0.464396 -0.405711
1.44236 -0.46893 -0.405711
1.4317 -0.470443 -0.403127
1.43947 -0.477732 -0.405711
1.43796 -0.482252 -0.405711
1.44948 0.457577 -0.351024
1.43231 0.447213 -0.346524
1.43371 0.442711 -0.346524
1.43509 0.438205 -0.346524
1.43646 0.433695 -0.346524
1.43782 0.429179 -0.346524
1.43916 0.42466 -0.346524
1.44049 0.420137 -0.346524
1.4418 0.415609 -0.346524
1.4431 0.411078 -0.346524
1.44431 0.406794 -0.346524
1.44558 0.402255 -0.346524
1.45624 0.400294 -0.348774
1.46689 0.39827 -0.351024
1.47754 0.396183 -0.353275
1.47878 0.391539 -0.353275
1.48 0.386891 -0.353275
1.49065 0.384675 -0.355525
1.48241 0.377585 -0.353275
1.48358 0.372926 -0.353275
1.47523 0.366175 -0.351024
1.4859 0.363597 -0.353275
1.50598 0.363499 -0.357775
1.47868 0.351997 -0.351024
1.4892 0.349837 -0.353275
1.4808 0.342958 -0.351024
1.48187 0.338304 -0.351024
1.48292 0.333647 -0.351024
1.47445 0.326878 -0.348774
1.48499 0.324324 -0.351024
1.49553 0.321705 -0.353275
1.487 0.314986 -0.351024
1.48798 0.310314 -0.351024
1.44123 0.295841 -0.339774
1.46125 0.295171 -0.344274
1.45261 0.288679 -0.342024
1.45346 0.284367 -0.342024
1.45435 0.279801 -0.342024
1.45522 0.27523 -0.342024
1.4465 0.268876 -0.339774
1.45692 0.266081 -0.342024
1.45775 0.261503 -0.342024
1.45856 0.256922 -0.342024
1.44976 0.250678 -0.339774
1.45054 0.246123 -0.339774
1.45131 0.241564 -0.339774
1.45206 0.237004 -0.339774
1.4528 0.232441 -0.339774
1.46311 0.22964 -0.342024
1.46382 0.225043 -0.342024
1.45489 0.218992 -0.339774
1.46521 0.215841 -0.342024
1.46588 0.211237 -0.342024
1.45689 0.205271 -0.339774
1.44787 0.199363 -0.337524
1.45815 0.196113 -0.339774
1.43944 0.188994 -0.335273
1.46902 0.188186 -0.342024
1.48894 0.185985 -0.346524
1.48951 0.181306 -0.346524
1.49007 0.176626 -0.346524
1.50998 0.174177 -0.351024
1.50084 0.168346 -0.348774
1.50136 0.16363 -0.348774
1.50184 0.159174 -0.348774
1.49264 0.153459 -0.346524
1.49314 0.148509 -0.346524
1.4936 0.143818 -0.346524
1.49402 0.139385 -0.346524
1.49445 0.13469 -0.346524
1.48516 0.129151 -0.344274
1.49527 0.125298 -0.346524
1.48594 0.119817 -0.344274
1.49602 0.115901 -0.346524
1.49638 0.1112 -0.346524
1.49672 0.106499 -0.346524
1.49705 0.101796 -0.346524
1.49736 0.097093 -0.346524
1.44902 0.089641 -0.335273
1.46875 0.086231 -0.339774
1.46901 0.081617 -0.339774
1.46926 0.077001 -0.339774
1.45003 0.071426 -0.335273
1.45025 0.06687 -0.335273
1.46019 0.062732 -0.337524
1.45064 0.057757 -0.335273
1.46055 0.053556 -0.337524
1.45097 0.04864 -0.335273
1.45112 0.044082 -0.335273
1.46099 0.039789 -0.337524
1.46111 0.035199 -0.337524
1.46121 0.030608 -0.337524
1.47104 0.02619 -0.339774
1.47112 0.021569 -0.339774
1.46144 0.016835 -0.337524
1.46148 0.012244 -0.337524
1.46151 0.007908 -0.337524
1.46153 0.003316 -0.337524
1.46153 -0.001275 -0.337524
1.45178 -0.005828 -0.335273
1.4615 -0.010458 -0.337524
1.46145 -0.015305 -0.337524
1.47114 -0.020029 -0.339774
1.48081 -0.024814 -0.342024
1.50022 -0.029591 -0.346524
1.50986 -0.034527 -0.348774
1.5 -0.039017 -0.346524
1.49987 -0.043729 -0.346524
1.49972 -0.048441 -0.346524
1.49957 -0.053152 -0.346524
1.49939 -0.057863 -0.346524
1.4992 -0.062573 -0.346524
1.499 -0.067283 -0.346524
1.50851 -0.072459 -0.348774
1.49855 -0.0767 -0.346524
1.50803 -0.081936 -0.348774
1.49805 -0.085852 -0.346524
1.48805 -0.08997 -0.344274
1.49748 -0.095263 -0.346524
1.51662 -0.101265 -0.351024
1.48713 -0.10399 -0.344274
1.49652 -0.109372 -0.346524
1.50588 -0.114814 -0.348774
1.50551 -0.119544 -0.348774
1.44687 -0.119462 -0.335273
1.4659 -0.125672 -0.339774
1.4655 -0.130277 -0.339774
1.45538 -0.133987 -0.337524
1.46465 -0.139482 -0.339774
1.4739 -0.145037 -0.342024
1.47344 -0.149666 -0.342024
1.45358 -0.152264 -0.337524
1.46281 -0.15762 -0.339774
1.46228 -0.16247 -0.339774
1.46176 -0.167063 -0.339774
1.46123 -0.171655 -0.339774
1.46071 -0.17599 -0.339774
1.46982 -0.181774 -0.342024
1.45958 -0.185164 -0.339774
1.46865 -0.191005 -0.342024
1.45839 -0.194331 -0.339774
1.45777 -0.198912 -0.339774
1.45714 -0.203491 -0.339774
1.45649 -0.208067 -0.339774
1.45583 -0.212642 -0.339774
1.46479 -0.218653 -0.342024
1.45446 -0.221785 -0.339774
1.45376 -0.226353 -0.339774
1.47229 -0.233978 -0.344274
1.49078 -0.241721 -0.348774
1.49001 -0.246403 -0.348774
1.49884 -0.252703 -0.351024
1.48844 -0.25576 -0.348774
1.49722 -0.262115 -0.351024
1.49639 -0.266818 -0.351024
1.50513 -0.273258 -0.353275
1.50427 -0.277985 -0.353275
1.50339 -0.282709 -0.353275
1.50249 -0.287431 -0.353275
1.50158 -0.29215 -0.353275
1.50071 -0.296604 -0.353275
1.49977 -0.301317 -0.353275
1.48922 -0.304338 -0.351024
1.49779 -0.310996 -0.353275
1.49686 -0.315438 -0.353275
1.50539 -0.322178 -0.355525
1.49485 -0.324837 -0.353275
1.50334 -0.331631 -0.355525
1.50229 -0.336352 -0.355525
1.46322 -0.332435 -0.346524
1.46217 -0.33703 -0.346524
1.4611 -0.341622 -0.346524
1.4695 -0.348459 -0.348774
1.45893 -0.350796 -0.346524
1.45782 -0.355377 -0.346524
1.45669 -0.359955 -0.346524
1.45555 -0.36453 -0.346524
1.46385 -0.371498 -0.348774
1.46267 -0.376095 -0.348774
1.45205 -0.378232 -0.346524
1.46028 -0.385277 -0.348774
1.45906 -0.389863 -0.348774
1.46724 -0.39699 -0.351024
1.45658 -0.399023 -0.348774
1.46471 -0.406201 -0.351024
1.46343 -0.4108 -0.351024
1.45276 -0.412733 -0.348774
1.46082 -0.419987 -0.351024
1.45949 -0.424574 -0.351024
1.45815 -0.429157 -0.351024
1.44746 -0.430956 -0.348774
1.46476 -0.44112 -0.353275
1.45404 -0.442881 -0.351024
1.46195 -0.450315 -0.353275
1.45123 -0.452008 -0.351024
1.4591 -0.459492 -0.353275
1.45765 -0.464073 -0.353275
1.44691 -0.465665 -0.351024
1.44544 -0.470209 -0.351024
1.44395 -0.474747 -0.351024
1.44254 -0.479029 -0.351024
1.44103 -0.483559 -0.351024
1.4522 0.453144 -0.297121
1.45361 0.448579 -0.297121
1.45502 0.44401 -0.297121
1.4564 0.439437 -0.297121
1.45778 0.434859 -0.297121
1.44972 0.427501 -0.295205
1.46048 0.425691 -0.297121
1.45238 0.418384 -0.295205
1.46313 0.416507 -0.297121
1.46436 0.412164 -0.297121
1.45619 0.404931 -0.295205
1.47638 0.405554 -0.299038
1.47765 0.400914 -0.299038
1.4789 0.39627 -0.299038
1.47065 0.389112 -0.297121
1.47187 0.384489 -0.297121
1.46356 0.377413 -0.295205
1.50279 0.382497 -0.302872
1.48494 0.372992 -0.299038
1.48604 0.368584 -0.299038
1.48726 0.363654 -0.299038
1.50747 0.363582 -0.302872
1.51816 0.361116 -0.304789
1.50967 0.354367 -0.302872
1.46296 0.338558 -0.293288
1.49273 0.340509 -0.299038
1.49379 0.335818 -0.299038
1.45651 0.322633 -0.291371
1.47669 0.322241 -0.295205
1.50648 0.323787 -0.300955
1.47869 0.312955 -0.295205
1.47005 0.306307 -0.293288
1.43255 0.2938 -0.28562
1.50081 0.30289 -0.299038
1.47287 0.292439 -0.293288
1.48337 0.28995 -0.295205
1.48427 0.285289 -0.295205
1.48516 0.280624 -0.295205
1.48604 0.275957 -0.295205
1.47724 0.269525 -0.293288
1.4974 0.268346 -0.297121
1.4789 0.260239 -0.293288
1.48939 0.257262 -0.295205
1.47083 0.249301 -0.291371
1.48129 0.246289 -0.293288
1.49174 0.243213 -0.295205
1.48281 0.236977 -0.293288
1.48351 0.232576 -0.293288
1.47453 0.226424 -0.291371
1.47523 0.221791 -0.291371
1.48563 0.218584 -0.293288
1.49603 0.215315 -0.295205
1.48698 0.209246 -0.293288
1.48763 0.204573 -0.293288
1.46881 0.197285 -0.289454
1.45969 0.191394 -0.287537
1.47002 0.188053 -0.289454
1.49982 0.187078 -0.295205
1.5004 0.182365 -0.295205
1.48147 0.175344 -0.291371
1.46251 0.168443 -0.287537
1.53131 0.171494 -0.300955
1.48306 0.161374 -0.291371
1.49329 0.158005 -0.293288
1.48402 0.152311 -0.291371
1.48451 0.147389 -0.291371
1.48497 0.142725 -0.291371
1.46584 0.136498 -0.287537
1.52491 0.137168 -0.299038
1.48623 0.128983 -0.291371
1.4964 0.125131 -0.293288
1.51636 0.122003 -0.297121
1.47759 0.114213 -0.289454
1.49752 0.111021 -0.293288
1.47828 0.104927 -0.289454
1.4786 0.100282 -0.289454
1.4985 0.096903 -0.293288
1.46939 0.090644 -0.287537
1.46967 0.086028 -0.287537
1.50913 0.083581 -0.295205
1.49958 0.078327 -0.293288
1.49002 0.073134 -0.291371
1.49024 0.068453 -0.291371
1.49045 0.063771 -0.291371
1.49064 0.059089 -0.291371
1.49082 0.054405 -0.291371
1.48117 0.049394 -0.289454
1.49113 0.045037 -0.291371
1.48145 0.040087 -0.289454
1.48157 0.035433 -0.289454
1.48168 0.030778 -0.289454
1.47195 0.02595 -0.287537
1.48184 0.021468 -0.289454
1.4819 0.016813 -0.289454
1.49176 0.012238 -0.291371
1.48198 0.00776 -0.289454
1.48199 0.003103 -0.289454
1.49181 -0.001562 -0.291371
1.48198 -0.006208 -0.289454
1.48196 -0.010864 -0.289454
1.46229 -0.015569 -0.28562
1.48186 -0.020433 -0.289454
1.48179 -0.025089 -0.289454
1.51114 -0.030071 -0.295205
1.4816 -0.03414 -0.289454
1.51092 -0.039565 -0.295205
1.51079 -0.044311 -0.295205
1.48122 -0.048102 -0.289454
1.47125 -0.052406 -0.287537
1.51031 -0.058548 -0.295205
1.4905 -0.062471 -0.291371
1.47069 -0.066269 -0.287537
1.49988 -0.072307 -0.293288
1.48985 -0.076515 -0.291371
1.4896 -0.081195 -0.291371
1.50895 -0.086741 -0.295205
1.48908 -0.090293 -0.291371
1.47899 -0.094346 -0.289454
1.50806 -0.100959 -0.295205
1.49795 -0.10501 -0.293288
1.5074 -0.110432 -0.295205
1.48748 -0.113672 -0.291371
1.50668 -0.119901 -0.295205
1.45739 -0.120587 -0.28562
1.47656 -0.126845 -0.289454
1.49571 -0.133225 -0.293288
1.48551 -0.137022 -0.291371
1.48507 -0.141688 -0.291371
1.49438 -0.147316 -0.293288
1.49391 -0.15201 -0.293288
1.49343 -0.156702 -0.293288
1.4832 -0.160079 -0.291371
1.49241 -0.166082 -0.293288
1.48213 -0.169654 -0.291371
1.49134 -0.175456 -0.293288
1.49081 -0.17988 -0.293288
1.4805 -0.183357 -0.291371
1.47992 -0.188007 -0.291371
1.47932 -0.192655 -0.291371
1.48844 -0.1986 -0.293288
1.47808 -0.201946 -0.291371
1.47744 -0.206589 -0.291371
1.4865 -0.212619 -0.293288
1.48582 -0.217288 -0.293288
1.49484 -0.223405 -0.295205
1.47473 -0.225138 -0.291371
1.47401 -0.22977 -0.291371
1.48298 -0.235941 -0.293288
1.48223 -0.240599 -0.293288
1.49115 -0.246858 -0.295205
1.5194 -0.256441 -0.300955
1.49924 -0.257886 -0.297121
1.50809 -0.264288 -0.299038
1.51691 -0.270749 -0.300955
1.48708 -0.270249 -0.295205
1.51518 -0.280275 -0.300955
1.50465 -0.283218 -0.299038
1.51339 -0.28979 -0.300955
1.5221 -0.296419 -0.302872
1.49233 -0.29522 -0.297121
1.52989 -0.307646 -0.304789
1.4904 -0.304851 -0.297121
1.50865 -0.313525 -0.300955
1.48851 -0.313949 -0.297121
1.5163 -0.324791 -0.302872
1.51528 -0.329553 -0.302872
1.49507 -0.33008 -0.299038
1.48444 -0.332629 -0.297121
1.44511 -0.328587 -0.289454
1.49189 -0.344155 -0.299038
1.50036 -0.351077 -0.300955
1.4897 -0.353522 -0.299038
1.49812 -0.360497 -0.300955
1.49698 -0.365202 -0.300955
1.49583 -0.369903 -0.300955
1.49466 -0.3746 -0.300955
1.49347 -0.379294 -0.300955
1.50178 -0.38643 -0.302872
1.49106 -0.38867 -0.300955
1.48983 -0.393352 -0.300955
1.49807 -0.400566 -0.302872
1.48733 -0.402706 -0.300955
1.48606 -0.407376 -0.300955
1.49423 -0.414667 -0.302872
1.49292 -0.419359 -0.302872
1.49159 -0.424047 -0.302872
1.49025 -0.428731 -0.302872
1.49832 -0.436154 -0.304789
1.49695 -0.440859 -0.304789
1.47674 -0.439955 -0.300955
1.48475 -0.447424 -0.302872
1.48334 -0.452086 -0.302872
1.48191 -0.456744 -0.302872
1.4711 -0.458477 -0.300955
1.47901 -0.466046 -0.302872
1.47754 -0.47069 -0.302872
1.47605 -0.47533 -0.302872
1.46522 -0.476927 -0.300955
1.46371 -0.481528 -0.300955
1.47159 -0.488963 -0.302872
1.47005 -0.493584 -0.302872
1.47221 0.454036 -0.245057
1.49252 0.45517 -0.248199
1.46558 0.441926 -0.243486
1.45749 0.434498 -0.241915
1.4778 0.4355 -0.245057
1.46019 0.425331 -0.241915
1.4805 0.426206 -0.245057
1.48184 0.421554 -0.245057
1.48308 0.417155 -0.245057
1.48438 0.412493 -0.245057
1.46663 0.402599 -0.241915
1.46788 0.39799 -0.241915
1.47867 0.395931 -0.243486
1.45126 0.38371 -0.238773
1.48112 0.386632 -0.243486
1.48233 0.381977 -0.243486
1.46438 0.37245 -0.240344
1.4847 0.372656 -0.243486
1.4858 0.368249 -0.243486
1.48702 0.36332 -0.243486
1.48815 0.358647 -0.243486
1.47966 0.351686 -0.241915
1.4807 0.347295 -0.241915
1.4914 0.344866 -0.243486
1.48285 0.337984 -0.241915
1.47427 0.331159 -0.240344
1.49459 0.330795 -0.243486
1.47632 0.32189 -0.240344
1.48698 0.319324 -0.241915
1.47831 0.312607 -0.240344
1.48896 0.309975 -0.241915
1.48992 0.305295 -0.241915
1.50056 0.302566 -0.243486
1.54993 0.307458 -0.25134
1.52176 0.297179 -0.246628
1.56148 0.299847 -0.252911
1.55271 0.293107 -0.25134
1.55362 0.288228 -0.25134
1.52538 0.278033 -0.246628
1.56513 0.280201 -0.252911
1.55627 0.273573 -0.25134
1.56686 0.270362 -0.252911
1.55796 0.263789 -0.25134
1.52955 0.254039 -0.246628
1.56933 0.255583 -0.252911
1.53112 0.244424 -0.246628
1.55135 0.242935 -0.24977
1.53259 0.235066 -0.246628
1.56262 0.23465 -0.25134
1.56334 0.22974 -0.25134
1.56406 0.224827 -0.25134
1.56476 0.219912 -0.25134
1.55566 0.213651 -0.24977
1.47801 0.198259 -0.237203
1.48842 0.194898 -0.238773
1.48903 0.190221 -0.238773
1.49942 0.186762 -0.240344
1.49019 0.180861 -0.238773
1.48095 0.175019 -0.237203
1.48149 0.170366 -0.237203
1.48202 0.165711 -0.237203
1.49235 0.162121 -0.238773
1.50264 0.158729 -0.240344
1.49331 0.153002 -0.238773
1.49381 0.148049 -0.238773
1.48444 0.142412 -0.237203
1.51435 0.140749 -0.241915
1.49512 0.134224 -0.238773
1.48569 0.128675 -0.237203
1.50577 0.125649 -0.240344
1.50616 0.120918 -0.240344
1.49668 0.115426 -0.238773
1.49704 0.110723 -0.238773
1.48753 0.105323 -0.237203
1.48785 0.100649 -0.237203
1.48816 0.095974 -0.237203
1.48844 0.091558 -0.237203
1.49858 0.087457 -0.238773
1.53829 0.084927 -0.245057
1.53855 0.080093 -0.245057
1.57825 0.077189 -0.25134
1.56862 0.071779 -0.24977
1.52937 0.065169 -0.243486
1.56904 0.061922 -0.24977
1.52975 0.055559 -0.243486
1.5694 0.052062 -0.24977
1.57942 0.047428 -0.25134
1.54008 0.041404 -0.245057
1.56982 0.037269 -0.24977
1.56993 0.032337 -0.24977
1.5799 0.027577 -0.25134
1.5701 0.022472 -0.24977
1.54054 0.017209 -0.245057
1.58008 0.012686 -0.25134
1.55049 0.007848 -0.246628
1.58013 0.003033 -0.25134
1.58013 -0.00193 -0.25134
1.58012 -0.006895 -0.25134
1.57021 -0.011785 -0.24977
1.51092 -0.01635 -0.240344
1.48123 -0.020683 -0.235632
1.50091 -0.025674 -0.238773
1.50083 -0.030128 -0.238773
1.50072 -0.034842 -0.238773
1.49074 -0.039297 -0.237203
1.4906 -0.04398 -0.237203
1.48059 -0.04834 -0.235632
1.4903 -0.053345 -0.237203
1.49999 -0.05841 -0.238773
1.4998 -0.063123 -0.238773
1.4996 -0.067834 -0.238773
1.50924 -0.073022 -0.240344
1.49914 -0.077255 -0.238773
1.48903 -0.081425 -0.237203
1.47892 -0.085274 -0.235632
1.49836 -0.091119 -0.238773
1.49807 -0.095825 -0.238773
1.49776 -0.100531 -0.238773
1.48758 -0.104544 -0.237203
1.4971 -0.10994 -0.238773
1.4869 -0.113888 -0.237203
1.48653 -0.118559 -0.237203
1.47631 -0.122413 -0.235632
1.52512 -0.131285 -0.243486
1.54437 -0.137831 -0.246628
1.5636 -0.1445 -0.24977
1.56314 -0.149411 -0.24977
1.56266 -0.154321 -0.24977
1.57199 -0.160231 -0.25134
1.5813 -0.166201 -0.252911
1.56116 -0.16877 -0.24977
1.5606 -0.173946 -0.24977
1.56985 -0.179972 -0.25134
1.55947 -0.183748 -0.24977
1.57853 -0.190743 -0.252911
1.56812 -0.194486 -0.25134
1.5675 -0.199411 -0.25134
1.56687 -0.204335 -0.25134
1.54664 -0.206641 -0.248199
1.58512 -0.216853 -0.254482
1.54531 -0.216354 -0.248199
1.53485 -0.219808 -0.246628
1.54392 -0.226059 -0.248199
1.5725 -0.235293 -0.252911
1.49366 -0.228295 -0.240344
1.50269 -0.234509 -0.241915
1.4922 -0.237675 -0.240344
1.49144 -0.242362 -0.240344
1.50041 -0.248661 -0.241915
1.48015 -0.250083 -0.238773
1.49882 -0.258084 -0.241915
1.49801 -0.262791 -0.241915
1.49717 -0.267496 -0.241915
1.49632 -0.272198 -0.241915
1.49546 -0.276897 -0.241915
1.50429 -0.283423 -0.243486
1.51309 -0.290006 -0.245057
1.49278 -0.290979 -0.241915
1.5016 -0.297325 -0.243486
1.50066 -0.302041 -0.243486
1.50933 -0.308997 -0.245057
1.49868 -0.311726 -0.243486
1.48809 -0.314131 -0.241915
1.49675 -0.320875 -0.243486
1.50538 -0.327676 -0.245057
1.50435 -0.332404 -0.245057
1.49366 -0.334967 -0.243486
1.50223 -0.341849 -0.245057
1.51077 -0.348788 -0.246628
1.56736 -0.367044 -0.256053
1.55659 -0.369684 -0.254482
1.52662 -0.367636 -0.24977
1.57343 -0.384141 -0.257624
1.56262 -0.38671 -0.256053
1.57098 -0.39402 -0.257624
1.56016 -0.396521 -0.256053
1.55891 -0.40142 -0.256053
1.55764 -0.406316 -0.256053
1.5659 -0.41373 -0.257624
1.53598 -0.410989 -0.252911
1.56327 -0.42356 -0.257624
1.52384 -0.418019 -0.25134
1.56058 -0.433374 -0.257624
1.55921 -0.438275 -0.257624
1.55783 -0.443171 -0.257624
1.55643 -0.448063 -0.257624
1.52657 -0.444665 -0.252911
1.53464 -0.45225 -0.254482
1.54267 -0.459891 -0.256053
1.49394 -0.450479 -0.248199
1.50197 -0.458051 -0.24977
1.50052 -0.462767 -0.24977
1.49906 -0.467479 -0.24977
1.49758 -0.472186 -0.24977
1.48668 -0.473889 -0.248199
1.48519 -0.478558 -0.248199
1.48368 -0.483221 -0.248199
1.48215 -0.48788 -0.248199
1.47133 -0.48916 -0.246628
1.46065 0.450193 -0.188191
1.44307 0.439815 -0.185747
1.43494 0.432416 -0.184525
1.44581 0.430739 -0.185747
1.44715 0.426195 -0.185747
1.43896 0.418873 -0.184525
1.4498 0.417094 -0.185747
1.45111 0.412538 -0.185747
1.45232 0.40823 -0.185747
1.4536 0.403665 -0.185747
1.44529 0.396471 -0.184525
1.45611 0.394524 -0.185747
1.45734 0.389948 -0.185747
1.45856 0.385367 -0.185747
1.45016 0.378278 -0.184525
1.44173 0.371245 -0.183303
1.4525 0.369159 -0.184525
1.45366 0.364595 -0.184525
1.45473 0.36028 -0.184525
1.44628 0.353099 -0.183303
1.45703 0.350878 -0.184525
1.44847 0.344005 -0.183303
1.44948 0.339707 -0.183303
1.45054 0.335151 -0.183303
1.45159 0.330592 -0.183303
1.4623 0.328204 -0.184525
1.46333 0.323608 -0.184525
1.45464 0.316897 -0.183303
1.45563 0.312325 -0.183303
1.4566 0.30775 -0.183303
1.45756 0.303174 -0.183303
1.44878 0.296602 -0.182081
1.43998 0.290089 -0.180859
1.48956 0.295211 -0.186969
1.50991 0.294592 -0.189413
1.53033 0.293587 -0.191857
1.52149 0.286938 -0.190635
1.52238 0.282156 -0.190635
1.53303 0.279151 -0.191857
1.52412 0.272586 -0.190635
1.52497 0.267797 -0.190635
1.52581 0.263004 -0.190635
1.53641 0.259864 -0.191857
1.52743 0.253412 -0.190635
1.52822 0.248612 -0.190635
1.51919 0.242248 -0.189413
1.5199 0.237739 -0.189413
1.53045 0.234465 -0.190635
1.541 0.231128 -0.191857
1.52208 0.223404 -0.189413
1.52277 0.218621 -0.189413
1.52345 0.213836 -0.189413
1.52411 0.209048 -0.189413
1.51493 0.202941 -0.188191
1.48603 0.194321 -0.184525
1.46694 0.18714 -0.182081
1.46753 0.18253 -0.182081
1.46809 0.177918 -0.182081
1.46864 0.173305 -0.182081
1.45932 0.167559 -0.180859
1.45984 0.162974 -0.180859
1.45048 0.157316 -0.179637
1.45094 0.153011 -0.179637
1.45141 0.148453 -0.179637
1.45189 0.143639 -0.179637
1.45234 0.139077 -0.179637
1.45274 0.134767 -0.179637
1.45316 0.130202 -0.179637
1.45356 0.125637 -0.179637
1.45395 0.12107 -0.179637
1.46422 0.117293 -0.180859
1.45468 0.111932 -0.179637
1.46493 0.108091 -0.180859
1.45536 0.10279 -0.179637
1.46558 0.098885 -0.180859
1.45597 0.093643 -0.179637
1.45625 0.089323 -0.179637
1.45652 0.084748 -0.179637
1.4766 0.081263 -0.182081
1.51649 0.07868 -0.186969
1.51673 0.073915 -0.186969
1.51696 0.06915 -0.186969
1.52708 0.064805 -0.188191
1.52728 0.060007 -0.188191
1.52746 0.055209 -0.188191
1.52763 0.050409 -0.188191
1.54762 0.046202 -0.190635
1.53784 0.041076 -0.189413
1.5578 0.036712 -0.191857
1.53806 0.031412 -0.189413
1.52823 0.026408 -0.188191
1.52831 0.021607 -0.188191
1.52837 0.016806 -0.188191
1.52841 0.012005 -0.188191
1.52844 0.007469 -0.188191
1.52846 0.002667 -0.188191
1.52846 -0.002134 -0.188191
1.52844 -0.006936 -0.188191
1.52841 -0.011738 -0.188191
1.47874 -0.01626 -0.182081
1.48861 -0.021046 -0.183303
1.46869 -0.02538 -0.180859
1.48845 -0.030139 -0.183303
1.46851 -0.034351 -0.180859
1.46839 -0.038964 -0.180859
1.46826 -0.043577 -0.180859
1.4582 -0.047864 -0.179637
1.44812 -0.052088 -0.178415
1.45787 -0.057025 -0.179637
1.45768 -0.061605 -0.179637
1.45748 -0.066184 -0.179637
1.44735 -0.070281 -0.178415
1.46695 -0.075853 -0.180859
1.45679 -0.079917 -0.179637
1.46646 -0.084812 -0.180859
1.46618 -0.089419 -0.180859
1.4659 -0.094024 -0.180859
1.47549 -0.099296 -0.182081
1.46528 -0.103233 -0.180859
1.47484 -0.108564 -0.182081
1.4547 -0.111678 -0.179637
1.45434 -0.116247 -0.179637
1.46386 -0.121638 -0.180859
1.45359 -0.125383 -0.179637
1.48284 -0.132601 -0.183303
1.52195 -0.140919 -0.188191
1.54126 -0.147592 -0.190635
1.52103 -0.150479 -0.188191
1.53043 -0.156265 -0.189413
1.52993 -0.161072 -0.189413
1.52944 -0.165611 -0.189413
1.52889 -0.170681 -0.189413
1.52834 -0.175484 -0.189413
1.53764 -0.181447 -0.190635
1.52724 -0.184816 -0.189413
1.5365 -0.190837 -0.190635
1.52605 -0.194409 -0.189413
1.52543 -0.199202 -0.189413
1.53464 -0.205309 -0.190635
1.53398 -0.21013 -0.190635
1.53331 -0.214948 -0.190635
1.53263 -0.219764 -0.190635
1.54175 -0.226017 -0.191857
1.52141 -0.227919 -0.189413
1.52068 -0.232697 -0.189413
1.48072 -0.231345 -0.184525
1.48979 -0.237559 -0.185747
1.48903 -0.242238 -0.185747
1.47847 -0.24529 -0.184525
1.47769 -0.249933 -0.184525
1.4769 -0.254575 -0.184525
1.46632 -0.257496 -0.183303
1.47527 -0.263849 -0.184525
1.46467 -0.266704 -0.183303
1.47359 -0.273113 -0.184525
1.47272 -0.277741 -0.184525
1.47184 -0.282367 -0.184525
1.46121 -0.285089 -0.183303
1.46035 -0.289423 -0.183303
1.46917 -0.295969 -0.184525
1.46818 -0.30084 -0.184525
1.46722 -0.30545 -0.184525
1.47602 -0.311854 -0.185747
1.47504 -0.31649 -0.185747
1.48373 -0.323235 -0.186969
1.47302 -0.325751 -0.185747
1.47199 -0.330377 -0.185747
1.46127 -0.332796 -0.184525
1.47955 -0.341854 -0.186969
1.51713 -0.355559 -0.191857
1.52566 -0.362619 -0.193079
1.52451 -0.36741 -0.193079
1.52335 -0.372197 -0.193079
1.52217 -0.376981 -0.193079
1.53061 -0.384178 -0.194301
1.51977 -0.386538 -0.193079
1.52816 -0.393787 -0.194301
1.52692 -0.398586 -0.194301
1.52566 -0.403381 -0.194301
1.54356 -0.413306 -0.196745
1.52309 -0.412959 -0.194301
1.56964 -0.430878 -0.200411
1.51091 -0.419863 -0.193079
1.52869 -0.429983 -0.195523
1.52733 -0.434783 -0.195523
1.51642 -0.436832 -0.194301
1.50551 -0.438816 -0.193079
1.50412 -0.443544 -0.193079
1.4837 -0.442593 -0.190635
1.4728 -0.444385 -0.189413
1.46191 -0.446112 -0.188191
1.47946 -0.456556 -0.190635
1.46855 -0.458245 -0.189413
1.4671 -0.462857 -0.189413
1.46564 -0.467464 -0.189413
1.46416 -0.472066 -0.189413
1.46267 -0.476663 -0.189413
1.46117 -0.481256 -0.189413
1.45032 -0.482456 -0.188191
1.46604 0.451573 -0.135663
1.45792 0.444063 -0.134782
1.44024 0.433736 -0.13302
1.46069 0.434894 -0.134782
1.44293 0.424678 -0.13302
1.45382 0.422925 -0.133901
1.45515 0.418356 -0.133901
1.45645 0.413783 -0.133901
1.44808 0.406765 -0.13302
1.44936 0.402214 -0.13302
1.46022 0.400292 -0.133901
1.49993 0.406116 -0.137425
1.53969 0.411695 -0.140949
1.55061 0.409398 -0.141829
1.54225 0.402012 -0.140949
1.53385 0.394683 -0.140068
1.52543 0.38741 -0.139187
1.55563 0.389881 -0.141829
1.54718 0.3826 -0.140949
1.53869 0.375377 -0.140068
1.54955 0.372872 -0.140949
1.55071 0.368002 -0.140949
1.5518 0.3634 -0.140949
1.53352 0.354041 -0.139187
1.54434 0.351431 -0.140068
1.54543 0.346579 -0.140068
1.54651 0.341722 -0.140068
1.54758 0.336861 -0.140068
1.54863 0.331998 -0.140068
1.54967 0.32713 -0.140068
1.55069 0.322261 -0.140068
1.51266 0.309403 -0.136544
1.47456 0.296787 -0.13302
1.46571 0.290219 -0.132139
1.46657 0.285869 -0.132139
1.46746 0.28126 -0.132139
1.46833 0.276648 -0.132139
1.4692 0.272034 -0.132139
1.47004 0.267417 -0.132139
1.48068 0.26455 -0.13302
1.47169 0.258176 -0.132139
1.4725 0.253551 -0.132139
1.47329 0.248923 -0.132139
1.46423 0.242665 -0.131258
1.46499 0.238064 -0.131258
1.46573 0.233461 -0.131258
1.46642 0.22911 -0.131258
1.46713 0.224502 -0.131258
1.46783 0.219892 -0.131258
1.46851 0.21528 -0.131258
1.45932 0.209252 -0.130377
1.46984 0.206049 -0.131258
1.47047 0.20143 -0.131258
1.4711 0.196809 -0.131258
1.47171 0.192187 -0.131258
1.49207 0.19008 -0.13302
1.56186 0.193986 -0.139187
1.53279 0.185488 -0.136544
1.55315 0.183003 -0.138306
1.54382 0.176988 -0.137425
1.55427 0.17324 -0.138306
1.535 0.166212 -0.136544
1.54539 0.1627 -0.137425
1.55581 0.158856 -0.138306
1.54641 0.152717 -0.137425
1.56672 0.149753 -0.139187
1.55724 0.144186 -0.138306
1.55768 0.139293 -0.138306
1.55811 0.1344 -0.138306
1.55852 0.129504 -0.138306
1.549 0.123813 -0.137425
1.56924 0.120471 -0.139187
1.56961 0.11554 -0.139187
1.55009 0.109209 -0.137425
1.56037 0.105007 -0.138306
1.56069 0.100104 -0.138306
1.52121 0.093041 -0.134782
1.47177 0.085378 -0.130377
1.48198 0.081299 -0.131258
1.47228 0.076128 -0.130377
1.47251 0.071502 -0.130377
1.47273 0.066876 -0.130377
1.48288 0.06267 -0.131258
1.47312 0.057622 -0.130377
1.47329 0.052993 -0.130377
1.47345 0.048364 -0.130377
1.48355 0.044031 -0.131258
1.47373 0.039106 -0.130377
1.47384 0.034476 -0.130377
1.4839 0.030047 -0.131258
1.46407 0.025044 -0.129496
1.4741 0.020584 -0.130377
1.48412 0.016061 -0.131258
1.4742 0.011321 -0.130377
1.47423 0.006947 -0.130377
1.47424 0.002315 -0.130377
1.46428 -0.0023 -0.129496
1.47423 -0.006947 -0.130377
1.48416 -0.011916 -0.131258
1.47415 -0.016467 -0.130377
1.48406 -0.021241 -0.131258
1.52382 -0.026598 -0.134782
1.55361 -0.03173 -0.137425
1.54355 -0.036376 -0.136544
1.55338 -0.041491 -0.137425
1.5632 -0.046668 -0.138306
1.56305 -0.051578 -0.138306
1.55292 -0.056129 -0.137425
1.56269 -0.061398 -0.138306
1.55254 -0.065885 -0.137425
1.53242 -0.069855 -0.135663
1.55209 -0.075638 -0.137425
1.5618 -0.08103 -0.138306
1.55159 -0.085389 -0.137425
1.56127 -0.090569 -0.138306
1.57092 -0.096082 -0.139187
1.57061 -0.101016 -0.139187
1.56035 -0.10528 -0.138306
1.55007 -0.109479 -0.137425
1.55966 -0.115081 -0.138306
1.56922 -0.120745 -0.139187
1.56883 -0.125674 -0.139187
1.53865 -0.128122 -0.136544
1.47869 -0.127809 -0.131258
1.47828 -0.132454 -0.131258
1.48778 -0.138017 -0.132139
1.48734 -0.142691 -0.132139
1.47697 -0.14638 -0.131258
1.48641 -0.152033 -0.132139
1.49583 -0.157747 -0.13302
1.48543 -0.161369 -0.132139
1.48492 -0.166035 -0.132139
1.48439 -0.170699 -0.132139
1.47395 -0.174193 -0.131258
1.4932 -0.180962 -0.13302
1.47286 -0.183193 -0.131258
1.48216 -0.18908 -0.132139
1.47168 -0.192444 -0.131258
1.48094 -0.198389 -0.132139
1.47044 -0.201687 -0.131258
1.4698 -0.206305 -0.131258
1.46914 -0.210922 -0.131258
1.47833 -0.216983 -0.132139
1.47764 -0.221626 -0.132139
1.46709 -0.224758 -0.131258
1.47622 -0.230906 -0.132139
1.505 -0.240253 -0.134782
1.55339 -0.252986 -0.139187
1.56242 -0.259497 -0.140068
1.56159 -0.264404 -0.140068
1.56075 -0.269309 -0.140068
1.5599 -0.27421 -0.140068
1.55903 -0.27911 -0.140068
1.55815 -0.284006 -0.140068
1.56704 -0.290717 -0.140949
1.55633 -0.293791 -0.140068
1.56518 -0.300557 -0.140949
1.54468 -0.301654 -0.139187
1.56332 -0.310112 -0.140949
1.56234 -0.315022 -0.140949
1.57104 -0.322203 -0.141829
1.57977 -0.329169 -0.14271
1.5593 -0.329733 -0.140949
1.57773 -0.338813 -0.14271
1.56693 -0.341646 -0.141829
1.56585 -0.346566 -0.141829
1.54531 -0.347118 -0.140068
1.48594 -0.338689 -0.134782
1.47517 -0.341111 -0.133901
1.48379 -0.348019 -0.134782
1.48268 -0.352678 -0.134782
1.48157 -0.357334 -0.134782
1.48044 -0.361987 -0.134782
1.47929 -0.366636 -0.134782
1.46847 -0.368855 -0.133901
1.47696 -0.375924 -0.134782
1.47577 -0.380562 -0.134782
1.48421 -0.387714 -0.135663
1.48298 -0.392375 -0.135663
1.47212 -0.394454 -0.134782
1.48049 -0.401685 -0.135663
1.47922 -0.406334 -0.135663
1.47793 -0.410979 -0.135663
1.46705 -0.412921 -0.134782
1.46574 -0.417528 -0.134782
1.474 -0.42489 -0.135663
1.47265 -0.429518 -0.135663
1.4713 -0.434143 -0.135663
1.46993 -0.438763 -0.135663
1.46854 -0.443378 -0.135663
1.47667 -0.450899 -0.136544
1.46573 -0.452597 -0.135663
1.4643 -0.457199 -0.135663
1.47235 -0.464796 -0.136544
1.47089 -0.469419 -0.136544
1.4694 -0.474038 -0.136544
1.47738 -0.48174 -0.137425
1.4664 -0.483261 -0.136544
1.47441 -0.490755 -0.137425
1.45885 0.454103 -0.080215
1.48891 0.458332 -0.081788
1.45212 0.44202 -0.079691
1.45351 0.437456 -0.079691
1.46444 0.435735 -0.080215
1.45623 0.428314 -0.079691
1.44798 0.42095 -0.079167
1.45889 0.419157 -0.079691
1.45059 0.411844 -0.079167
1.45181 0.407538 -0.079167
1.45308 0.402975 -0.079167
1.43508 0.393131 -0.078118
1.45558 0.393837 -0.079167
1.52435 0.407308 -0.082837
1.53528 0.405064 -0.083361
1.53654 0.400239 -0.083361
1.54746 0.397897 -0.083885
1.53903 0.390577 -0.083361
1.54025 0.38574 -0.083361
1.54145 0.380899 -0.083361
1.55234 0.378419 -0.083885
1.54381 0.371206 -0.083361
1.55469 0.368659 -0.083885
1.53633 0.359493 -0.082837
1.55691 0.359155 -0.083885
1.54829 0.352047 -0.083361
1.54939 0.347183 -0.083361
1.55048 0.342313 -0.083361
1.54179 0.335318 -0.082837
1.54283 0.330472 -0.082837
1.54386 0.325623 -0.082837
1.55465 0.322803 -0.083361
1.51652 0.309919 -0.081264
1.47833 0.297278 -0.079167
1.49885 0.296508 -0.080215
1.47032 0.286333 -0.078643
1.47121 0.281713 -0.078643
1.47209 0.277089 -0.078643
1.48277 0.274279 -0.079167
1.48362 0.26962 -0.079167
1.48446 0.264958 -0.079167
1.47545 0.25857 -0.078643
1.47626 0.253933 -0.078643
1.47705 0.249293 -0.078643
1.46797 0.243021 -0.078118
1.47858 0.240008 -0.078643
1.48919 0.236931 -0.079167
1.47016 0.229432 -0.078118
1.48074 0.22632 -0.078643
1.48144 0.221668 -0.078643
1.48213 0.217013 -0.078643
1.47292 0.21094 -0.078118
1.47358 0.206311 -0.078118
1.47422 0.20168 -0.078118
1.46495 0.195726 -0.077594
1.45565 0.189831 -0.07707
1.47606 0.187778 -0.078118
1.52619 0.189285 -0.08074
1.5466 0.186885 -0.081788
1.53727 0.180859 -0.081264
1.55767 0.1783 -0.082312
1.55822 0.173405 -0.082312
1.56869 0.169583 -0.082837
1.55925 0.163884 -0.082312
1.55976 0.158984 -0.082312
1.56028 0.153812 -0.082312
1.56075 0.148909 -0.082312
1.56119 0.144277 -0.082312
1.55169 0.138484 -0.081788
1.56206 0.134466 -0.082312
1.56248 0.129558 -0.082312
1.56288 0.124648 -0.082312
1.56326 0.119738 -0.082312
1.56363 0.114825 -0.082312
1.57395 0.110614 -0.082837
1.55436 0.10433 -0.081788
1.55468 0.099446 -0.081788
1.545 0.094225 -0.081264
1.48547 0.085912 -0.078118
1.4957 0.08179 -0.078643
1.47601 0.076063 -0.077594
1.47624 0.071425 -0.077594
1.47645 0.066787 -0.077594
1.47666 0.062149 -0.077594
1.46687 0.057121 -0.07707
1.47702 0.052869 -0.077594
1.47718 0.048228 -0.077594
1.4873 0.043882 -0.078118
1.47745 0.038947 -0.077594
1.47757 0.034305 -0.077594
1.47767 0.029663 -0.077594
1.47775 0.02502 -0.077594
1.47782 0.020378 -0.077594
1.47788 0.015735 -0.077594
1.46794 0.011017 -0.07707
1.46796 0.006661 -0.07707
1.47796 0.002063 -0.077594
1.47796 -0.00258 -0.077594
1.47795 -0.007223 -0.077594
1.47792 -0.012124 -0.077594
1.47787 -0.016767 -0.077594
1.44785 -0.020975 -0.076021
1.50769 -0.02658 -0.079167
1.54754 -0.031876 -0.081264
1.54743 -0.036737 -0.081264
1.55729 -0.041867 -0.081788
1.56713 -0.047059 -0.082312
1.56698 -0.051982 -0.082312
1.56681 -0.056905 -0.082312
1.5766 -0.06222 -0.082837
1.56642 -0.066748 -0.082312
1.57618 -0.072125 -0.082837
1.55599 -0.076101 -0.081788
1.57569 -0.082027 -0.082837
1.57543 -0.086977 -0.082837
1.55522 -0.090491 -0.081788
1.5649 -0.095988 -0.082312
1.55463 -0.100261 -0.081788
1.56427 -0.105818 -0.082312
1.56393 -0.110732 -0.082312
1.56357 -0.115645 -0.082312
1.57316 -0.121324 -0.082837
1.58272 -0.127065 -0.083361
1.55246 -0.129545 -0.081788
1.49235 -0.129252 -0.078643
1.48199 -0.133046 -0.078118
1.48156 -0.137701 -0.078118
1.48112 -0.142355 -0.078118
1.48067 -0.147008 -0.078118
1.49014 -0.152676 -0.078643
1.47972 -0.156308 -0.078118
1.47922 -0.160956 -0.078118
1.47871 -0.165602 -0.078118
1.4881 -0.171389 -0.078643
1.47764 -0.17489 -0.078118
1.48703 -0.180477 -0.078643
1.48645 -0.185147 -0.078643
1.48586 -0.189816 -0.078643
1.48526 -0.194483 -0.078643
1.48464 -0.199148 -0.078643
1.48401 -0.203811 -0.078643
1.48336 -0.208473 -0.078643
1.4827 -0.213132 -0.078643
1.48202 -0.217789 -0.078643
1.48133 -0.222443 -0.078643
1.48062 -0.227096 -0.078643
1.46017 -0.228656 -0.077594
1.48903 -0.23797 -0.079167
1.53755 -0.250682 -0.081788
1.55646 -0.258787 -0.082837
1.55564 -0.263675 -0.082837
1.56464 -0.270261 -0.083361
1.56379 -0.275175 -0.083361
1.56291 -0.280086 -0.083361
1.56203 -0.284995 -0.083361
1.57094 -0.291724 -0.083885
1.57002 -0.296658 -0.083885
1.56908 -0.301589 -0.083885
1.56812 -0.306517 -0.083885
1.56721 -0.311168 -0.083885
1.55643 -0.314115 -0.083361
1.56517 -0.321282 -0.083885
1.56415 -0.326198 -0.083885
1.56317 -0.330837 -0.083885
1.56213 -0.335746 -0.083885
1.55131 -0.338523 -0.083361
1.55999 -0.345555 -0.083885
1.52966 -0.343883 -0.082312
1.49937 -0.342024 -0.08074
1.49829 -0.346733 -0.08074
1.48747 -0.349156 -0.080215
1.49608 -0.35614 -0.08074
1.48524 -0.358495 -0.080215
1.50351 -0.367906 -0.081264
1.49265 -0.370224 -0.08074
1.49148 -0.374911 -0.08074
1.4903 -0.379595 -0.08074
1.49877 -0.386771 -0.081264
1.48788 -0.388952 -0.08074
1.48665 -0.393624 -0.08074
1.48541 -0.398292 -0.08074
1.49379 -0.405574 -0.081264
1.48288 -0.407618 -0.08074
1.48159 -0.412274 -0.08074
1.4899 -0.419634 -0.081264
1.48857 -0.424313 -0.081264
1.48723 -0.428987 -0.081264
1.48588 -0.433657 -0.081264
1.47493 -0.435495 -0.08074
1.47356 -0.440127 -0.08074
1.47217 -0.444754 -0.08074
1.48031 -0.452294 -0.081264
1.47888 -0.456943 -0.081264
1.47744 -0.461587 -0.081264
1.47598 -0.466226 -0.081264
1.48403 -0.473898 -0.081788
1.47303 -0.47549 -0.081264
1.46203 -0.477018 -0.08074
1.46053 -0.481609 -0.08074
1.45909 -0.48594 -0.08074
1.47178 0.452498 -0.026466
1.48276 0.450781 -0.026637
1.45545 0.437486 -0.026122
1.4664 0.435759 -0.026294
1.46776 0.43115 -0.026294
1.46911 0.426537 -0.026294
1.47037 0.422176 -0.026294
1.46207 0.414826 -0.026122
1.45373 0.407532 -0.02595
1.46464 0.405631 -0.026122
1.46591 0.401028 -0.026122
1.45751 0.393813 -0.02595
1.4684 0.391809 -0.026122
1.46962 0.387194 -0.026122
1.48051 0.385092 -0.026294
1.47203 0.377953 -0.026122
1.47314 0.373584 -0.026122
1.46461 0.366526 -0.02595
1.46575 0.361923 -0.02595
1.4766 0.359683 -0.026122
1.468 0.352707 -0.02595
1.4691 0.348093 -0.02595
1.46045 0.341201 -0.025778
1.47126 0.338856 -0.02595
1.47232 0.334231 -0.02595
1.47336 0.329605 -0.02595
1.47439 0.324975 -0.02595
1.4754 0.320341 -0.02595
1.4764 0.315704 -0.02595
1.4676 0.309004 -0.025778
1.46856 0.304393 -0.025778
1.47931 0.301776 -0.02595
1.46059 0.293446 -0.025606
1.48113 0.292734 -0.02595
1.5213 0.295711 -0.026637
1.53204 0.292807 -0.026809
1.54278 0.289838 -0.026981
1.55351 0.286805 -0.027153
1.54457 0.280139 -0.026981
1.54544 0.275285 -0.026981
1.53645 0.268707 -0.026809
1.53729 0.263878 -0.026809
1.54797 0.260707 -0.026981
1.54878 0.255843 -0.026981
1.54953 0.251247 -0.026981
1.56019 0.247947 -0.027153
1.56096 0.243044 -0.027153
1.55183 0.236632 -0.026981
1.55257 0.231755 -0.026981
1.55329 0.226877 -0.026981
1.54409 0.220582 -0.026809
1.55468 0.217113 -0.026981
1.55536 0.212227 -0.026981
1.5461 0.20602 -0.026809
1.49717 0.194714 -0.02595
1.48785 0.188751 -0.025778
1.48844 0.184076 -0.025778
1.48901 0.179399 -0.025778
1.47964 0.173555 -0.025606
1.48017 0.168906 -0.025606
1.48067 0.164513 -0.025606
1.48118 0.159861 -0.025606
1.49159 0.156509 -0.025778
1.48213 0.15081 -0.025606
1.48262 0.145895 -0.025606
1.47312 0.140288 -0.025434
1.47355 0.13566 -0.025434
1.47397 0.131029 -0.025434
1.48433 0.127253 -0.025606
1.48473 0.122589 -0.025606
1.48511 0.117923 -0.025606
1.48547 0.113257 -0.025606
1.48582 0.10859 -0.025606
1.48615 0.103922 -0.025606
1.48645 0.099512 -0.025606
1.49674 0.095478 -0.025778
1.48705 0.09017 -0.025606
1.48732 0.085498 -0.025606
1.48759 0.080826 -0.025606
1.51779 0.077685 -0.026122
1.538 0.073875 -0.026466
1.54821 0.069492 -0.026637
1.53843 0.064211 -0.026466
1.54862 0.059762 -0.026637
1.5488 0.054897 -0.026637
1.54896 0.050031 -0.026637
1.53912 0.044873 -0.026466
1.54925 0.040298 -0.026637
1.53937 0.035202 -0.026466
1.54947 0.030563 -0.026637
1.54956 0.025695 -0.026637
1.55963 0.020961 -0.026809
1.55968 0.016334 -0.026809
1.55973 0.011433 -0.026809
1.54976 0.006492 -0.026637
1.54977 0.001623 -0.026637
1.54977 -0.003246 -0.026637
1.54975 -0.008115 -0.026637
1.54972 -0.012983 -0.026637
1.55967 -0.017967 -0.026809
1.50961 -0.022134 -0.02595
1.48954 -0.02652 -0.025606
1.48945 -0.0312 -0.025606
1.48935 -0.035879 -0.025606
1.48923 -0.040557 -0.025606
1.48909 -0.045236 -0.025606
1.48894 -0.049914 -0.025606
1.48878 -0.054591 -0.025606
1.4886 -0.059268 -0.025606
1.48841 -0.063944 -0.025606
1.4882 -0.06862 -0.025606
1.48798 -0.073295 -0.025606
1.48775 -0.077709 -0.025606
1.4875 -0.082383 -0.025606
1.48723 -0.087056 -0.025606
1.47697 -0.091112 -0.025434
1.48666 -0.096398 -0.025606
1.48635 -0.101068 -0.025606
1.496 -0.106447 -0.025778
1.48568 -0.110405 -0.025606
1.4953 -0.115845 -0.025778
1.49493 -0.120542 -0.025778
1.48458 -0.124402 -0.025606
1.47422 -0.1282 -0.025434
1.49372 -0.134625 -0.025778
1.54307 -0.143961 -0.026637
1.56252 -0.150728 -0.026981
1.56203 -0.155636 -0.026981
1.55162 -0.159249 -0.026809
1.56105 -0.165175 -0.026981
1.55059 -0.168995 -0.026809
1.55005 -0.173866 -0.026809
1.55943 -0.17988 -0.026981
1.54893 -0.183602 -0.026809
1.54837 -0.188197 -0.026809
1.5577 -0.194298 -0.026981
1.55704 -0.199462 -0.026981
1.56632 -0.205654 -0.027153
1.55576 -0.209241 -0.026981
1.565 -0.215492 -0.027153
1.56432 -0.220407 -0.027153
1.55372 -0.223894 -0.026981
1.5629 -0.230232 -0.027153
1.55228 -0.233652 -0.026981
1.55154 -0.238528 -0.026981
1.50139 -0.235649 -0.026122
1.50065 -0.240365 -0.026122
1.49002 -0.243466 -0.02595
1.48925 -0.248145 -0.02595
1.49831 -0.254497 -0.026122
1.48766 -0.257498 -0.02595
1.49669 -0.263906 -0.026122
1.48601 -0.26684 -0.02595
1.495 -0.273305 -0.026122
1.49413 -0.278 -0.026122
1.48343 -0.280833 -0.02595
1.49241 -0.287122 -0.026122
1.4915 -0.291809 -0.026122
1.48082 -0.294284 -0.02595
1.47989 -0.298935 -0.02595
1.48868 -0.305853 -0.026122
1.48771 -0.310528 -0.026122
1.48673 -0.315201 -0.026122
1.48573 -0.31987 -0.026122
1.48472 -0.324536 -0.026122
1.48369 -0.329199 -0.026122
1.48265 -0.333858 -0.026122
1.49134 -0.340741 -0.026294
1.50001 -0.347683 -0.026466
1.53784 -0.361546 -0.027153
1.55615 -0.371013 -0.027497
1.56469 -0.37825 -0.027669
1.5635 -0.383164 -0.027669
1.55258 -0.385663 -0.027497
1.55136 -0.390539 -0.027497
1.55982 -0.397882 -0.027669
1.55856 -0.40278 -0.027669
1.54761 -0.405142 -0.027497
1.556 -0.412565 -0.027669
1.55469 -0.417451 -0.027669
1.57267 -0.42758 -0.028012
1.56168 -0.429865 -0.02784
1.55069 -0.432085 -0.027669
1.56857 -0.442383 -0.028012
1.56717 -0.447308 -0.028012
1.56576 -0.452229 -0.028012
1.55473 -0.454342 -0.02784
1.56289 -0.462058 -0.028012
1.50395 -0.449777 -0.026981
1.50253 -0.4545 -0.026981
1.49153 -0.456293 -0.026809
1.48054 -0.458021 -0.026637
1.4791 -0.46267 -0.026637
1.47764 -0.467315 -0.026637
1.49521 -0.478044 -0.026981
1.48418 -0.479665 -0.026809
1.49226 -0.487169 -0.026981
1.47173 -0.485589 -0.026637
1.46071 -0.487048 -0.026466
1.38503 0.425563 0.388044
1.39561 0.424018 0.390631
1.39693 0.419631 0.390631
1.39824 0.41524 0.390631
1.39954 0.410845 0.390631
1.40082 0.406447 0.390631
1.40202 0.402289 0.390631
1.39399 0.395247 0.388044
1.39522 0.390866 0.388044
1.39644 0.38648 0.388044
1.39765 0.382092 0.388044
1.39884 0.377699 0.388044
1.40002 0.373302 0.388044
1.40119 0.368903 0.388044
1.39299 0.362068 0.385457
1.40348 0.360091 0.388044
1.39518 0.353553 0.385457
1.39628 0.349168 0.385457
1.39737 0.34478 0.385457
1.39845 0.340388 0.385457
1.39951 0.335993 0.385457
1.40056 0.331595 0.385457
1.40159 0.327193 0.385457
1.40262 0.322788 0.385457
1.3942 0.316243 0.38287
1.39519 0.311862 0.38287
1.39616 0.307477 0.38287
1.39712 0.303089 0.38287
1.39807 0.298699 0.38287
1.399 0.294305 0.38287
1.39991 0.289909 0.38287
1.40082 0.285509 0.38287
1.39219 0.27945 0.380283
1.40254 0.276947 0.38287
1.4034 0.272539 0.38287
1.40425 0.268129 0.38287
1.40508 0.263716 0.38287
1.40591 0.2593 0.38287
1.39721 0.25316 0.380283
1.40751 0.250462 0.38287
1.39877 0.244376 0.380283
1.40905 0.241614 0.38287
1.40028 0.235583 0.380283
1.40101 0.231183 0.380283
1.40169 0.227025 0.380283
1.4024 0.22262 0.380283
1.40309 0.218213 0.380283
1.40377 0.213804 0.380283
1.40444 0.209393 0.380283
1.39553 0.203586 0.377696
1.40572 0.200565 0.380283
1.40635 0.196148 0.380283
1.39739 0.190424 0.377696
1.40755 0.187307 0.380283
1.40813 0.182885 0.380283
1.39912 0.177246 0.377696
1.39008 0.171666 0.375109
1.4002 0.168451 0.377696
1.40073 0.164052 0.377696
1.40123 0.159651 0.377696
1.4113 0.156557 0.380283
1.40218 0.151088 0.377696
1.40262 0.146926 0.377696
1.40308 0.14252 0.377696
1.40355 0.137866 0.377696
1.40397 0.133456 0.377696
1.40438 0.129045 0.377696
1.40478 0.124632 0.377696
1.40517 0.120219 0.377696
1.40554 0.115803 0.377696
1.40589 0.111387 0.377696
1.39661 0.106237 0.375109
1.40657 0.102552 0.377696
1.40688 0.098132 0.377696
1.40717 0.093957 0.377696
1.39781 0.088923 0.375109
1.39809 0.084531 0.375109
1.39835 0.080139 0.375109
1.40824 0.076267 0.377696
1.40847 0.071843 0.377696
1.40869 0.067417 0.377696
1.40889 0.062992 0.377696
1.40908 0.058566 0.377696
1.40926 0.054138 0.377696
1.40942 0.049711 0.377696
1.40957 0.045282 0.377696
1.40971 0.040854 0.377696
1.40017 0.036176 0.375109
1.40028 0.031777 0.375109
1.40037 0.027378 0.375109
1.40045 0.022978 0.375109
1.41018 0.018706 0.377696
1.41023 0.014522 0.377696
1.4006 0.010023 0.375109
1.41029 0.005661 0.377696
1.40064 0.001222 0.375109
1.4103 -0.0032 0.377696
1.41028 -0.00763 0.377696
1.41025 -0.012061 0.377696
1.40054 -0.016378 0.375109
1.40049 -0.020778 0.375109
1.41007 -0.025351 0.377696
1.40998 -0.029781 0.377696
1.40023 -0.033976 0.375109
1.40011 -0.038375 0.375109
1.39999 -0.042773 0.375109
1.4095 -0.047497 0.377696
1.40934 -0.051925 0.377696
1.39952 -0.055966 0.375109
1.40899 -0.060779 0.377696
1.40879 -0.065205 0.377696
1.40858 -0.06963 0.377696
1.40837 -0.073809 0.377696
1.39848 -0.077698 0.375109
1.40787 -0.082657 0.377696
1.40761 -0.087079 0.377696
1.40733 -0.091501 0.377696
1.40703 -0.095922 0.377696
1.40673 -0.100342 0.377696
1.41604 -0.105478 0.380283
1.4157 -0.109926 0.380283
1.40572 -0.113595 0.377696
1.40535 -0.118011 0.377696
1.40498 -0.122425 0.377696
1.40458 -0.126839 0.377696
1.40418 -0.131251 0.377696
1.40376 -0.135661 0.377696
1.41294 -0.14103 0.380283
1.41251 -0.145222 0.380283
1.41205 -0.149658 0.380283
1.41157 -0.154094 0.380283
1.41108 -0.158528 0.380283
1.41058 -0.16296 0.380283
1.41006 -0.167391 0.380283
1.40956 -0.171574 0.380283
1.40901 -0.176001 0.380283
1.40842 -0.180672 0.380283
1.40784 -0.185096 0.380283
1.40726 -0.189518 0.380283
1.40665 -0.193938 0.380283
1.40604 -0.198356 0.380283
1.41497 -0.204152 0.38287
1.40476 -0.207187 0.380283
1.41366 -0.213038 0.38287
1.41298 -0.217478 0.38287
1.41229 -0.221916 0.38287
1.40205 -0.224823 0.380283
1.4204 -0.232345 0.385457
1.41014 -0.235217 0.38287
1.40939 -0.239646 0.38287
1.40863 -0.244072 0.38287
1.40786 -0.248496 0.38287
1.40707 -0.252918 0.38287
1.41577 -0.259076 0.385457
1.40545 -0.261754 0.38287
1.40462 -0.266168 0.38287
1.41331 -0.272161 0.385457
1.41245 -0.2766 0.385457
1.41162 -0.280789 0.385457
1.41073 -0.285223 0.385457
1.40978 -0.289899 0.385457
1.40886 -0.294327 0.385457
1.40793 -0.298751 0.385457
1.40699 -0.303173 0.385457
1.40603 -0.307592 0.385457
1.41448 -0.314101 0.388044
1.40407 -0.31642 0.385457
1.41248 -0.322983 0.388044
1.41146 -0.327418 0.388044
1.41042 -0.331851 0.388044
1.40937 -0.33628 0.388044
1.40831 -0.340706 0.388044
1.41662 -0.34743 0.390631
1.41552 -0.351879 0.390631
1.4144 -0.356324 0.390631
1.41328 -0.360766 0.390631
1.42149 -0.367622 0.393218
1.41098 -0.369638 0.390631
1.40982 -0.374069 0.390631
1.41796 -0.381003 0.393218
1.41676 -0.385456 0.393218
1.41554 -0.389905 0.393218
1.41431 -0.39435 0.393218
1.41306 -0.398791 0.393218
1.4118 -0.403228 0.393218
1.41053 -0.407662 0.393218
1.40924 -0.412091 0.393218
1.4172 -0.419256 0.395805
1.40662 -0.420937 0.393218
1.42378 -0.430951 0.398392
1.41319 -0.432594 0.395805
1.41182 -0.437032 0.395805
1.41966 -0.444351 0.398392
1.40905 -0.445894 0.395805
1.40764 -0.450318 0.395805
1.40622 -0.454738 0.395805
1.40486 -0.458909 0.395805
1.40341 -0.46332 0.395805
1.38363 -0.461613 0.390631
1.36386 -0.459785 0.385457
1.39845 0.424615 0.337697
1.40911 0.423021 0.339948
1.41043 0.418592 0.339948
1.41174 0.414159 0.339948
1.42239 0.412435 0.3422
1.41424 0.405528 0.339948
1.41551 0.401082 0.339948
1.41676 0.396634 0.339948
1.418 0.392181 0.339948
1.40983 0.385156 0.337697
1.41103 0.380726 0.337697
1.42164 0.378799 0.339948
1.4134 0.371852 0.337697
1.40513 0.36496 0.335446
1.4157 0.362964 0.337697
1.41677 0.358762 0.337697
1.41789 0.354309 0.337697
1.419 0.349853 0.337697
1.42009 0.345393 0.337697
1.42117 0.340931 0.337697
1.41275 0.334221 0.335446
1.42329 0.331994 0.337697
1.42432 0.327522 0.337697
1.42534 0.323045 0.337697
1.42635 0.318566 0.337697
1.41783 0.31199 0.335446
1.4188 0.307533 0.335446
1.41976 0.303075 0.335446
1.42071 0.298613 0.335446
1.4121 0.292174 0.333194
1.41301 0.287737 0.333194
1.41385 0.283542 0.333194
1.41474 0.2791 0.333194
1.41561 0.274654 0.333194
1.41646 0.270205 0.333194
1.41731 0.265754 0.333194
1.42772 0.263065 0.335446
1.41895 0.256843 0.333194
1.41975 0.252385 0.333194
1.42053 0.247923 0.333194
1.42131 0.243459 0.333194
1.42206 0.238992 0.333194
1.41319 0.232939 0.330943
1.4235 0.230301 0.333194
1.41459 0.224302 0.330943
1.41529 0.219857 0.330943
1.41597 0.215409 0.330943
1.41664 0.21096 0.330943
1.4173 0.206509 0.330943
1.42759 0.203429 0.333194
1.41857 0.1976 0.330943
1.42884 0.194456 0.333194
1.41978 0.188682 0.330943
1.42037 0.184221 0.330943
1.42094 0.179758 0.330943
1.42149 0.175293 0.330943
1.42204 0.170826 0.330943
1.41289 0.165227 0.328692
1.42308 0.161889 0.330943
1.42356 0.157665 0.330943
1.42405 0.153192 0.330943
1.42449 0.148966 0.330943
1.42496 0.14449 0.330943
1.42543 0.139765 0.330943
1.42586 0.135285 0.330943
1.41657 0.129916 0.328692
1.42668 0.126324 0.330943
1.42707 0.121841 0.330943
1.42745 0.117358 0.330943
1.41809 0.112104 0.328692
1.41844 0.107649 0.328692
1.41877 0.103193 0.328692
1.41909 0.098734 0.328692
1.41938 0.094524 0.328692
1.41966 0.090064 0.328692
1.41994 0.085604 0.328692
1.4202 0.081143 0.328692
1.42045 0.07668 0.328692
1.42069 0.072218 0.328692
1.4209 0.067754 0.328692
1.43084 0.063723 0.330943
1.4213 0.058825 0.328692
1.43122 0.054731 0.330943
1.42164 0.049893 0.328692
1.42179 0.045427 0.328692
1.42193 0.04096 0.328692
1.42205 0.036493 0.328692
1.42216 0.032025 0.328692
1.42225 0.027557 0.328692
1.42233 0.023088 0.328692
1.4224 0.01862 0.328692
1.42245 0.0144 0.328692
1.42248 0.009931 0.328692
1.42251 0.005462 0.328692
1.43226 0.001 0.330943
1.42252 -0.003476 0.328692
1.4225 -0.007945 0.328692
1.42246 -0.012414 0.328692
1.42242 -0.016882 0.328692
1.42236 -0.021351 0.328692
1.42228 -0.025819 0.328692
1.4222 -0.030287 0.328692
1.42209 -0.034755 0.328692
1.43172 -0.039491 0.330943
1.42185 -0.04369 0.328692
1.4217 -0.048156 0.328692
1.42155 -0.052623 0.328692
1.42137 -0.057088 0.328692
1.43092 -0.061975 0.330943
1.43072 -0.06647 0.330943
1.42077 -0.070482 0.328692
1.43029 -0.075208 0.330943
1.43004 -0.079701 0.330943
1.42979 -0.084194 0.330943
1.42951 -0.088685 0.330943
1.42923 -0.093176 0.330943
1.41921 -0.097001 0.328692
1.42861 -0.102154 0.330943
1.41857 -0.105916 0.328692
1.41823 -0.110372 0.328692
1.42759 -0.115613 0.330943
1.42722 -0.120098 0.330943
1.42683 -0.124581 0.330943
1.42644 -0.129063 0.330943
1.41632 -0.132635 0.328692
1.4256 -0.138023 0.330943
1.42516 -0.142501 0.330943
1.43442 -0.147727 0.333194
1.42426 -0.151204 0.330943
1.43346 -0.156737 0.333194
1.43296 -0.161239 0.333194
1.42277 -0.16462 0.330943
1.42225 -0.169089 0.330943
1.42174 -0.173308 0.330943
1.42119 -0.177774 0.330943
1.43025 -0.183727 0.333194
1.42001 -0.186948 0.330943
1.41941 -0.191408 0.330943
1.42846 -0.197199 0.333194
1.42783 -0.201685 0.333194
1.43684 -0.207563 0.335446
1.42654 -0.210653 0.333194
1.42587 -0.215133 0.333194
1.43482 -0.221095 0.335446
1.42449 -0.224088 0.333194
1.42378 -0.228562 0.333194
1.42305 -0.233034 0.333194
1.43192 -0.239108 0.335446
1.42156 -0.24197 0.333194
1.42079 -0.246435 0.333194
1.42961 -0.252593 0.335446
1.4384 -0.258808 0.337697
1.42799 -0.26157 0.335446
1.42716 -0.266055 0.335446
1.41675 -0.268722 0.333194
1.43508 -0.276612 0.337697
1.4342 -0.281119 0.337697
1.4238 -0.283471 0.335446
1.43246 -0.289875 0.337697
1.43149 -0.294623 0.337697
1.42102 -0.297125 0.335446
1.42961 -0.303612 0.337697
1.42865 -0.308102 0.337697
1.42767 -0.312588 0.337697
1.42668 -0.317072 0.337697
1.42568 -0.321552 0.337697
1.43416 -0.328203 0.339948
1.42363 -0.330504 0.337697
1.43207 -0.337208 0.339948
1.431 -0.341705 0.339948
1.42992 -0.346199 0.339948
1.43829 -0.353012 0.3422
1.43718 -0.357529 0.3422
1.43605 -0.362042 0.3422
1.4349 -0.366552 0.3422
1.42431 -0.368617 0.339948
1.43257 -0.37556 0.3422
1.43138 -0.380059 0.3422
1.43959 -0.387084 0.344451
1.42897 -0.389045 0.3422
1.43713 -0.396121 0.344451
1.43588 -0.400634 0.344451
1.44399 -0.407791 0.346702
1.4427 -0.412326 0.346702
1.4414 -0.416856 0.346702
1.44008 -0.421382 0.346702
1.43875 -0.425904 0.346702
1.4374 -0.430422 0.346702
1.43605 -0.434936 0.346702
1.44399 -0.442299 0.348954
1.43328 -0.44395 0.346702
1.43188 -0.448451 0.346702
1.43976 -0.455888 0.348954
1.42904 -0.457438 0.346702
1.43686 -0.464925 0.348954
1.42622 -0.466159 0.346702
1.42474 -0.470638 0.346702
1.39553 -0.465856 0.339948
1.4033 -0.473352 0.3422
1.51088 0.463653 0.307194
1.51233 0.458904 0.307194
1.47615 0.442867 0.299562
1.50577 0.446602 0.305286
1.49775 0.439107 0.303378
1.48969 0.431668 0.30147
1.50991 0.432391 0.305286
1.50174 0.425234 0.303378
1.49362 0.417869 0.30147
1.49493 0.413175 0.30147
1.48675 0.405891 0.299562
1.49749 0.403774 0.30147
1.48927 0.396542 0.299562
1.5 0.394357 0.30147
1.49173 0.387176 0.299562
1.49294 0.382488 0.299562
1.49413 0.377796 0.299562
1.49525 0.373361 0.299562
1.48688 0.366314 0.297654
1.49763 0.363697 0.299562
1.48922 0.356704 0.297654
1.49982 0.354543 0.299562
1.49137 0.347601 0.297654
1.50202 0.345112 0.299562
1.49352 0.338223 0.297654
1.49458 0.33353 0.297654
1.49562 0.328833 0.297654
1.49664 0.324132 0.297654
1.49765 0.319429 0.297654
1.50826 0.31674 0.299562
1.49963 0.310013 0.297654
1.5006 0.3053 0.297654
1.49192 0.298657 0.295746
1.4928 0.29423 0.295746
1.49372 0.289539 0.295746
1.50427 0.286682 0.297654
1.49551 0.280147 0.295746
1.50604 0.277224 0.297654
1.49724 0.270745 0.295746
1.50775 0.267757 0.297654
1.49891 0.261332 0.295746
1.49973 0.256622 0.295746
1.50052 0.251909 0.295746
1.511 0.248789 0.297654
1.50208 0.242477 0.295746
1.50279 0.238019 0.295746
1.51323 0.234802 0.297654
1.51396 0.230046 0.297654
1.50497 0.223845 0.295746
1.50566 0.219116 0.295746
1.50634 0.214384 0.295746
1.50701 0.209651 0.295746
1.50766 0.204915 0.295746
1.49857 0.198887 0.293838
1.49918 0.194178 0.293838
1.50953 0.190697 0.295746
1.50038 0.184755 0.293838
1.50095 0.18004 0.293838
1.51126 0.176462 0.295746
1.5118 0.171714 0.295746
1.49282 0.164809 0.29193
1.50306 0.161427 0.293838
1.50356 0.156704 0.293838
1.50402 0.152242 0.293838
1.50454 0.146992 0.293838
1.4952 0.141601 0.29193
1.50541 0.137798 0.293838
1.50584 0.133068 0.293838
1.50625 0.128337 0.293838
1.49686 0.122802 0.29193
1.50703 0.11887 0.293838
1.50739 0.114135 0.293838
1.49795 0.108689 0.29193
1.50808 0.104662 0.293838
1.5084 0.099924 0.293838
1.50869 0.095447 0.293838
1.49918 0.090118 0.29193
1.50926 0.085967 0.293838
1.49972 0.080697 0.29193
1.50977 0.076482 0.293838
1.5002 0.071272 0.29193
1.51022 0.066994 0.293838
1.50062 0.061845 0.29193
1.491 0.056757 0.290022
1.49117 0.052073 0.290022
1.50113 0.047699 0.29193
1.51109 0.043264 0.293838
1.49159 0.038017 0.290022
1.51133 0.033769 0.293838
1.50161 0.028833 0.29193
1.5017 0.024115 0.29193
1.51158 0.019524 0.293838
1.50182 0.014679 0.29193
1.48222 0.010089 0.288114
1.50188 0.005505 0.29193
1.50189 0.000786 0.29193
1.5117 -0.003958 0.293838
1.49205 -0.008594 0.290022
1.50183 -0.013368 0.29193
1.50178 -0.018349 0.29193
1.50171 -0.023066 0.29193
1.51145 -0.027702 0.293838
1.51136 -0.03245 0.293838
1.51125 -0.037198 0.293838
1.51112 -0.041946 0.293838
1.50117 -0.04639 0.29193
1.51083 -0.051439 0.293838
1.50085 -0.055821 0.29193
1.51048 -0.060931 0.293838
1.50047 -0.06525 0.29193
1.51007 -0.070421 0.293838
1.50984 -0.075164 0.293838
1.50959 -0.079907 0.293838
1.50935 -0.084386 0.293838
1.50908 -0.089127 0.293838
1.50879 -0.093868 0.293838
1.50849 -0.098607 0.293838
1.50817 -0.103346 0.293838
1.50784 -0.108083 0.293838
1.50749 -0.11282 0.293838
1.50713 -0.117555 0.293838
1.50675 -0.122289 0.293838
1.50636 -0.127022 0.293838
1.50595 -0.131754 0.293838
1.50553 -0.136484 0.293838
1.5051 -0.141214 0.293838
1.50465 -0.145941 0.293838
1.50418 -0.150667 0.293838
1.5037 -0.155392 0.293838
1.50323 -0.159853 0.293838
1.51248 -0.165644 0.295746
1.50217 -0.169557 0.293838
1.50163 -0.174276 0.293838
1.51085 -0.179891 0.295746
1.50054 -0.183445 0.293838
1.50972 -0.189117 0.295746
1.50909 -0.194122 0.295746
1.50847 -0.198862 0.295746
1.50784 -0.2036 0.295746
1.50719 -0.208336 0.295746
1.50653 -0.21307 0.295746
1.50585 -0.217802 0.295746
1.50516 -0.222531 0.295746
1.51416 -0.228725 0.297654
1.50373 -0.231984 0.295746
1.51269 -0.238234 0.297654
1.50225 -0.241428 0.295746
1.50148 -0.246146 0.295746
1.51038 -0.25248 0.297654
1.51926 -0.258873 0.299562
1.50877 -0.261965 0.297654
1.50794 -0.266704 0.297654
1.51675 -0.27318 0.299562
1.50623 -0.276173 0.297654
1.50536 -0.280904 0.297654
1.50446 -0.285632 0.297654
1.5132 -0.292218 0.299562
1.51233 -0.296706 0.299562
1.50176 -0.299536 0.297654
1.51049 -0.305939 0.299562
1.49979 -0.309228 0.297654
1.51809 -0.317698 0.30147
1.50748 -0.320424 0.299562
1.51606 -0.32723 0.30147
1.50543 -0.32989 0.299562
1.51397 -0.336749 0.30147
1.50333 -0.339342 0.299562
1.51183 -0.346255 0.30147
1.51073 -0.351003 0.30147
1.50007 -0.353495 0.299562
1.5085 -0.360488 0.30147
1.50736 -0.365225 0.30147
1.5062 -0.369959 0.30147
1.50503 -0.374689 0.30147
1.51337 -0.381817 0.303378
1.51216 -0.386569 0.303378
1.51094 -0.391318 0.303378
1.5097 -0.396063 0.303378
1.50845 -0.400803 0.303378
1.51666 -0.408091 0.305286
1.5059 -0.410273 0.303378
1.5046 -0.415002 0.303378
1.51275 -0.422367 0.305286
1.52086 -0.429787 0.307194
1.51006 -0.431863 0.305286
1.5087 -0.436605 0.305286
1.50732 -0.441343 0.305286
1.50593 -0.446076 0.305286
1.49512 -0.447987 0.303378
1.51249 -0.458376 0.307194
1.50166 -0.460249 0.305286
1.50958 -0.46787 0.307194
1.5081 -0.47261 0.307194
1.51597 -0.480311 0.309102
1.5051 -0.482077 0.307194
1.49424 -0.483779 0.305286
1.50204 -0.491524 0.307194
1.49126 -0.492898 0.305286
1.4897 -0.49758 0.305286
1.46953 -0.49598 0.30147
1.49195 0.457558 0.247248
1.48393 0.450003 0.245683
1.49479 0.448175 0.247248
1.49619 0.443477 0.247248
1.49758 0.438774 0.247248
1.49895 0.434067 0.247248
1.50031 0.429356 0.247248
1.49207 0.422213 0.245683
1.48388 0.414865 0.244118
1.48517 0.4102 0.244118
1.49598 0.408132 0.245683
1.48772 0.400861 0.244118
1.48897 0.396185 0.244118
1.49021 0.391506 0.244118
1.49143 0.386822 0.244118
1.49264 0.382135 0.244118
1.49383 0.377444 0.244118
1.49495 0.373009 0.244118
1.48652 0.36595 0.242554
1.49733 0.363348 0.244118
1.49846 0.358642 0.244118
1.4899 0.351924 0.242554
1.50062 0.349482 0.244118
1.49209 0.342556 0.242554
1.50279 0.340046 0.244118
1.49421 0.333174 0.242554
1.49525 0.328478 0.242554
1.49627 0.323779 0.242554
1.50694 0.321136 0.244118
1.48861 0.312344 0.240989
1.49926 0.309663 0.242554
1.50022 0.304952 0.242554
1.49149 0.2983 0.240989
1.49237 0.293873 0.240989
1.50298 0.291061 0.242554
1.52329 0.290032 0.245683
1.53391 0.287063 0.247248
1.5348 0.282242 0.247248
1.53568 0.277419 0.247248
1.52682 0.270868 0.245683
1.53739 0.267765 0.247248
1.53822 0.262934 0.247248
1.53904 0.258099 0.247248
1.53985 0.253263 0.247248
1.54063 0.248425 0.247248
1.55112 0.245396 0.248813
1.53236 0.237496 0.245683
1.5331 0.232681 0.245683
1.53383 0.227863 0.245683
1.54431 0.224465 0.247248
1.53523 0.218221 0.245683
1.52612 0.212038 0.244118
1.53657 0.208571 0.245683
1.54701 0.205041 0.247248
1.48887 0.192578 0.237859
1.50907 0.190372 0.240989
1.50966 0.18563 0.240989
1.51023 0.180886 0.240989
1.51079 0.176141 0.240989
1.50153 0.170281 0.239424
1.51187 0.166645 0.240989
1.50254 0.161106 0.239424
1.50304 0.156384 0.239424
1.50349 0.151924 0.239424
1.50401 0.146675 0.239424
1.50444 0.142212 0.239424
1.50488 0.137485 0.239424
1.51515 0.133624 0.240989
1.50572 0.128027 0.239424
1.50611 0.123296 0.239424
1.51634 0.119338 0.240989
1.50686 0.11383 0.239424
1.50721 0.109096 0.239424
1.50754 0.10436 0.239424
1.50786 0.099624 0.239424
1.50815 0.095149 0.239424
1.50844 0.090411 0.239424
1.49886 0.085112 0.237859
1.48926 0.079873 0.236294
1.50923 0.07619 0.239424
1.52919 0.072382 0.242554
1.53928 0.068014 0.244118
1.53948 0.063178 0.244118
1.54955 0.058715 0.245683
1.53985 0.053504 0.244118
1.54988 0.048978 0.245683
1.55003 0.044109 0.245683
1.54029 0.038989 0.244118
1.56015 0.034587 0.247248
1.5405 0.02931 0.244118
1.55046 0.024627 0.245683
1.55053 0.019756 0.245683
1.55059 0.014885 0.245683
1.54075 0.010219 0.244118
1.54077 0.005378 0.244118
1.54078 0.000538 0.244118
1.54077 -0.004303 0.244118
1.54075 -0.009143 0.244118
1.55059 -0.014073 0.245683
1.52091 -0.018848 0.240989
1.51097 -0.023472 0.239424
1.51089 -0.027955 0.239424
1.5108 -0.032702 0.239424
1.51069 -0.037448 0.239424
1.51056 -0.042194 0.239424
1.51042 -0.046939 0.239424
1.51027 -0.051684 0.239424
1.50023 -0.05606 0.237859
1.50991 -0.061172 0.239424
1.50971 -0.065915 0.239424
1.5095 -0.070658 0.239424
1.50927 -0.0754 0.239424
1.50902 -0.080141 0.239424
1.50878 -0.084618 0.239424
1.51837 -0.089942 0.240989
1.50822 -0.094096 0.239424
1.51777 -0.09948 0.240989
1.5076 -0.103571 0.239424
1.51712 -0.109014 0.240989
1.51677 -0.11378 0.240989
1.5164 -0.118544 0.240989
1.50618 -0.122507 0.239424
1.50578 -0.127238 0.239424
1.50538 -0.131968 0.239424
1.51479 -0.13759 0.240989
1.53402 -0.144197 0.244118
1.54339 -0.149971 0.245683
1.53308 -0.153833 0.244118
1.54242 -0.159665 0.245683
1.54193 -0.164241 0.245683
1.55123 -0.170161 0.247248
1.55066 -0.175304 0.247248
1.54029 -0.179035 0.245683
1.54956 -0.184773 0.247248
1.54897 -0.189641 0.247248
1.5484 -0.194236 0.247248
1.54775 -0.199369 0.247248
1.54711 -0.204231 0.247248
1.54646 -0.20909 0.247248
1.53602 -0.212593 0.245683
1.54512 -0.218803 0.247248
1.54442 -0.223656 0.247248
1.55348 -0.229953 0.248813
1.55275 -0.234832 0.248813
1.51296 -0.233679 0.242554
1.51222 -0.238431 0.242554
1.51147 -0.24318 0.242554
1.51069 -0.247927 0.242554
1.50991 -0.252672 0.242554
1.50911 -0.257414 0.242554
1.51802 -0.263845 0.244118
1.50746 -0.266891 0.242554
1.51634 -0.273378 0.244118
1.50575 -0.276358 0.242554
1.51459 -0.2829 0.244118
1.51369 -0.287657 0.244118
1.52248 -0.294285 0.245683
1.5119 -0.296898 0.244118
1.51096 -0.301646 0.244118
1.51006 -0.306128 0.244118
1.51866 -0.313394 0.245683
1.51772 -0.317898 0.245683
1.51672 -0.322665 0.245683
1.51569 -0.327428 0.245683
1.51466 -0.332188 0.245683
1.52325 -0.339091 0.247248
1.51254 -0.341698 0.245683
1.50183 -0.344242 0.244118
1.51998 -0.353432 0.247248
1.52848 -0.360472 0.248813
1.52734 -0.365273 0.248813
1.53578 -0.372396 0.250378
1.53461 -0.377219 0.250378
1.53341 -0.382039 0.250378
1.54178 -0.389272 0.251943
1.55012 -0.396562 0.253508
1.54887 -0.40143 0.253508
1.53805 -0.403785 0.251943
1.54631 -0.411153 0.253508
1.54501 -0.416009 0.253508
1.5437 -0.420861 0.253508
1.55189 -0.428336 0.255072
1.53151 -0.427894 0.251943
1.53966 -0.435391 0.253508
1.5193 -0.434791 0.250378
1.5369 -0.445056 0.253508
1.52602 -0.447105 0.251943
1.51513 -0.449091 0.250378
1.50425 -0.451012 0.248813
1.51228 -0.458601 0.250378
1.51083 -0.46335 0.250378
1.50937 -0.468094 0.250378
1.50789 -0.472834 0.250378
1.51581 -0.480554 0.251943
1.5143 -0.485313 0.251943
1.50337 -0.487024 0.250378
1.50183 -0.491745 0.250378
1.48161 -0.489996 0.247248
1.4707 -0.491518 0.245683
1.51593 -0.511936 0.253508
1.48855 0.461354 0.190418
1.49 0.456675 0.190418
1.49142 0.451992 0.190418
1.49284 0.447304 0.190418
1.49423 0.442612 0.190418
1.49562 0.437916 0.190418
1.48745 0.430456 0.189205
1.4888 0.425781 0.189205
1.49005 0.421361 0.189205
1.49137 0.416678 0.189205
1.49267 0.411991 0.189205
1.49396 0.407299 0.189205
1.50481 0.405185 0.190418
1.48689 0.395354 0.187993
1.50733 0.395722 0.190418
1.49896 0.388494 0.189205
1.49055 0.381323 0.187993
1.49174 0.376639 0.187993
1.51212 0.377013 0.190418
1.50366 0.36989 0.189205
1.50487 0.364901 0.189205
1.49636 0.357863 0.187993
1.50708 0.355702 0.189205
1.49852 0.348716 0.187993
1.50928 0.346226 0.189205
1.50068 0.339293 0.187993
1.51143 0.336736 0.189205
1.50278 0.329858 0.187993
1.49411 0.323037 0.18678
1.50482 0.320409 0.187993
1.49611 0.313644 0.18678
1.50681 0.310948 0.187993
1.49805 0.304237 0.18678
1.48926 0.297584 0.185567
1.49988 0.295081 0.18678
1.5008 0.290367 0.18678
1.52121 0.28936 0.189205
1.51235 0.282756 0.187993
1.50347 0.276209 0.18678
1.49456 0.269722 0.185567
1.51495 0.26849 0.187993
1.51578 0.263729 0.187993
1.48725 0.253954 0.184354
1.51741 0.2542 0.187993
1.50841 0.247822 0.18678
1.50918 0.243083 0.18678
1.5197 0.240153 0.187993
1.52045 0.235378 0.187993
1.52118 0.230599 0.187993
1.51208 0.224363 0.18678
1.5226 0.221038 0.187993
1.48397 0.210672 0.183141
1.51412 0.210102 0.18678
1.50494 0.204011 0.185567
1.48589 0.196677 0.183141
1.4865 0.192008 0.183141
1.5068 0.189818 0.185567
1.50739 0.185084 0.185567
1.51781 0.181526 0.18678
1.50852 0.175609 0.185567
1.50906 0.170869 0.185567
1.51946 0.167213 0.18678
1.51008 0.161647 0.185567
1.51058 0.156902 0.185567
1.53079 0.154412 0.187993
1.50168 0.146183 0.184354
1.51199 0.142659 0.185567
1.51243 0.137908 0.185567
1.50297 0.132285 0.184354
1.50338 0.127563 0.184354
1.50377 0.12284 0.184354
1.50415 0.118115 0.184354
1.50451 0.113389 0.184354
1.50486 0.108662 0.184354
1.5052 0.103934 0.184354
1.50551 0.099205 0.184354
1.51571 0.09536 0.185567
1.50609 0.090006 0.184354
1.49646 0.084713 0.183141
1.50663 0.080541 0.184354
1.50687 0.075808 0.184354
1.51702 0.071541 0.185567
1.4974 0.065902 0.183141
1.50752 0.061603 0.184354
1.49779 0.056492 0.183141
1.50788 0.052129 0.184354
1.49811 0.04708 0.183141
1.49825 0.042373 0.183141
1.51822 0.038166 0.185567
1.52826 0.033614 0.18678
1.51844 0.028625 0.185567
1.49867 0.023543 0.183141
1.53844 0.019334 0.187993
1.49879 0.014126 0.183141
1.53852 0.009935 0.187993
1.50877 0.005003 0.184354
1.52863 0.000267 0.18678
1.50877 -0.004477 0.184354
1.53853 -0.009398 0.187993
1.49879 -0.013865 0.183141
1.48881 -0.01871 0.181928
1.51852 -0.023855 0.185567
1.50852 -0.028175 0.184354
1.50842 -0.032914 0.184354
1.50831 -0.037653 0.184354
1.50818 -0.042391 0.184354
1.51796 -0.047439 0.185567
1.51781 -0.052207 0.185567
1.51764 -0.056975 0.185567
1.51745 -0.061743 0.185567
1.50733 -0.066075 0.184354
1.51703 -0.071276 0.185567
1.5168 -0.076042 0.185567
1.51655 -0.080806 0.185567
1.5064 -0.084748 0.184354
1.51603 -0.090069 0.185567
1.51574 -0.094831 0.185567
1.51544 -0.099593 0.185567
1.50521 -0.103671 0.184354
1.50488 -0.108399 0.184354
1.51443 -0.113871 0.185567
1.51407 -0.118628 0.185567
1.50379 -0.122577 0.184354
1.51329 -0.128138 0.185567
1.4931 -0.131155 0.183141
1.49268 -0.135845 0.183141
1.50213 -0.141464 0.184354
1.52144 -0.148106 0.18678
1.52097 -0.152885 0.18678
1.50073 -0.155615 0.184354
1.52987 -0.163226 0.187993
1.50962 -0.165864 0.185567
1.50906 -0.170869 0.185567
1.50852 -0.175609 0.185567
1.5277 -0.182438 0.187993
1.49757 -0.183613 0.184354
1.50686 -0.189292 0.185567
1.52592 -0.196828 0.187993
1.50561 -0.199019 0.185567
1.53448 -0.207743 0.189205
1.50433 -0.208475 0.185567
1.53315 -0.217381 0.189205
1.50299 -0.217923 0.185567
1.53175 -0.227009 0.189205
1.53103 -0.23182 0.189205
1.51068 -0.233595 0.18678
1.51974 -0.239888 0.187993
1.50918 -0.243082 0.18678
1.50841 -0.247822 0.18678
1.51741 -0.2542 0.187993
1.50682 -0.257295 0.18678
1.51578 -0.263729 0.187993
1.50518 -0.266758 0.18678
1.5141 -0.273248 0.187993
1.51323 -0.278003 0.187993
1.52211 -0.28458 0.189205
1.52121 -0.28936 0.189205
1.52029 -0.294138 0.189205
1.51941 -0.298647 0.189205
1.50873 -0.301474 0.187993
1.51756 -0.307923 0.189205
1.50675 -0.311211 0.187993
1.51554 -0.317717 0.189205
1.51453 -0.322477 0.189205
1.51351 -0.327233 0.189205
1.51248 -0.331986 0.189205
1.52111 -0.338895 0.190418
1.51036 -0.341483 0.189205
1.49961 -0.344007 0.187993
1.49852 -0.348716 0.187993
1.5264 -0.360262 0.191631
1.5156 -0.362745 0.190418
1.5241 -0.369846 0.191631
1.50366 -0.36989 0.189205
1.51212 -0.377013 0.190418
1.52055 -0.384194 0.191631
1.52895 -0.39143 0.192844
1.51811 -0.39374 0.191631
1.52646 -0.401029 0.192844
1.48682 -0.395614 0.187993
1.52391 -0.410612 0.192844
1.50346 -0.410173 0.190418
1.5213 -0.420179 0.192844
1.51997 -0.424957 0.192844
1.52818 -0.432432 0.194057
1.52682 -0.437231 0.194057
1.5159 -0.439263 0.192844
1.52404 -0.446816 0.194057
1.51311 -0.448779 0.192844
1.5117 -0.45353 0.192844
1.51026 -0.458277 0.192844
1.50882 -0.463019 0.192844
1.51683 -0.470699 0.194057
1.51535 -0.475462 0.194057
1.51385 -0.48022 0.194057
1.50288 -0.481943 0.192844
1.5108 -0.489723 0.194057
1.50925 -0.494466 0.194057
1.48893 -0.492705 0.191631
1.47796 -0.494233 0.190418
1.43975 0.436057 0.130689
1.49837 0.448678 0.135882
1.49978 0.443969 0.135882
1.4916 0.436457 0.135016
1.49296 0.431769 0.135016
1.49431 0.427077 0.135016
1.49557 0.422641 0.135016
1.49689 0.417941 0.135016
1.4886 0.410587 0.134151
1.48988 0.405908 0.134151
1.49115 0.401226 0.134151
1.48277 0.393981 0.133285
1.54182 0.404489 0.138478
1.53344 0.397145 0.137613
1.53468 0.392326 0.137613
1.52624 0.385066 0.136747
1.54672 0.385352 0.138478
1.54792 0.380492 0.138478
1.52981 0.370664 0.136747
1.55034 0.370488 0.138478
1.53204 0.361313 0.136747
1.52347 0.354241 0.135882
1.53428 0.351679 0.136747
1.53538 0.346857 0.136747
1.53646 0.342032 0.136747
1.53753 0.337204 0.136747
1.53858 0.332372 0.136747
1.53962 0.327537 0.136747
1.54064 0.322698 0.136747
1.54164 0.317856 0.136747
1.54263 0.313012 0.136747
1.48499 0.296461 0.131554
1.51519 0.297818 0.134151
1.51612 0.293057 0.134151
1.49746 0.284572 0.13242
1.49835 0.279867 0.13242
1.49922 0.275158 0.13242
1.50007 0.270447 0.13242
1.51073 0.26747 0.133285
1.50174 0.261016 0.13242
1.50256 0.256297 0.13242
1.4837 0.248286 0.130689
1.50414 0.246851 0.13242
1.49507 0.240542 0.131554
1.50562 0.237658 0.13242
1.50636 0.232927 0.13242
1.50708 0.228193 0.13242
1.50779 0.223458 0.13242
1.49863 0.217291 0.131554
1.50917 0.21398 0.13242
1.49009 0.206503 0.130689
1.50061 0.203156 0.131554
1.49136 0.197136 0.130689
1.50185 0.193724 0.131554
1.49257 0.187761 0.130689
1.49315 0.183072 0.130689
1.54318 0.184286 0.135016
1.52396 0.177137 0.133285
1.53441 0.173468 0.134151
1.55475 0.170822 0.135882
1.54535 0.16515 0.135016
1.54586 0.160294 0.135016
1.55624 0.156705 0.135882
1.54686 0.150309 0.135016
1.5473 0.145718 0.135016
1.54775 0.140856 0.135016
1.53826 0.135121 0.134151
1.55853 0.131969 0.135882
1.54901 0.126263 0.135016
1.55933 0.122174 0.135882
1.55971 0.117275 0.135882
1.55013 0.111659 0.135016
1.54053 0.106104 0.134151
1.5508 0.101917 0.135016
1.5511 0.097315 0.135016
1.56134 0.093034 0.135882
1.52184 0.085884 0.13242
1.49225 0.079512 0.129823
1.5124 0.075821 0.131554
1.50268 0.070601 0.130689
1.50289 0.06588 0.130689
1.51304 0.061564 0.131554
1.50328 0.056436 0.130689
1.5134 0.052056 0.131554
1.5036 0.04699 0.130689
1.50374 0.042266 0.130689
1.49391 0.037293 0.129823
1.50398 0.032817 0.130689
1.50407 0.028092 0.130689
1.50415 0.023366 0.130689
1.50422 0.018641 0.130689
1.50427 0.013916 0.130689
1.5043 0.009452 0.130689
1.49436 0.004695 0.129823
1.50433 -0 0.130689
1.49436 -0.004695 0.129823
1.5043 -0.009452 0.130689
1.50427 -0.014178 0.130689
1.50421 -0.019166 0.130689
1.49418 -0.023733 0.129823
1.49411 -0.028167 0.129823
1.50397 -0.033079 0.130689
1.55366 -0.039056 0.135016
1.53361 -0.043373 0.133285
1.55338 -0.048817 0.135016
1.55322 -0.053697 0.135016
1.55304 -0.058576 0.135016
1.5429 -0.063048 0.134151
1.54269 -0.067895 0.134151
1.55242 -0.07321 0.135016
1.56213 -0.078588 0.135882
1.55193 -0.082963 0.135016
1.56162 -0.088129 0.135882
1.51162 -0.090071 0.131554
1.56104 -0.097939 0.135882
1.54084 -0.101532 0.134151
1.54052 -0.106372 0.134151
1.54017 -0.111212 0.134151
1.54975 -0.116798 0.135016
1.54938 -0.121666 0.135016
1.54899 -0.126533 0.135016
1.54858 -0.131399 0.135016
1.50847 -0.132769 0.131554
1.50804 -0.137508 0.131554
1.5076 -0.142245 0.131554
1.51706 -0.147947 0.13242
1.49677 -0.150716 0.130689
1.50619 -0.156447 0.131554
1.50572 -0.160915 0.131554
1.51511 -0.166735 0.13242
1.51455 -0.171758 0.13242
1.50411 -0.175362 0.131554
1.50358 -0.179824 0.131554
1.50301 -0.184546 0.131554
1.51234 -0.190248 0.13242
1.50182 -0.193986 0.131554
1.51108 -0.200011 0.13242
1.51044 -0.204757 0.13242
1.51966 -0.21087 0.133285
1.50913 -0.214243 0.13242
1.51831 -0.220414 0.133285
1.50775 -0.223721 0.13242
1.50704 -0.228457 0.13242
1.50632 -0.23319 0.13242
1.50558 -0.237921 0.13242
1.49498 -0.241064 0.131554
1.49422 -0.245759 0.131554
1.55239 -0.260339 0.136747
1.54175 -0.263536 0.135882
1.54091 -0.268378 0.135882
1.54987 -0.274958 0.136747
1.549 -0.279825 0.136747
1.54811 -0.28469 0.136747
1.54721 -0.289553 0.136747
1.55608 -0.296275 0.137613
1.55514 -0.301162 0.137613
1.55424 -0.305775 0.137613
1.55327 -0.310656 0.137613
1.53282 -0.311298 0.135882
1.53172 -0.316647 0.135882
1.55028 -0.325282 0.137613
1.5395 -0.328074 0.136747
1.53846 -0.332909 0.136747
1.54714 -0.339878 0.137613
1.54607 -0.344737 0.137613
1.55469 -0.351791 0.138478
1.50503 -0.345527 0.134151
1.50394 -0.350254 0.134151
1.52222 -0.359557 0.135882
1.52108 -0.364338 0.135882
1.51025 -0.366763 0.135016
1.51876 -0.373888 0.135882
1.51758 -0.378657 0.135882
1.51638 -0.383423 0.135882
1.51517 -0.388185 0.135882
1.5043 -0.39044 0.135016
1.5127 -0.397697 0.135882
1.51145 -0.402447 0.135882
1.51017 -0.407194 0.135882
1.5185 -0.41456 0.136747
1.50759 -0.416674 0.135882
1.51586 -0.424093 0.136747
1.51453 -0.428853 0.136747
1.51317 -0.433609 0.136747
1.52137 -0.441135 0.137613
1.51997 -0.445912 0.137613
1.51857 -0.450685 0.137613
1.51714 -0.455454 0.137613
1.5157 -0.460218 0.137613
1.50473 -0.462053 0.136747
1.51278 -0.469732 0.137613
1.5113 -0.474482 0.137613
1.5098 -0.479228 0.137613
1.50829 -0.483968 0.137613
1.50676 -0.488704 0.137613
1.51469 -0.496539 0.138478
1.49429 -0.494768 0.136747
1.49273 -0.49946 0.136747
1.47228 -0.497766 0.135016
1.51685 0.469544 0.082372
1.48967 0.456007 0.080818
1.4911 0.451326 0.080818
1.50208 0.449502 0.081336
1.4939 0.441948 0.080818
1.50487 0.440055 0.081336
1.49665 0.432552 0.080818
1.498 0.427849 0.080818
1.49927 0.423402 0.080818
1.50059 0.41869 0.080818
1.49227 0.411319 0.080299
1.48392 0.404006 0.079781
1.47554 0.396749 0.079263
1.51538 0.402363 0.081336
1.53596 0.402665 0.082372
1.53722 0.397838 0.082372
1.53846 0.393007 0.082372
1.54937 0.390613 0.08289
1.55052 0.386014 0.08289
1.5421 0.37849 0.082372
1.55298 0.375993 0.08289
1.56387 0.373432 0.083408
1.55525 0.3665 0.08289
1.5564 0.361612 0.08289
1.55752 0.356721 0.08289
1.56838 0.354024 0.083408
1.55973 0.346927 0.08289
1.56082 0.342026 0.08289
1.56188 0.33712 0.08289
1.5434 0.328059 0.081854
1.5542 0.325255 0.082372
1.55521 0.32037 0.082372
1.52685 0.309531 0.080818
1.49843 0.298872 0.079263
1.50911 0.296349 0.079781
1.49042 0.28782 0.078745
1.50113 0.284998 0.079263
1.4922 0.27845 0.078745
1.50289 0.275561 0.079263
1.50375 0.270838 0.079263
1.49476 0.264374 0.078745
1.50542 0.261385 0.079263
1.49639 0.254977 0.078745
1.50704 0.25192 0.079263
1.50782 0.247185 0.079263
1.49873 0.240863 0.078745
1.49944 0.236414 0.078745
1.50017 0.231703 0.078745
1.50089 0.226988 0.078745
1.5016 0.222272 0.078745
1.50229 0.217554 0.078745
1.50296 0.212833 0.078745
1.50363 0.20811 0.078745
1.50427 0.203385 0.078745
1.5049 0.198659 0.078745
1.50552 0.19393 0.078745
1.4863 0.18671 0.077709
1.51662 0.18568 0.079263
1.54695 0.184462 0.080818
1.54752 0.179601 0.080818
1.558 0.175859 0.081336
1.54862 0.169874 0.080818
1.55904 0.166339 0.081336
1.54963 0.160411 0.080818
1.55009 0.155813 0.080818
1.56057 0.151366 0.081336
1.57095 0.147669 0.081854
1.56146 0.14183 0.081336
1.5619 0.136923 0.081336
1.56232 0.132016 0.081336
1.56273 0.127107 0.081336
1.56312 0.122197 0.081336
1.5635 0.117285 0.081336
1.56386 0.112374 0.081336
1.55424 0.106775 0.080818
1.56454 0.102545 0.081336
1.53493 0.096032 0.079781
1.55516 0.092393 0.080818
1.50559 0.084703 0.078227
1.50585 0.079972 0.078227
1.50609 0.075242 0.078227
1.5163 0.070976 0.078745
1.50654 0.065777 0.078227
1.50674 0.061044 0.078227
1.50692 0.05631 0.078227
1.50709 0.051576 0.078227
1.50724 0.04684 0.078227
1.50738 0.042105 0.078227
1.50751 0.03737 0.078227
1.50762 0.032633 0.078227
1.49773 0.027712 0.077709
1.49781 0.023006 0.077709
1.50786 0.018423 0.078227
1.49792 0.013595 0.077709
1.50794 0.009212 0.078227
1.49798 0.004445 0.077709
1.50797 -0.000263 0.078227
1.50796 -0.005001 0.078227
1.50794 -0.009738 0.078227
1.51789 -0.014836 0.078745
1.49786 -0.019347 0.077709
1.49779 -0.024052 0.077709
1.5077 -0.028686 0.078227
1.53755 -0.034087 0.079781
1.54742 -0.039169 0.080299
1.55728 -0.044315 0.080818
1.55713 -0.049207 0.080818
1.55697 -0.054098 0.080818
1.55679 -0.058989 0.080818
1.55659 -0.06388 0.080818
1.55639 -0.06877 0.080818
1.55616 -0.073659 0.080818
1.5659 -0.079051 0.081336
1.56564 -0.08397 0.081336
1.56538 -0.088615 0.081336
1.5651 -0.093532 0.081336
1.57476 -0.099076 0.081854
1.56448 -0.103364 0.081336
1.56415 -0.108279 0.081336
1.5638 -0.113192 0.081336
1.55348 -0.117352 0.080818
1.5531 -0.122232 0.080818
1.57262 -0.12874 0.081854
1.52245 -0.12945 0.079263
1.51209 -0.133354 0.078745
1.51166 -0.138104 0.078745
1.50128 -0.141913 0.078227
1.51077 -0.147599 0.078745
1.52023 -0.153347 0.079263
1.50981 -0.157089 0.078745
1.51927 -0.162631 0.079263
1.51872 -0.167668 0.079263
1.51818 -0.172438 0.079263
1.51763 -0.177207 0.079263
1.50719 -0.180522 0.078745
1.50661 -0.185256 0.078745
1.51596 -0.190973 0.079263
1.51532 -0.195999 0.079263
1.5147 -0.200759 0.079263
1.51406 -0.205516 0.079263
1.51341 -0.210272 0.079263
1.51274 -0.215025 0.079263
1.51206 -0.219777 0.079263
1.51136 -0.224526 0.079263
1.52052 -0.230771 0.079781
1.50005 -0.232488 0.078745
1.50918 -0.23876 0.079263
1.49856 -0.241908 0.078745
1.53721 -0.253105 0.080818
1.5561 -0.26124 0.081854
1.55527 -0.266127 0.081854
1.57411 -0.274442 0.08289
1.5634 -0.27764 0.082372
1.56252 -0.28255 0.082372
1.57145 -0.289266 0.08289
1.56072 -0.292362 0.082372
1.57941 -0.301003 0.083408
1.58826 -0.307864 0.083926
1.56774 -0.308716 0.08289
1.57656 -0.3156 0.083408
1.57562 -0.320276 0.083408
1.58427 -0.327798 0.083926
1.58329 -0.332497 0.083926
1.58224 -0.337469 0.083926
1.59093 -0.344552 0.084444
1.57033 -0.34526 0.083408
1.57898 -0.352366 0.083926
1.54865 -0.350708 0.082372
1.51834 -0.348863 0.080818
1.51724 -0.353631 0.080818
1.51612 -0.358396 0.080818
1.51499 -0.363157 0.080818
1.51384 -0.367915 0.080818
1.51268 -0.372669 0.080818
1.52119 -0.379838 0.081336
1.52967 -0.387065 0.081854
1.51877 -0.389389 0.081336
1.51754 -0.394158 0.081336
1.51629 -0.398924 0.081336
1.51503 -0.403685 0.081336
1.51376 -0.408443 0.081336
1.51247 -0.413196 0.081336
1.51116 -0.417946 0.081336
1.50984 -0.422691 0.081336
1.51811 -0.430155 0.081854
1.51675 -0.434922 0.081854
1.50579 -0.436902 0.081336
1.51399 -0.444444 0.081854
1.51259 -0.449198 0.081854
1.52073 -0.456821 0.082372
1.50973 -0.458693 0.081854
1.51783 -0.466366 0.082372
1.5259 -0.474096 0.08289
1.51487 -0.475894 0.082372
1.52289 -0.483674 0.08289
1.51185 -0.485403 0.082372
1.51982 -0.493233 0.08289
1.49928 -0.49178 0.081854
1.5073 -0.499367 0.082372
1.49625 -0.500929 0.081854
1.47575 -0.499227 0.080818
1.5011 0.459218 0.026981
1.5121 0.457395 0.027153
1.51353 0.452642 0.027153
1.50536 0.44505 0.026981
1.51635 0.443123 0.027153
1.50812 0.435583 0.026981
1.50949 0.430843 0.026981
1.51076 0.426362 0.026981
1.51209 0.421614 0.026981
1.51341 0.416861 0.026981
1.50506 0.40948 0.026809
1.50634 0.40475 0.026809
1.51727 0.40258 0.026981
1.51853 0.397811 0.026981
1.51009 0.390535 0.026809
1.51131 0.385789 0.026809
1.51251 0.38104 0.026809
1.51364 0.37655 0.026809
1.50516 0.369147 0.026637
1.51603 0.366767 0.026809
1.51718 0.362003 0.026809
1.51825 0.3575 0.026809
1.50962 0.350467 0.026637
1.51072 0.345723 0.026637
1.52155 0.343175 0.026809
1.52262 0.338393 0.026809
1.51391 0.33147 0.026637
1.51494 0.326712 0.026637
1.50618 0.319873 0.026466
1.51697 0.317187 0.026637
1.51795 0.31242 0.026637
1.51893 0.30765 0.026637
1.50028 0.298968 0.026294
1.51097 0.296439 0.026466
1.52171 0.293586 0.026637
1.54227 0.29253 0.026981
1.54318 0.287684 0.026981
1.54408 0.282834 0.026981
1.54496 0.277982 0.026981
1.55567 0.274867 0.027153
1.54667 0.268269 0.026981
1.54751 0.263409 0.026981
1.54833 0.258546 0.026981
1.54913 0.253681 0.026981
1.54992 0.248813 0.026981
1.55066 0.244213 0.026981
1.55141 0.23934 0.026981
1.55216 0.234465 0.026981
1.543 0.228125 0.026809
1.5536 0.224708 0.026981
1.5543 0.219826 0.026981
1.55498 0.214942 0.026981
1.55565 0.210055 0.026981
1.5563 0.205168 0.026981
1.52719 0.196451 0.026466
1.51788 0.190407 0.026294
1.52839 0.186851 0.026466
1.52897 0.182048 0.026466
1.51961 0.176093 0.026294
1.52015 0.171319 0.026294
1.53062 0.16763 0.026466
1.52117 0.162029 0.026294
1.52167 0.157249 0.026294
1.53208 0.153732 0.026466
1.53261 0.148383 0.026466
1.52308 0.142901 0.026294
1.52353 0.138115 0.026294
1.52395 0.133328 0.026294
1.53433 0.12938 0.026466
1.52476 0.123751 0.026294
1.52514 0.11896 0.026294
1.52551 0.114167 0.026294
1.52586 0.109375 0.026294
1.5262 0.104581 0.026294
1.53649 0.100438 0.026466
1.52681 0.095256 0.026294
1.5271 0.090458 0.026294
1.51739 0.085101 0.026122
1.51765 0.080334 0.026122
1.53787 0.07656 0.026466
1.54809 0.072193 0.026637
1.54831 0.06733 0.026637
1.5585 0.062869 0.026809
1.5487 0.0576 0.026637
1.55887 0.053075 0.026809
1.55903 0.048177 0.026809
1.55917 0.043279 0.026809
1.5593 0.038381 0.026809
1.55941 0.033482 0.026809
1.54951 0.0284 0.026637
1.56959 0.023835 0.026981
1.55966 0.018784 0.026809
1.55971 0.013884 0.026809
1.54974 0.009196 0.026637
1.55976 0.004356 0.026809
1.56977 -0.000548 0.026981
1.55976 -0.005445 0.026809
1.56973 -0.010411 0.026981
1.56969 -0.015616 0.026981
1.50965 -0.019762 0.02595
1.53957 -0.024992 0.026466
1.53949 -0.02956 0.026466
1.5194 -0.033949 0.026122
1.52928 -0.038977 0.026294
1.53914 -0.044068 0.026466
1.539 -0.048903 0.026466
1.52884 -0.053388 0.026294
1.52867 -0.058191 0.026294
1.53847 -0.063405 0.026466
1.53826 -0.068238 0.026466
1.52805 -0.072596 0.026294
1.52781 -0.077396 0.026294
1.52756 -0.082195 0.026294
1.54728 -0.087861 0.026637
1.53701 -0.092123 0.026466
1.53672 -0.096951 0.026466
1.5364 -0.101779 0.026466
1.53608 -0.106605 0.026466
1.53574 -0.11143 0.026466
1.53538 -0.116254 0.026466
1.535 -0.121077 0.026466
1.53462 -0.125899 0.026466
1.52425 -0.129871 0.026294
1.51388 -0.133778 0.026122
1.5234 -0.139445 0.026294
1.54287 -0.146116 0.026637
1.55235 -0.151936 0.026809
1.55187 -0.156812 0.026809
1.55137 -0.161687 0.026809
1.56082 -0.167355 0.026981
1.56026 -0.17253 0.026981
1.56964 -0.178561 0.027153
1.56907 -0.183491 0.027153
1.56852 -0.188146 0.027153
1.558 -0.19185 0.026981
1.55742 -0.196472 0.026981
1.55676 -0.201636 0.026981
1.55612 -0.206526 0.026981
1.55547 -0.211413 0.026981
1.5647 -0.217676 0.027153
1.55411 -0.221182 0.026981
1.5633 -0.227503 0.027153
1.56258 -0.232414 0.027153
1.57172 -0.238823 0.027325
1.54132 -0.239161 0.026809
1.54057 -0.244002 0.026809
1.53979 -0.24884 0.026809
1.539 -0.253677 0.026809
1.5382 -0.25851 0.026809
1.52752 -0.261653 0.026637
1.52669 -0.266451 0.026637
1.52585 -0.271246 0.026637
1.52499 -0.276038 0.026637
1.53395 -0.282639 0.026809
1.52322 -0.285614 0.026637
1.53214 -0.292272 0.026809
1.5214 -0.295179 0.026637
1.54014 -0.303559 0.026981
1.52937 -0.306432 0.026809
1.53825 -0.312961 0.026981
1.53715 -0.318329 0.026981
1.5362 -0.322888 0.026981
1.53518 -0.327713 0.026981
1.52437 -0.330416 0.026809
1.53309 -0.337352 0.026981
1.53202 -0.342167 0.026981
1.53094 -0.346978 0.026981
1.5201 -0.349545 0.026809
1.52873 -0.35659 0.026981
1.53733 -0.363693 0.027153
1.5459 -0.370853 0.027325
1.54473 -0.375708 0.027325
1.54354 -0.380559 0.027325
1.55204 -0.387831 0.027497
1.56051 -0.395159 0.027669
1.55926 -0.400059 0.027669
1.55799 -0.404956 0.027669
1.55671 -0.409849 0.027669
1.55542 -0.414737 0.027669
1.54446 -0.417015 0.027497
1.55278 -0.424502 0.027669
1.55144 -0.429378 0.027669
1.55971 -0.436947 0.02784
1.54871 -0.439117 0.027669
1.53771 -0.441223 0.027497
1.54592 -0.44884 0.027669
1.54451 -0.453694 0.027669
1.5239 -0.452848 0.027325
1.54162 -0.463389 0.027669
1.53059 -0.465322 0.027497
1.53868 -0.473066 0.027669
1.52764 -0.47493 0.027497
1.53568 -0.482725 0.027669
1.53416 -0.487547 0.027669
1.5231 -0.489306 0.027497
1.53106 -0.497177 0.027669
1.52949 -0.501984 0.027669
1.50901 -0.500228 0.027325
1.49795 -0.50179 0.027153
1.49637 -0.506494 0.027153
