1.82236 0.218916 -0.490987
1.81345 0.212068 -0.488403
1.80447 0.205594 -0.485819
1.80511 0.199923 -0.485819
1.80573 0.194252 -0.485819
1.81594 0.18958 -0.488403
1.81652 0.183875 -0.488403
1.84593 0.180996 -0.496156
1.83688 0.174283 -0.493572
1.83741 0.168511 -0.493572
1.80904 0.160497 -0.485819
1.77103 0.15152 -0.475483
1.76187 0.145162 -0.472898
1.75269 0.138863 -0.470314
1.75312 0.133356 -0.470314
1.75353 0.127848 -0.470314
1.73465 0.120994 -0.465146
1.73502 0.115544 -0.465146
1.73535 0.110395 -0.465146
1.73569 0.104943 -0.465146
1.70708 0.097832 -0.457394
1.72667 0.093513 -0.462562
1.71731 0.087596 -0.459978
1.71757 0.0822 -0.459978
1.69852 0.075941 -0.454809
1.69875 0.070605 -0.454809
1.72793 0.06638 -0.462562
1.76674 0.062314 -0.472898
1.74762 0.056142 -0.46773
1.74779 0.050652 -0.46773
1.73828 0.044912 -0.465146
1.74807 0.039669 -0.46773
1.70955 0.033721 -0.457394
1.70965 0.028349 -0.457394
1.70973 0.022978 -0.457394
1.73877 0.017906 -0.465146
1.70984 0.012235 -0.457394
1.70987 0.006864 -0.457394
1.70988 0.001492 -0.457394
1.68089 -0.003814 -0.449641
1.6519 -0.008649 -0.441889
1.63254 -0.013677 -0.43672
1.64215 -0.018917 -0.439305
1.62276 -0.024076 -0.434136
1.62267 -0.029174 -0.434136
1.62258 -0.034271 -0.434136
1.61281 -0.038853 -0.431552
1.61268 -0.043919 -0.431552
1.60288 -0.048692 -0.428968
1.60272 -0.053728 -0.428968
1.59289 -0.058408 -0.426384
1.60235 -0.063797 -0.428968
1.5925 -0.068138 -0.426384
1.59228 -0.07314 -0.426384
1.58239 -0.077669 -0.4238
1.58214 -0.08264 -0.4238
1.56258 -0.086541 -0.418631
1.59123 -0.093143 -0.426384
1.63914 -0.101116 -0.439305
1.62918 -0.10564 -0.43672
1.60956 -0.109447 -0.431552
1.61884 -0.115188 -0.434136
1.59921 -0.118842 -0.428968
1.62772 -0.126104 -0.43672
1.60806 -0.129664 -0.431552
1.59802 -0.133908 -0.428968
1.61686 -0.14032 -0.434136
1.59717 -0.143667 -0.428968
1.57747 -0.146893 -0.4238
1.60585 -0.154626 -0.431552
1.59574 -0.158714 -0.428968
1.59524 -0.163726 -0.428968
1.58511 -0.16772 -0.426384
1.55576 -0.169559 -0.418631
1.52642 -0.171216 -0.410879
1.50668 -0.173796 -0.405711
1.50616 -0.178266 -0.405711
1.496 -0.181831 -0.403127
1.49542 -0.18653 -0.403127
1.48525 -0.190001 -0.400542
1.48465 -0.194666 -0.400542
1.48403 -0.19933 -0.400542
1.48339 -0.203991 -0.400542
1.48274 -0.20865 -0.400542
1.47252 -0.211931 -0.397958
1.47185 -0.216556 -0.397958
1.46161 -0.219743 -0.395374
1.47046 -0.2258 -0.397958
1.4602 -0.228922 -0.395374
1.45947 -0.233508 -0.395374
1.44924 -0.236283 -0.39279
1.45802 -0.242419 -0.395374
1.44772 -0.245384 -0.39279
1.44694 -0.249931 -0.39279
1.45567 -0.25615 -0.395374
1.48338 -0.265833 -0.403127
1.47304 -0.268758 -0.400542
1.46269 -0.271621 -0.397958
1.47132 -0.278008 -0.400542
1.46095 -0.280806 -0.397958
1.46006 -0.285394 -0.397958
1.44968 -0.288097 -0.395374
1.42036 -0.286911 -0.387622
1.42892 -0.293315 -0.390206
1.41853 -0.29583 -0.387622
1.4176 -0.300285 -0.387622
1.4167 -0.30449 -0.387622
1.41574 -0.308939 -0.387622
1.40533 -0.311296 -0.385038
1.39492 -0.31359 -0.382453
1.39392 -0.317971 -0.382453
1.39292 -0.322349 -0.382453
1.38249 -0.324516 -0.379869
1.36267 -0.324383 -0.374701
1.36165 -0.328662 -0.374701
1.36999 -0.335234 -0.377285
1.35955 -0.337211 -0.374701
1.34912 -0.339126 -0.372117
1.33869 -0.340978 -0.369533
1.32825 -0.342768 -0.366948
1.32717 -0.346939 -0.366948
1.34475 -0.356052 -0.372117
1.38101 -0.370042 -0.382453
1.39849 -0.379437 -0.387622
1.92932 0.351313 -0.524581
1.9114 0.341849 -0.519413
1.90295 0.334172 -0.516829
1.89447 0.326551 -0.514245
1.88596 0.318986 -0.511661
1.89648 0.314641 -0.514245
1.89746 0.308682 -0.514245
1.93658 0.308804 -0.524581
1.91846 0.299736 -0.519413
1.91939 0.293707 -0.519413
1.92025 0.288011 -0.519413
1.92114 0.281977 -0.519413
1.88377 0.27045 -0.509076
1.91331 0.268558 -0.516829
1.895 0.25992 -0.511661
1.91496 0.256531 -0.516829
1.88702 0.246756 -0.509076
1.85904 0.23716 -0.501324
1.83102 0.227741 -0.493572
1.82213 0.220824 -0.490987
1.81322 0.213967 -0.488403
1.81389 0.20827 -0.488403
1.81453 0.202571 -0.488403
1.80556 0.195827 -0.485819
1.80616 0.190153 -0.485819
1.81636 0.18546 -0.488403
1.82655 0.180704 -0.490987
1.85596 0.177727 -0.49874
1.86712 0.223962 -0.43428
1.85814 0.216966 -0.43203
1.86845 0.212553 -0.43428
1.8788 0.207753 -0.43653
1.86006 0.199769 -0.43203
1.87038 0.194934 -0.43428
1.86128 0.188078 -0.43203
1.84247 0.180331 -0.42753
1.82363 0.172704 -0.423029
1.83387 0.167863 -0.42528
1.80524 0.159842 -0.418529
1.75719 0.150026 -0.407278
1.76736 0.145304 -0.409529
1.7581 0.138983 -0.407278
1.74881 0.132722 -0.405028
1.74922 0.127227 -0.405028
1.74961 0.121731 -0.405028
1.73054 0.114942 -0.400528
1.73087 0.109807 -0.400528
1.74093 0.104955 -0.402778
1.7218 0.098374 -0.398278
1.71237 0.092439 -0.396028
1.71265 0.087059 -0.396028
1.72265 0.082142 -0.398278
1.71317 0.076296 -0.396028
1.70366 0.070511 -0.393777
1.71361 0.065531 -0.396028
1.74302 0.061172 -0.402778
1.75294 0.056007 -0.405028
1.74337 0.050219 -0.402778
1.72404 0.044243 -0.398278
1.72417 0.038826 -0.398278
1.72428 0.03371 -0.398278
1.72438 0.028292 -0.398278
1.69523 0.022488 -0.391527
1.69529 0.017162 -0.391527
1.67585 0.0117 -0.387027
1.65639 0.00636 -0.382527
1.6564 0.001156 -0.382527
1.64665 -0.004024 -0.380276
1.64664 -0.008909 -0.380276
1.65634 -0.014166 -0.382527
1.67578 -0.019597 -0.387027
1.6757 -0.025154 -0.387027
1.67561 -0.030418 -0.387027
1.66577 -0.035475 -0.384777
1.66566 -0.040417 -0.384777
1.67526 -0.045916 -0.387027
1.65563 -0.050584 -0.382527
1.64573 -0.055457 -0.380276
1.63581 -0.060268 -0.378026
1.64534 -0.065796 -0.380276
1.64514 -0.070678 -0.380276
1.63518 -0.075397 -0.378026
1.6252 -0.080054 -0.375776
1.63467 -0.08567 -0.378026
1.57603 -0.087562 -0.364525
1.5952 -0.093655 -0.369026
1.57544 -0.097462 -0.364525
1.57513 -0.102411 -0.364525
1.56508 -0.106696 -0.362275
1.56474 -0.111613 -0.362275
1.56438 -0.116528 -0.362275
1.55429 -0.120688 -0.360025
1.5539 -0.12557 -0.360025
1.54379 -0.129636 -0.357775
1.55311 -0.13506 -0.360025
1.54297 -0.139064 -0.357775
1.53282 -0.143005 -0.355525
1.52267 -0.146885 -0.353275
1.5319 -0.152634 -0.355525
1.52172 -0.156449 -0.353275
1.52122 -0.161229 -0.353275
1.5207 -0.166007 -0.353275
1.52017 -0.170784 -0.353275
1.52931 -0.176677 -0.355525
1.54813 -0.183507 -0.360025
1.55722 -0.189547 -0.362275
1.53728 -0.192023 -0.357775
1.54633 -0.19809 -0.360025
1.52638 -0.20041 -0.355525
1.5354 -0.206503 -0.357775
1.53474 -0.211325 -0.357775
1.53407 -0.216146 -0.357775
1.52374 -0.219575 -0.355525
1.5134 -0.22294 -0.353275
1.52233 -0.229144 -0.355525
1.50234 -0.230964 -0.351024
1.51124 -0.237194 -0.353275
1.52011 -0.243481 -0.355525
1.50976 -0.246421 -0.353275
1.49937 -0.249563 -0.351024
1.47936 -0.251012 -0.346524
1.43056 -0.247358 -0.335273
1.44897 -0.255232 -0.339774
1.43857 -0.258062 -0.337524
1.44734 -0.264331 -0.339774
1.43692 -0.267096 -0.337524
1.44565 -0.273419 -0.339774
1.43521 -0.276119 -0.337524
1.42478 -0.278755 -0.335273
1.43345 -0.285131 -0.337524
1.423 -0.287702 -0.335273
1.42209 -0.292171 -0.335273
1.42116 -0.296637 -0.335273
1.42022 -0.3011 -0.335273
1.41932 -0.305313 -0.335273
1.41836 -0.30977 -0.335273
1.41738 -0.314225 -0.335273
1.39737 -0.314398 -0.330773
1.39637 -0.318787 -0.330773
1.38587 -0.320974 -0.328523
1.38486 -0.325326 -0.328523
1.37435 -0.327417 -0.326273
1.37332 -0.331733 -0.326273
1.37227 -0.336046 -0.326273
1.36175 -0.338008 -0.324023
1.36068 -0.342284 -0.324023
1.35016 -0.344151 -0.321772
1.33964 -0.345954 -0.319522
1.32912 -0.347695 -0.317272
1.34685 -0.35686 -0.321772
1.38343 -0.370948 -0.330773
1.41047 -0.382952 -0.337524
1.90766 0.347024 -0.447781
1.90874 0.34103 -0.447781
1.90021 0.333349 -0.445531
1.90124 0.327377 -0.445531
1.89266 0.319778 -0.443281
1.89365 0.313831 -0.443281
1.88501 0.306318 -0.441031
1.88596 0.300395 -0.441031
1.8869 0.294468 -0.441031
1.86855 0.285594 -0.43653
1.86939 0.280049 -0.43653
1.86062 0.272762 -0.43428
1.85182 0.265533 -0.43203
1.85265 0.259713 -0.43203
1.85345 0.253891 -0.43203
1.84458 0.246775 -0.42978
1.84535 0.24098 -0.42978
1.82677 0.232719 -0.42528
1.82749 0.226978 -0.42528
1.86689 0.225917 -0.43428
1.85791 0.218912 -0.43203
1.87795 0.215294 -0.43653
1.85925 0.207234 -0.43203
1.85989 0.201392 -0.43203
1.85082 0.194529 -0.42978
1.84173 0.187726 -0.42753
1.85201 0.182897 -0.42978
1.83318 0.175223 -0.42528
1.86128 0.222932 -0.36613
1.85222 0.215947 -0.364213
1.85285 0.210451 -0.364213
1.84375 0.203551 -0.362296
1.84438 0.197759 -0.362296
1.83523 0.190947 -0.36038
1.84558 0.186166 -0.362296
1.84616 0.180367 -0.362296
1.83695 0.173642 -0.36038
1.83748 0.167871 -0.36038
1.8282 0.161554 -0.358463
1.7798 0.151644 -0.348878
1.78072 0.140458 -0.348878
1.80072 0.136345 -0.352712
1.80114 0.130688 -0.352712
1.81133 0.125708 -0.354629
1.78234 0.118071 -0.348878
1.78269 0.112781 -0.348878
1.78303 0.107181 -0.348878
1.78336 0.101579 -0.348878
1.76407 0.094921 -0.345044
1.76436 0.089379 -0.345044
1.76463 0.083835 -0.345044
1.74527 0.077421 -0.34121
1.70628 0.070322 -0.333543
1.75553 0.066827 -0.343127
1.74593 0.060969 -0.34121
1.74611 0.055483 -0.34121
1.73646 0.049717 -0.339294
1.74642 0.044512 -0.34121
1.72693 0.038586 -0.337377
1.72704 0.033462 -0.337377
1.72713 0.028036 -0.337377
1.7174 0.022482 -0.33546
1.71746 0.017087 -0.33546
1.69788 0.011557 -0.331626
1.68809 0.006187 -0.329709
1.6881 0.000884 -0.329709
1.6881 -0.004419 -0.329709
1.66845 -0.009318 -0.325875
1.68798 -0.020034 -0.329709
1.71735 -0.026079 -0.33546
1.68782 -0.030934 -0.329709
1.70734 -0.036658 -0.333543
1.71703 -0.041963 -0.33546
1.68746 -0.046546 -0.329709
1.69712 -0.052148 -0.331626
1.67733 -0.056815 -0.327792
1.68695 -0.062447 -0.329709
1.65732 -0.066565 -0.323958
1.64731 -0.071059 -0.322041
1.67649 -0.077595 -0.327792
1.64683 -0.081408 -0.322041
1.64657 -0.086581 -0.322041
1.5581 -0.086838 -0.304789
1.6068 -0.094617 -0.314374
1.6065 -0.099665 -0.314374
1.59638 -0.104073 -0.312457
1.59605 -0.109088 -0.312457
1.58591 -0.113401 -0.31054
1.59533 -0.119114 -0.312457
1.58517 -0.123363 -0.31054
1.58477 -0.128343 -0.31054
1.58436 -0.133321 -0.31054
1.57418 -0.137169 -0.308623
1.57374 -0.142114 -0.308623
1.56351 -0.146144 -0.306706
1.55328 -0.150111 -0.304789
1.5528 -0.15499 -0.304789
1.5523 -0.159867 -0.304789
1.55179 -0.164743 -0.304789
1.54151 -0.168551 -0.302872
1.54097 -0.173393 -0.302872
1.55017 -0.179361 -0.304789
1.54963 -0.18396 -0.304789
1.55879 -0.190015 -0.306706
1.55818 -0.194911 -0.306706
1.54783 -0.198556 -0.304789
1.55693 -0.204697 -0.306706
1.53683 -0.206968 -0.302872
1.55561 -0.214476 -0.306706
1.5355 -0.21662 -0.302872
1.54452 -0.222844 -0.304789
1.52439 -0.224831 -0.300955
1.53339 -0.231081 -0.302872
1.53265 -0.235898 -0.302872
1.52221 -0.239188 -0.300955
1.50207 -0.240861 -0.297121
1.52072 -0.248482 -0.300955
1.51025 -0.251645 -0.299038
1.51913 -0.258032 -0.300955
1.44094 -0.249412 -0.28562
1.47881 -0.260755 -0.293288
1.47799 -0.265399 -0.293288
1.47715 -0.270041 -0.293288
1.47629 -0.27468 -0.293288
1.46578 -0.277491 -0.291371
1.45526 -0.280239 -0.289454
1.44474 -0.282923 -0.287537
1.43422 -0.285544 -0.28562
1.4237 -0.288102 -0.283703
1.4324 -0.29455 -0.28562
1.42186 -0.297042 -0.283703
1.42092 -0.301507 -0.283703
1.42002 -0.305722 -0.283703
1.40946 -0.308085 -0.281786
1.40849 -0.312512 -0.281786
1.38835 -0.312623 -0.277952
1.40649 -0.321355 -0.281786
1.39592 -0.323556 -0.279869
1.40445 -0.330186 -0.281786
1.38431 -0.330044 -0.277952
1.39281 -0.336698 -0.279869
1.38221 -0.338736 -0.277952
1.39066 -0.345442 -0.279869
1.38005 -0.347414 -0.277952
1.36944 -0.349322 -0.276035
1.34934 -0.348711 -0.272202
1.35773 -0.355434 -0.274118
1.35661 -0.359697 -0.274118
1.37449 -0.368808 -0.277952
1.40174 -0.380844 -0.283703
1.98807 0.367749 -0.394884
1.84437 0.335179 -0.36613
1.93237 0.344904 -0.383382
1.93344 0.338832 -0.383382
1.9345 0.332756 -0.383382
1.92586 0.325043 -0.381466
1.90751 0.315785 -0.377632
1.95693 0.317654 -0.387216
1.92884 0.306879 -0.381466
1.93949 0.302329 -0.383382
1.91132 0.29179 -0.377632
1.93159 0.289023 -0.381466
1.92278 0.281532 -0.379549
1.91394 0.274099 -0.377632
1.90507 0.266723 -0.375715
1.91562 0.262067 -0.377632
1.90671 0.254748 -0.375715
1.89777 0.247488 -0.373798
1.83038 0.232854 -0.36038
1.86033 0.230727 -0.36613
1.86104 0.224881 -0.36613
1.87149 0.22018 -0.368047
1.86242 0.213184 -0.36613
1.85332 0.206246 -0.364213
1.84421 0.199368 -0.362296
1.84482 0.193573 -0.362296
1.84542 0.187776 -0.362296
1.846 0.181978 -0.362296
1.83679 0.175245 -0.36038
1.87294 0.223997 -0.300038
1.84421 0.214687 -0.295325
1.86446 0.21144 -0.298467
1.8553 0.204499 -0.296896
1.83629 0.196567 -0.293754
1.82708 0.189777 -0.292183
1.83749 0.185026 -0.293754
1.83806 0.179252 -0.293754
1.82878 0.172549 -0.292183
1.80965 0.165009 -0.289041
1.81013 0.159639 -0.289041
1.82046 0.154788 -0.290612
1.86031 0.152292 -0.296896
1.85094 0.145672 -0.295325
1.84154 0.139112 -0.293754
1.83211 0.132614 -0.292183
1.82267 0.126175 -0.290612
1.8132 0.119797 -0.289041
1.77412 0.111929 -0.282758
1.78433 0.106946 -0.284329
1.75507 0.099661 -0.279616
1.74552 0.093617 -0.278045
1.7458 0.088133 -0.278045
1.74607 0.082648 -0.278045
1.75619 0.077598 -0.279616
1.75642 0.072081 -0.279616
1.80598 0.068432 -0.287471
1.79632 0.062415 -0.2859
1.78664 0.056459 -0.284329
1.78681 0.050846 -0.284329
1.79683 0.045483 -0.2859
1.76734 0.039181 -0.281187
1.76745 0.033937 -0.281187
1.7873 0.028701 -0.284329
1.76763 0.022831 -0.281187
1.77757 0.017375 -0.282758
1.76774 0.011724 -0.281187
1.74801 0.006102 -0.278045
1.74802 0.00061 -0.278045
1.66901 -0.004661 -0.265478
1.69862 -0.009783 -0.270191
1.66895 -0.014856 -0.265478
1.68865 -0.020337 -0.26862
1.68857 -0.025937 -0.26862
1.67861 -0.031059 -0.267049
1.66863 -0.036118 -0.265478
1.64877 -0.040583 -0.262337
1.66838 -0.046311 -0.265478
1.63861 -0.050637 -0.260766
1.65818 -0.056456 -0.263907
1.62839 -0.060564 -0.259195
1.63806 -0.066078 -0.260766
1.61812 -0.070083 -0.257624
1.62776 -0.075624 -0.259195
1.61765 -0.080248 -0.257624
1.60753 -0.08481 -0.256053
1.61711 -0.090411 -0.257624
1.6464 -0.097237 -0.262337
1.67565 -0.104249 -0.267049
1.68517 -0.110157 -0.26862
1.67497 -0.114775 -0.267049
1.68445 -0.120743 -0.26862
1.63482 -0.122349 -0.260766
1.67381 -0.130556 -0.267049
1.64386 -0.133417 -0.262337
1.63359 -0.137751 -0.260766
1.64302 -0.143456 -0.262337
1.61305 -0.145947 -0.257624
1.61258 -0.151014 -0.257624
1.6121 -0.15608 -0.257624
1.63126 -0.163109 -0.260766
1.59144 -0.164179 -0.254482
1.62038 -0.17231 -0.259195
1.54129 -0.168799 -0.246628
1.56038 -0.175852 -0.24977
1.5402 -0.17848 -0.246628
1.55928 -0.185381 -0.24977
1.53908 -0.187885 -0.246628
1.54828 -0.193947 -0.248199
1.53787 -0.197552 -0.246628
1.54703 -0.203671 -0.248199
1.52681 -0.20589 -0.245057
1.53594 -0.212037 -0.246628
1.51571 -0.214098 -0.243486
1.5248 -0.220271 -0.245057
1.51434 -0.223617 -0.243486
1.48433 -0.223954 -0.238773
1.50314 -0.231624 -0.241915
1.5024 -0.236345 -0.241915
1.50165 -0.241064 -0.241915
1.49119 -0.243924 -0.240344
1.49041 -0.248607 -0.240344
1.48962 -0.253288 -0.240344
1.48882 -0.257967 -0.240344
1.54636 -0.272943 -0.24977
1.54549 -0.277799 -0.24977
1.55432 -0.284431 -0.25134
1.54372 -0.287504 -0.24977
1.55251 -0.294191 -0.25134
1.54188 -0.297198 -0.24977
1.53124 -0.300141 -0.248199
1.5303 -0.30495 -0.248199
1.51965 -0.307796 -0.246628
1.52835 -0.314559 -0.248199
1.51769 -0.317338 -0.246628
1.46838 -0.311846 -0.238773
1.48676 -0.320362 -0.241915
1.47609 -0.32292 -0.240344
1.48471 -0.329697 -0.241915
1.50294 -0.338702 -0.245057
1.46336 -0.334616 -0.238773
1.47192 -0.341444 -0.240344
1.442 -0.339281 -0.235632
1.42172 -0.339225 -0.23249
1.42064 -0.34369 -0.23249
1.40037 -0.343446 -0.229348
1.41846 -0.352609 -0.23249
1.37903 -0.347413 -0.226206
1.40664 -0.359072 -0.230919
1.3577 -0.351125 -0.223065
1.3757 -0.360395 -0.226206
1.42229 -0.377378 -0.234061
1.45931 -0.391841 -0.240344
1.42948 -0.388651 -0.235632
1.95312 0.35459 -0.315746
1.9445 0.346719 -0.314176
1.93585 0.338905 -0.312605
1.92717 0.331149 -0.311034
1.91847 0.323451 -0.309463
1.93896 0.320645 -0.312605
1.94971 0.316133 -0.314176
1.97995 0.314657 -0.318888
1.99069 0.309954 -0.320459
1.97213 0.30072 -0.317317
1.98278 0.296328 -0.318888
1.97392 0.288669 -0.317317
1.96505 0.281067 -0.315746
1.95614 0.273525 -0.314176
1.95699 0.267378 -0.314176
1.90887 0.254698 -0.306321
1.90966 0.2487 -0.306321
1.84186 0.233987 -0.295325
1.87198 0.231841 -0.300038
1.85309 0.223592 -0.296896
1.8734 0.220074 -0.300038
1.85446 0.211945 -0.296896
1.85512 0.206118 -0.296896
1.84594 0.199229 -0.295325
1.84656 0.193429 -0.295325
1.83733 0.186629 -0.293754
1.84774 0.181823 -0.295325
1.8188 0.173208 -0.290612
1.88231 0.224785 -0.233406
1.87315 0.217725 -0.232184
1.89351 0.2144 -0.234628
1.88431 0.207364 -0.233406
1.85535 0.198279 -0.22974
1.86583 0.193473 -0.230962
1.8763 0.188603 -0.232184
1.87689 0.182708 -0.232184
1.84781 0.174018 -0.228518
1.84835 0.168213 -0.228518
1.83895 0.161857 -0.227296
1.76033 0.149366 -0.217519
1.80036 0.147068 -0.222408
1.78103 0.139857 -0.219963
1.78146 0.134261 -0.219963
1.78187 0.128664 -0.219963
1.75256 0.121014 -0.216297
1.74303 0.114855 -0.215075
1.73346 0.10906 -0.213853
1.73379 0.103614 -0.213853
1.73411 0.098167 -0.213853
1.7245 0.092188 -0.212631
1.72478 0.08677 -0.212631
1.71513 0.080883 -0.211409
1.70546 0.075058 -0.210187
1.7156 0.070106 -0.211409
1.73565 0.065463 -0.213853
1.77552 0.061382 -0.218741
1.75587 0.05518 -0.216297
1.75603 0.049664 -0.216297
1.75618 0.044147 -0.216297
1.76623 0.038848 -0.217519
1.75642 0.033418 -0.216297
1.73667 0.027585 -0.213853
1.75659 0.022382 -0.216297
1.76658 0.016959 -0.217519
1.73685 0.011216 -0.213853
1.72695 0.005727 -0.212631
1.72696 0.000301 -0.212631
1.7071 -0.005065 -0.210187
1.66738 -0.009895 -0.205299
1.66734 -0.015133 -0.205299
1.65736 -0.020249 -0.204077
1.63744 -0.025437 -0.201633
1.63735 -0.030581 -0.201633
1.6174 -0.035292 -0.199189
1.62721 -0.040336 -0.200411
1.60723 -0.044894 -0.197967
1.60708 -0.049943 -0.197967
1.60692 -0.054992 -0.197967
1.60674 -0.06004 -0.197967
1.59662 -0.064685 -0.196745
1.60634 -0.069853 -0.197967
1.60611 -0.0749 -0.197967
1.59596 -0.079451 -0.196745
1.5957 -0.084465 -0.196745
1.5657 -0.08781 -0.193079
1.59514 -0.094489 -0.196745
1.64436 -0.10259 -0.202855
1.64403 -0.107755 -0.202855
1.64368 -0.11292 -0.202855
1.64332 -0.118083 -0.202855
1.63304 -0.122503 -0.201633
1.63265 -0.127632 -0.201633
1.62235 -0.131956 -0.200411
1.63182 -0.137888 -0.201633
1.64129 -0.143594 -0.202855
1.61118 -0.146062 -0.199189
1.63047 -0.152977 -0.201633
1.62998 -0.158098 -0.201633
1.60973 -0.16124 -0.199189
1.59934 -0.165276 -0.197967
1.60868 -0.171351 -0.199189
1.57854 -0.173157 -0.195523
1.52868 -0.172549 -0.189413
1.50841 -0.175062 -0.186969
1.51774 -0.180711 -0.188191
1.51716 -0.185478 -0.188191
1.50672 -0.189008 -0.186969
1.50612 -0.19374 -0.186969
1.49567 -0.197174 -0.185747
1.49504 -0.201872 -0.185747
1.4944 -0.206567 -0.185747
1.49374 -0.211261 -0.185747
1.49307 -0.215953 -0.185747
1.49239 -0.220642 -0.185747
1.48187 -0.223847 -0.184525
1.48116 -0.228502 -0.184525
1.48044 -0.233154 -0.184525
1.4797 -0.237804 -0.184525
1.46919 -0.240589 -0.183303
1.45864 -0.243569 -0.182081
1.45786 -0.24815 -0.182081
1.4473 -0.251033 -0.180859
1.49537 -0.264212 -0.186969
1.51407 -0.272424 -0.189413
1.51321 -0.277179 -0.189413
1.51233 -0.281932 -0.189413
1.50168 -0.284832 -0.188191
1.51053 -0.291429 -0.189413
1.49987 -0.294262 -0.188191
1.49893 -0.298972 -0.188191
1.48826 -0.301708 -0.186969
1.50675 -0.310387 -0.189413
1.48633 -0.311053 -0.186969
1.47564 -0.313657 -0.185747
1.4747 -0.318034 -0.185747
1.48339 -0.324788 -0.186969
1.47268 -0.327294 -0.185747
1.43291 -0.323184 -0.180859
1.43189 -0.327684 -0.180859
1.43086 -0.332181 -0.180859
1.40082 -0.32985 -0.177193
1.39978 -0.334249 -0.177193
1.38908 -0.336309 -0.175971
1.38801 -0.340672 -0.175971
1.38693 -0.34503 -0.175971
1.3666 -0.344533 -0.173527
1.35589 -0.346368 -0.172305
1.34519 -0.34814 -0.171083
1.36329 -0.357398 -0.173527
1.36216 -0.361679 -0.173527
1.42817 -0.383747 -0.182081
1.46527 -0.398654 -0.186969
1.90539 0.339402 -0.238294
1.926 0.336835 -0.240738
1.89771 0.325745 -0.237072
1.88893 0.318132 -0.23585
1.88992 0.312197 -0.23585
1.89089 0.306258 -0.23585
1.90165 0.301872 -0.237072
1.89278 0.294371 -0.23585
1.8937 0.288423 -0.23585
1.88473 0.281338 -0.234628
1.87578 0.273982 -0.233406
1.87663 0.268087 -0.233406
1.87747 0.26219 -0.233406
1.86845 0.254948 -0.232184
1.86924 0.249077 -0.232184
1.85033 0.240644 -0.22974
1.83138 0.232331 -0.227296
1.8321 0.226577 -0.227296
1.88207 0.226756 -0.233406
1.88278 0.220842 -0.233406
1.8736 0.213801 -0.232184
1.8644 0.206819 -0.230962
1.85517 0.199898 -0.22974
1.86566 0.195101 -0.230962
1.86627 0.189239 -0.230962
1.8471 0.181435 -0.228518
1.83778 0.174692 -0.227296
1.82984 0.218195 -0.162972
1.83052 0.212446 -0.162972
1.83114 0.207014 -0.162972
1.83178 0.20126 -0.162972
1.8225 0.194448 -0.162091
1.80329 0.186669 -0.160329
1.79395 0.180009 -0.159448
1.79451 0.174373 -0.159448
1.79505 0.168734 -0.159448
1.78565 0.162193 -0.158567
1.78612 0.156894 -0.158567
1.78661 0.151282 -0.158567
1.83672 0.149715 -0.162972
1.85704 0.1455 -0.164734
1.86742 0.140412 -0.165615
1.84798 0.133114 -0.163853
1.84839 0.127307 -0.163853
1.83884 0.120847 -0.162972
1.83919 0.11539 -0.162972
1.81966 0.108426 -0.16121
1.82993 0.103271 -0.162091
1.83025 0.097521 -0.162091
1.81065 0.090773 -0.160329
1.81093 0.085084 -0.160329
1.75148 0.076777 -0.155043
1.74176 0.07087 -0.154162
1.72206 0.06465 -0.152401
1.7123 0.058897 -0.15152
1.70252 0.053206 -0.150639
1.70268 0.047858 -0.150639
1.70282 0.042509 -0.150639
1.70295 0.037158 -0.150639
1.68313 0.03173 -0.148877
1.67326 0.026285 -0.147996
1.69326 0.021279 -0.149758
1.67339 0.015772 -0.147996
1.6834 0.010577 -0.148877
1.6635 0.005226 -0.147115
1.66351 -0 -0.147115
1.65354 -0.005195 -0.146234
1.64356 -0.01004 -0.145353
1.73316 -0.016033 -0.153282
1.75302 -0.02203 -0.155043
1.72306 -0.027068 -0.152401
1.71301 -0.032293 -0.15152
1.73282 -0.038113 -0.153282
1.72274 -0.043005 -0.152401
1.72259 -0.048417 -0.152401
1.70252 -0.053206 -0.150639
1.70235 -0.058555 -0.150639
1.71211 -0.064276 -0.15152
1.7119 -0.069655 -0.15152
1.71168 -0.074734 -0.15152
1.69154 -0.079179 -0.149758
1.70123 -0.08499 -0.150639
1.68106 -0.089278 -0.148877
1.63104 -0.091761 -0.144472
1.60092 -0.095112 -0.141829
1.59067 -0.099519 -0.140949
1.58041 -0.103863 -0.140068
1.58008 -0.108827 -0.140068
1.57973 -0.11379 -0.140068
1.55949 -0.117259 -0.138306
1.56905 -0.122936 -0.139187
1.55873 -0.127055 -0.138306
1.56825 -0.132792 -0.139187
1.56784 -0.137444 -0.139187
1.5674 -0.142369 -0.139187
1.56695 -0.147293 -0.139187
1.54665 -0.150288 -0.137425
1.55608 -0.156141 -0.138306
1.54568 -0.160003 -0.137425
1.52536 -0.162744 -0.135663
1.51494 -0.166448 -0.134782
1.51441 -0.171206 -0.134782
1.58312 -0.184013 -0.140949
1.60235 -0.191069 -0.14271
1.61163 -0.197312 -0.143591
1.60112 -0.201133 -0.14271
1.5906 -0.204889 -0.141829
1.59982 -0.211189 -0.14271
1.58928 -0.214879 -0.141829
1.59846 -0.221237 -0.14271
1.57804 -0.223464 -0.140949
1.59704 -0.231276 -0.14271
1.59631 -0.236292 -0.14271
1.58571 -0.239816 -0.141829
1.58495 -0.244796 -0.141829
1.58417 -0.249774 -0.141829
1.56371 -0.251585 -0.140068
1.57279 -0.257835 -0.140949
1.57197 -0.262775 -0.140949
1.49258 -0.254327 -0.133901
1.47214 -0.255606 -0.132139
1.46152 -0.258495 -0.131258
1.47051 -0.264851 -0.132139
1.45987 -0.267673 -0.131258
1.44923 -0.270431 -0.130377
1.44837 -0.274982 -0.130377
1.45728 -0.28142 -0.131258
1.43684 -0.282158 -0.129496
1.44572 -0.288621 -0.130377
1.43504 -0.29118 -0.129496
1.43412 -0.295687 -0.129496
1.43318 -0.300191 -0.129496
1.43223 -0.304692 -0.129496
1.43132 -0.30894 -0.129496
1.42061 -0.311303 -0.128616
1.42935 -0.317927 -0.129496
1.41863 -0.320223 -0.128616
1.40791 -0.322454 -0.127735
1.41659 -0.32913 -0.128616
1.38646 -0.326724 -0.125973
1.39512 -0.333394 -0.126854
1.38438 -0.335429 -0.125973
1.393 -0.342153 -0.126854
1.38225 -0.344121 -0.125973
1.36184 -0.343588 -0.124211
1.37041 -0.350332 -0.125092
1.35002 -0.34964 -0.12333
1.35854 -0.356408 -0.124211
1.39593 -0.370906 -0.127735
1.45254 -0.390565 -0.13302
1.4513 -0.395126 -0.13302
1.98857 0.366764 -0.178828
1.9407 0.351636 -0.174424
1.92218 0.342047 -0.172662
1.92325 0.336006 -0.172662
1.91448 0.32828 -0.171781
1.9155 0.322263 -0.171781
1.90667 0.314622 -0.1709
1.89782 0.30704 -0.170019
1.89877 0.301076 -0.170019
1.88987 0.293581 -0.169138
1.89078 0.287641 -0.169138
1.90148 0.283499 -0.170019
1.90236 0.277525 -0.170019
1.89336 0.270139 -0.169138
1.88434 0.262814 -0.168257
1.88515 0.256893 -0.168257
1.89582 0.252283 -0.169138
1.93612 0.251458 -0.172662
1.84796 0.234107 -0.164734
1.84869 0.2283 -0.164734
1.8395 0.221301 -0.163853
1.8204 0.213204 -0.162091
1.82106 0.207484 -0.162091
1.81181 0.200665 -0.16121
1.81243 0.194973 -0.16121
1.81303 0.189277 -0.16121
1.81362 0.183581 -0.16121
1.80427 0.176911 -0.160329
1.7949 0.1703 -0.159448
1.84441 0.219606 -0.097517
1.83518 0.212662 -0.096992
1.8358 0.207216 -0.096992
1.82651 0.200358 -0.096468
1.82713 0.194619 -0.096468
1.8178 0.187851 -0.095944
1.81838 0.18214 -0.095944
1.80901 0.175463 -0.09542
1.80955 0.169778 -0.09542
1.80013 0.16319 -0.094895
1.79066 0.156977 -0.094371
1.79114 0.151351 -0.094371
1.83142 0.148962 -0.096468
1.86175 0.145542 -0.098041
1.8622 0.139692 -0.098041
1.86263 0.133842 -0.098041
1.85307 0.127305 -0.097517
1.8435 0.12083 -0.096992
1.85382 0.115982 -0.097517
1.83423 0.108973 -0.096468
1.84454 0.103772 -0.096992
1.82491 0.096917 -0.095944
1.83518 0.091682 -0.096468
1.83546 0.085916 -0.096468
1.77586 0.077536 -0.093322
1.74616 0.070744 -0.09175
1.7364 0.064885 -0.091225
1.72661 0.059088 -0.090701
1.71681 0.053353 -0.090177
1.70698 0.04768 -0.089652
1.70712 0.042318 -0.089652
1.69726 0.036738 -0.089128
1.68738 0.031516 -0.088604
1.69746 0.026369 -0.089128
1.68755 0.020913 -0.088604
1.6876 0.015612 -0.088604
1.67766 0.010248 -0.08808
1.67768 0.004978 -0.08808
1.6677 -0.000291 -0.087555
1.64772 -0.005464 -0.086507
1.63771 -0.01029 -0.085982
1.72754 -0.016282 -0.090701
1.74745 -0.022265 -0.09175
1.73739 -0.027596 -0.091225
1.72731 -0.032864 -0.090701
1.71721 -0.038069 -0.090177
1.72707 -0.043415 -0.090701
1.72693 -0.048841 -0.090701
1.71679 -0.053952 -0.090177
1.70663 -0.059 -0.089652
1.69646 -0.063985 -0.089128
1.7162 -0.07013 -0.090177
1.70601 -0.074784 -0.089652
1.70577 -0.080144 -0.089652
1.69553 -0.085002 -0.089128
1.68528 -0.089797 -0.088604
1.62517 -0.091715 -0.085458
1.61491 -0.096226 -0.084934
1.59466 -0.100048 -0.083885
1.59434 -0.105058 -0.083885
1.58404 -0.109378 -0.083361
1.58369 -0.114354 -0.083361
1.57336 -0.118578 -0.082837
1.58294 -0.124302 -0.083361
1.57259 -0.128461 -0.082837
1.58213 -0.134245 -0.083361
1.56183 -0.137192 -0.082312
1.56139 -0.142097 -0.082312
1.56093 -0.147002 -0.082312
1.55052 -0.150938 -0.081788
1.55004 -0.155808 -0.081788
1.54955 -0.160677 -0.081788
1.54903 -0.165544 -0.081788
1.52865 -0.168225 -0.08074
1.53804 -0.17415 -0.081264
1.597 -0.185909 -0.08441
1.60636 -0.191831 -0.084934
1.61566 -0.198092 -0.085458
1.60512 -0.20192 -0.084934
1.60448 -0.206962 -0.084934
1.59392 -0.210693 -0.08441
1.59325 -0.215699 -0.08441
1.60246 -0.222074 -0.084934
1.60175 -0.227107 -0.084934
1.59115 -0.230705 -0.08441
1.58054 -0.234239 -0.083885
1.56992 -0.237708 -0.083361
1.57903 -0.244165 -0.083885
1.57826 -0.249125 -0.083885
1.57747 -0.254082 -0.083885
1.56685 -0.257144 -0.083361
1.57589 -0.263713 -0.083885
1.52583 -0.260267 -0.081264
1.48565 -0.258219 -0.079167
1.48483 -0.262885 -0.079167
1.45451 -0.262233 -0.077594
1.46351 -0.268604 -0.078118
1.46265 -0.2732 -0.078118
1.45198 -0.275929 -0.077594
1.4511 -0.280489 -0.077594
1.45022 -0.285047 -0.077594
1.43952 -0.287645 -0.07707
1.43861 -0.292166 -0.07707
1.43769 -0.296684 -0.07707
1.43675 -0.301199 -0.07707
1.43579 -0.305711 -0.07707
1.43488 -0.30997 -0.07707
1.42414 -0.312337 -0.076545
1.42316 -0.316809 -0.076545
1.41241 -0.319078 -0.076021
1.4114 -0.323514 -0.076021
1.41038 -0.327946 -0.076021
1.39962 -0.330083 -0.075497
1.38887 -0.332156 -0.074973
1.39752 -0.338871 -0.075497
1.37706 -0.338492 -0.074448
1.37599 -0.342816 -0.074448
1.36522 -0.344693 -0.073924
1.36413 -0.34898 -0.073924
1.33403 -0.345748 -0.072351
1.35225 -0.355009 -0.0734
1.39938 -0.372086 -0.076021
1.45613 -0.391804 -0.079167
1.45489 -0.396377 -0.079167
2.07101 0.388327 -0.110624
2.01329 0.370961 -0.107478
1.95549 0.353962 -0.104332
1.92709 0.342574 -0.10276
1.92816 0.336517 -0.10276
1.91936 0.328773 -0.102235
1.91054 0.321085 -0.101711
1.89183 0.311834 -0.100662
1.91252 0.309076 -0.101711
1.9628 0.310876 -0.104332
1.96376 0.304709 -0.104332
1.94497 0.295537 -0.103284
1.94583 0.289765 -0.103284
1.93685 0.282211 -0.10276
1.9575 0.278942 -0.103808
1.93859 0.270036 -0.10276
1.92953 0.262597 -0.102235
1.93035 0.256534 -0.102235
1.94105 0.251754 -0.10276
1.86257 0.235627 -0.098565
1.85339 0.228553 -0.098041
1.86401 0.22392 -0.098565
1.85479 0.216903 -0.098041
1.83562 0.208818 -0.096992
1.83626 0.203049 -0.096992
1.82696 0.196214 -0.096468
1.80771 0.188402 -0.09542
1.81822 0.183727 -0.095944
1.79892 0.176068 -0.094895
1.8094 0.171357 -0.09542
1.91622 0.227817 -0.033168
1.90699 0.220647 -0.032996
1.90768 0.214655 -0.032996
1.91828 0.209747 -0.033168
1.89905 0.201608 -0.032824
1.91956 0.19769 -0.033168
1.91023 0.190666 -0.032996
1.89091 0.18274 -0.032652
1.88149 0.176196 -0.03248
1.87207 0.169383 -0.032309
1.86264 0.162632 -0.032137
1.80336 0.151749 -0.031106
1.7839 0.144469 -0.030762
1.78434 0.138864 -0.030762
1.7748 0.132512 -0.03059
1.77521 0.126937 -0.03059
1.77557 0.121669 -0.03059
1.75599 0.114786 -0.030246
1.75634 0.109269 -0.030246
1.7467 0.10316 -0.030074
1.74701 0.097674 -0.030074
1.73733 0.091658 -0.029903
1.73761 0.086199 -0.029903
1.73787 0.08074 -0.029903
1.71813 0.074415 -0.029559
1.71836 0.069017 -0.029559
1.76853 0.065467 -0.030418
1.78871 0.060588 -0.030762
1.78889 0.054968 -0.030762
1.78905 0.049348 -0.030762
1.78919 0.04404 -0.030762
1.78932 0.038418 -0.030762
1.77944 0.032614 -0.03059
1.77953 0.027023 -0.03059
1.77961 0.021433 -0.03059
1.75967 0.015664 -0.030246
1.73971 0.01002 -0.029903
1.73974 0.004555 -0.029903
1.73974 -0.000607 -0.029903
1.72973 -0.006038 -0.029731
1.68971 -0.011207 -0.029043
1.66967 -0.01632 -0.0287
1.65962 -0.021436 -0.028528
1.64954 -0.026489 -0.028356
1.64945 -0.031671 -0.028356
1.63935 -0.036629 -0.028184
1.63923 -0.041493 -0.028184
1.63909 -0.046643 -0.028184
1.63893 -0.052078 -0.028184
1.62877 -0.056878 -0.028012
1.60861 -0.060953 -0.027669
1.62839 -0.066826 -0.028012
1.62817 -0.071942 -0.028012
1.60796 -0.076111 -0.027669
1.60772 -0.081162 -0.027669
1.59747 -0.085677 -0.027497
1.58721 -0.090128 -0.027325
1.62684 -0.097507 -0.028012
1.67642 -0.105765 -0.028871
1.67608 -0.111031 -0.028871
1.66575 -0.115604 -0.0287
1.66537 -0.120836 -0.0287
1.64505 -0.124558 -0.028356
1.65462 -0.130512 -0.028528
1.64426 -0.134605 -0.028356
1.64383 -0.13977 -0.028356
1.63342 -0.144055 -0.028184
1.65287 -0.151005 -0.028528
1.63248 -0.154315 -0.028184
1.63199 -0.159443 -0.028184
1.63148 -0.164569 -0.028184
1.62101 -0.168659 -0.028012
1.60059 -0.171619 -0.027669
1.5901 -0.175549 -0.027497
1.56971 -0.178013 -0.027153
1.53934 -0.17947 -0.026637
1.52884 -0.183116 -0.026466
1.52826 -0.187918 -0.026466
1.51775 -0.191467 -0.026294
1.51714 -0.196234 -0.026294
1.51651 -0.200999 -0.026294
1.51587 -0.205762 -0.026294
1.51522 -0.210524 -0.026294
1.50465 -0.213876 -0.026122
1.49408 -0.217163 -0.02595
1.50328 -0.223325 -0.026122
1.49268 -0.226547 -0.02595
1.49196 -0.231235 -0.02595
1.4814 -0.2341 -0.025778
1.48065 -0.238753 -0.025778
1.48976 -0.245026 -0.02595
1.47912 -0.248051 -0.025778
1.46848 -0.251012 -0.025606
1.46768 -0.255624 -0.025606
1.50625 -0.26722 -0.026294
1.52509 -0.275506 -0.026637
1.52421 -0.280295 -0.026637
1.52332 -0.285082 -0.026637
1.53224 -0.291737 -0.026809
1.53132 -0.296549 -0.026809
1.52057 -0.299427 -0.026637
1.50982 -0.30224 -0.026466
1.50886 -0.306981 -0.026466
1.50789 -0.31172 -0.026466
1.50696 -0.316193 -0.026466
1.50596 -0.320925 -0.026466
1.50494 -0.325655 -0.026466
1.49415 -0.328236 -0.026294
1.49311 -0.332928 -0.026294
1.49205 -0.337617 -0.026294
1.48124 -0.340066 -0.026122
1.48017 -0.344717 -0.026122
1.47907 -0.349366 -0.026122
1.42935 -0.342366 -0.025263
1.40884 -0.342135 -0.024919
1.39805 -0.344169 -0.024747
1.39696 -0.34856 -0.024747
1.38616 -0.350496 -0.024575
1.37537 -0.352367 -0.024403
1.3549 -0.351663 -0.02406
1.35385 -0.355681 -0.02406
1.39138 -0.370217 -0.024747
1.42882 -0.384991 -0.025434
1.45654 -0.397373 -0.02595
1.90989 0.338828 -0.03334
1.93065 0.336257 -0.033683
1.93169 0.330191 -0.033683
1.913 0.320812 -0.03334
1.914 0.314801 -0.03334
1.91498 0.308787 -0.03334
1.89619 0.299648 -0.032996
1.89707 0.294021 -0.032996
1.8881 0.286559 -0.032824
1.8791 0.279157 -0.032652
1.87996 0.273252 -0.032652
1.86102 0.26453 -0.032309
1.86184 0.258683 -0.032309
1.85273 0.251487 -0.032137
1.85351 0.245665 -0.032137
1.86419 0.241124 -0.032309
1.8451 0.232763 -0.031965
1.89544 0.233067 -0.032824
1.91602 0.229489 -0.033168
1.92666 0.224627 -0.03334
1.90749 0.21632 -0.032996
1.89822 0.20923 -0.032824
1.89887 0.203266 -0.032824
1.8995 0.197299 -0.032824
1.88021 0.189327 -0.03248
1.8808 0.18342 -0.03248
1.89132 0.178449 -0.032652
1.73746 0.195194 0.46824
1.74766 0.190783 0.470827
1.73865 0.184273 0.46824
1.72 0.176834 0.463066
1.73016 0.172388 0.465653
1.73069 0.166952 0.465653
1.72156 0.160917 0.463066
1.71244 0.154638 0.460479
1.70329 0.148419 0.457892
1.67487 0.140643 0.450131
1.68493 0.136159 0.452718
1.68535 0.130864 0.452718
1.67613 0.124851 0.450131
1.66687 0.118899 0.447544
1.66722 0.113952 0.447544
1.66757 0.108714 0.447544
1.65826 0.102876 0.444957
1.65858 0.097666 0.444957
1.64923 0.091918 0.44237
1.64951 0.086736 0.44237
1.64013 0.081077 0.439783
1.65002 0.07637 0.44237
1.63095 0.070354 0.437196
1.63117 0.06523 0.437196
1.64102 0.06046 0.439783
1.63154 0.054979 0.437196
1.62205 0.049558 0.434609
1.6222 0.044462 0.434609
1.61267 0.039413 0.432022
1.61278 0.034346 0.432022
1.60323 0.029104 0.429435
1.60331 0.024067 0.429435
1.60338 0.01903 0.429435
1.59377 0.013909 0.426848
1.58415 0.008848 0.424261
1.58417 0.00387 0.424261
1.58417 -0.000829 0.424261
1.5745 -0.005771 0.421674
1.57448 -0.010717 0.421674
1.57443 -0.015664 0.421674
1.56472 -0.020483 0.419087
1.56465 -0.025399 0.419087
1.56456 -0.030314 0.419087
1.5548 -0.035012 0.416501
1.55469 -0.039625 0.416501
1.5449 -0.044232 0.413914
1.54475 -0.049355 0.413914
1.54458 -0.054208 0.413914
1.54441 -0.058791 0.413914
1.53457 -0.063244 0.411327
1.52471 -0.067637 0.40874
1.5245 -0.072427 0.40874
1.52426 -0.077216 0.40874
1.51436 -0.081485 0.406153
1.5141 -0.086242 0.406153
1.50418 -0.090419 0.403566
1.50389 -0.095144 0.403566
1.50358 -0.099868 0.403566
1.49363 -0.103921 0.400979
1.49329 -0.108612 0.400979
1.48331 -0.112572 0.398392
1.48295 -0.117232 0.398392
1.4826 -0.121631 0.398392
1.48221 -0.126288 0.398392
1.47218 -0.130094 0.395805
1.47176 -0.134718 0.395805
1.47133 -0.139341 0.395805
1.46127 -0.143022 0.393218
1.45121 -0.146641 0.390631
1.45074 -0.151199 0.390631
1.44065 -0.154724 0.388044
1.44976 -0.160311 0.390631
1.43968 -0.163522 0.388044
1.43916 -0.168044 0.388044
1.43863 -0.172564 0.388044
1.42849 -0.175903 0.385457
1.42793 -0.180389 0.385457
1.42736 -0.184875 0.385457
1.42677 -0.189358 0.385457
1.42617 -0.193839 0.385457
1.42555 -0.198319 0.385457
1.41536 -0.201435 0.38287
1.41472 -0.205881 0.38287
1.40451 -0.208903 0.380283
1.40384 -0.213314 0.380283
1.40317 -0.217723 0.380283
1.39297 -0.220376 0.377696
1.39228 -0.224751 0.377696
1.39156 -0.229124 0.377696
1.39084 -0.233495 0.377696
1.3901 -0.237863 0.377696
1.38934 -0.242229 0.377696
1.37906 -0.244904 0.375109
1.37829 -0.249235 0.375109
1.3775 -0.253564 0.375109
1.3672 -0.256111 0.372522
1.36639 -0.260405 0.372522
1.36556 -0.264697 0.372522
1.36472 -0.268985 0.372522
1.36387 -0.273271 0.372522
1.35354 -0.275627 0.369935
1.35267 -0.279878 0.369935
1.34238 -0.281905 0.367348
1.34149 -0.286121 0.367348
1.34058 -0.290334 0.367348
1.33966 -0.294544 0.367348
1.33873 -0.298751 0.367348
1.33779 -0.302956 0.367348
1.32741 -0.304994 0.364761
1.33586 -0.311355 0.367348
1.31607 -0.311106 0.362174
1.33387 -0.319742 0.367348
1.3047 -0.317088 0.359587
1.3037 -0.321185 0.359587
1.30269 -0.325279 0.359587
1.29229 -0.327 0.357
1.27255 -0.326261 0.351827
1.27151 -0.330257 0.351827
1.25184 -0.329116 0.346653
1.2508 -0.333047 0.346653
1.29638 -0.349549 0.359587
1.29528 -0.35362 0.359587
1.75648 0.198884 0.473414
1.7475 0.192308 0.470827
1.71928 0.183738 0.463066
1.73906 0.180328 0.46824
1.7204 0.172931 0.463066
1.73055 0.168462 0.465653
1.71183 0.161213 0.460479
1.78998 0.212174 0.416493
1.77128 0.204317 0.41199
1.77191 0.198752 0.41199
1.75315 0.191072 0.407488
1.76343 0.186589 0.409739
1.74463 0.179058 0.405236
1.74518 0.173577 0.405236
1.73602 0.16716 0.402985
1.74621 0.162913 0.405236
1.73701 0.156551 0.402985
1.72778 0.150251 0.400734
1.72825 0.144821 0.400734
1.71898 0.138608 0.398482
1.71941 0.133207 0.398482
1.7101 0.127082 0.396231
1.70078 0.121019 0.39398
1.70113 0.115971 0.39398
1.69176 0.109995 0.391728
1.6921 0.104679 0.391728
1.69242 0.099363 0.391728
1.68299 0.093505 0.389477
1.68328 0.088217 0.389477
1.67382 0.082449 0.387226
1.67407 0.07719 0.387226
1.66457 0.071512 0.384975
1.66478 0.066283 0.384975
1.66498 0.061052 0.384975
1.65543 0.055494 0.382723
1.64586 0.049998 0.380472
1.64601 0.044827 0.380472
1.63639 0.039707 0.378221
1.62677 0.03436 0.375969
1.62687 0.029249 0.375969
1.61721 0.023993 0.373718
1.61727 0.018913 0.373718
1.61733 0.013832 0.373718
1.60762 0.008698 0.371467
1.5979 0.003625 0.369215
1.5979 -0.001116 0.369215
1.59789 -0.006135 0.369215
1.58812 -0.011087 0.366964
1.58807 -0.016076 0.366964
1.57827 -0.020936 0.364713
1.58794 -0.026054 0.366964
1.57811 -0.030852 0.364713
1.56826 -0.035589 0.362461
1.57789 -0.040492 0.364713
1.56802 -0.045168 0.362461
1.56786 -0.050368 0.362461
1.55796 -0.05495 0.36021
1.55779 -0.059572 0.36021
1.53812 -0.06366 0.355707
1.53791 -0.068491 0.355707
1.53769 -0.073323 0.355707
1.54718 -0.078648 0.357959
1.52747 -0.082458 0.353456
1.5272 -0.087256 0.353456
1.52692 -0.092053 0.353456
1.52663 -0.09685 0.353456
1.52631 -0.101645 0.353456
1.51627 -0.105762 0.351205
1.51593 -0.110525 0.351205
1.51557 -0.115287 0.351205
1.50549 -0.119278 0.348954
1.50513 -0.123744 0.348954
1.50473 -0.128472 0.348954
1.49462 -0.132339 0.346702
1.48449 -0.136144 0.344451
1.48406 -0.140807 0.344451
1.48361 -0.145469 0.344451
1.48314 -0.150129 0.344451
1.47297 -0.153776 0.3422
1.4628 -0.157361 0.339948
1.4623 -0.161956 0.339948
1.45213 -0.165192 0.337697
1.4516 -0.169753 0.337697
1.46073 -0.175475 0.339948
1.45051 -0.178871 0.337697
1.44994 -0.183427 0.337697
1.45902 -0.189234 0.339948
1.44876 -0.192533 0.337697
1.43849 -0.19577 0.335446
1.43787 -0.200288 0.335446
1.42759 -0.20343 0.333194
1.42694 -0.207913 0.333194
1.41664 -0.21096 0.330943
1.4256 -0.216875 0.333194
1.41529 -0.219857 0.330943
1.41463 -0.224055 0.330943
1.41392 -0.228498 0.330943
1.40358 -0.231355 0.328692
1.40285 -0.235763 0.328692
1.4021 -0.240169 0.328692
1.40134 -0.244572 0.328692
1.40056 -0.248974 0.328692
1.39977 -0.253372 0.328692
1.38939 -0.256003 0.32644
1.38858 -0.260367 0.32644
1.38775 -0.264728 0.32644
1.37735 -0.267231 0.324189
1.3765 -0.271556 0.324189
1.37564 -0.275879 0.324189
1.37477 -0.2802 0.324189
1.36434 -0.282541 0.321938
1.3635 -0.286588 0.321938
1.36259 -0.29087 0.321938
1.36167 -0.29515 0.321938
1.36074 -0.299426 0.321938
1.35028 -0.301576 0.319686
1.34932 -0.305816 0.319686
1.34836 -0.310054 0.319686
1.34738 -0.314288 0.319686
1.34638 -0.318519 0.319686
1.3359 -0.320475 0.317435
1.33489 -0.32467 0.317435
1.33386 -0.328862 0.317435
1.33282 -0.333051 0.317435
1.32232 -0.334845 0.315184
1.28351 -0.329312 0.306179
1.2919 -0.335793 0.30843
1.28148 -0.337146 0.306179
1.28983 -0.343679 0.30843
1.32637 -0.357882 0.317435
1.33464 -0.364615 0.319686
1.87831 0.344734 0.441257
1.86021 0.335374 0.436755
1.86125 0.329529 0.436755
1.87188 0.325348 0.439006
1.87289 0.319466 0.439006
1.86427 0.311972 0.436755
1.85563 0.304536 0.434503
1.84696 0.297158 0.432252
1.85751 0.292871 0.434503
1.84874 0.28587 0.432252
1.83036 0.277143 0.427749
1.83122 0.271391 0.427749
1.82242 0.264239 0.425498
1.8136 0.257144 0.423247
1.8144 0.251446 0.423247
1.81518 0.245744 0.423247
1.80628 0.238764 0.420996
1.7877 0.230595 0.416493
1.78841 0.224978 0.416493
1.79878 0.220544 0.418744
1.78012 0.212581 0.414242
1.78077 0.206988 0.414242
1.77173 0.200298 0.41199
1.76267 0.193666 0.409739
1.76327 0.188128 0.409739
1.75416 0.181584 0.407488
1.75472 0.176073 0.407488
1.73587 0.168675 0.402985
1.73639 0.16322 0.402985
1.8522 0.218895 0.362527
1.85284 0.213399 0.362527
1.84375 0.206484 0.360619
1.84439 0.200691 0.360619
1.83525 0.193864 0.358711
1.83585 0.188097 0.358711
1.82666 0.181359 0.356803
1.81745 0.174681 0.354895
1.81799 0.16897 0.354895
1.80871 0.162695 0.352987
1.80921 0.157013 0.352987
1.79991 0.15051 0.351079
1.80038 0.144855 0.351079
1.79104 0.138442 0.349171
1.78167 0.132088 0.347263
1.77229 0.125796 0.345355
1.77268 0.120227 0.345355
1.77302 0.114967 0.345355
1.76358 0.108792 0.343447
1.76391 0.103251 0.343447
1.76423 0.09771 0.343447
1.75472 0.091654 0.341539
1.73539 0.085178 0.337723
1.73565 0.079726 0.337723
1.72609 0.073854 0.335815
1.73612 0.06882 0.337723
1.73633 0.063365 0.337723
1.71689 0.057255 0.333907
1.71707 0.051861 0.333907
1.71722 0.046467 0.333907
1.70755 0.040837 0.331999
1.69784 0.035565 0.330091
1.69795 0.03023 0.330091
1.69803 0.024896 0.330091
1.6981 0.019562 0.330091
1.68834 0.014145 0.328183
1.68838 0.00884 0.328183
1.6884 0.003536 0.328183
1.67858 -0.001758 0.326275
1.66875 -0.006699 0.324367
1.66873 -0.011941 0.324367
1.65886 -0.017083 0.322458
1.6588 -0.022294 0.322458
1.65872 -0.027795 0.322458
1.64881 -0.03281 0.32055
1.6487 -0.037702 0.32055
1.64858 -0.042882 0.32055
1.63863 -0.047488 0.318642
1.64828 -0.053239 0.32055
1.62848 -0.057722 0.316734
1.61848 -0.062459 0.314826
1.61829 -0.067261 0.314826
1.62788 -0.072783 0.316734
1.61784 -0.077427 0.314826
1.61758 -0.082509 0.314826
1.60751 -0.08706 0.312918
1.60723 -0.09211 0.312918
1.59714 -0.096566 0.31101
1.60662 -0.102206 0.312918
1.5867 -0.105945 0.309102
1.58636 -0.110929 0.309102
1.58601 -0.115913 0.309102
1.58564 -0.120895 0.309102
1.58525 -0.125875 0.309102
1.57506 -0.130047 0.307194
1.56489 -0.133883 0.305286
1.56446 -0.138799 0.305286
1.56402 -0.143713 0.305286
1.56356 -0.148626 0.305286
1.55331 -0.152577 0.303378
1.56259 -0.158447 0.305286
1.56209 -0.163355 0.305286
1.56157 -0.168262 0.305286
1.55127 -0.172084 0.303378
1.55072 -0.176957 0.303378
1.54044 -0.180415 0.30147
1.53987 -0.185254 0.30147
1.53928 -0.190091 0.30147
1.52894 -0.193692 0.299562
1.52832 -0.198494 0.299562
1.51796 -0.202 0.297654
1.51732 -0.206767 0.297654
1.51666 -0.211533 0.297654
1.51599 -0.216297 0.297654
1.50559 -0.219641 0.295746
1.5146 -0.225818 0.297654
1.50418 -0.229097 0.295746
1.49375 -0.232313 0.293838
1.50271 -0.238543 0.295746
1.4923 -0.241433 0.293838
1.48185 -0.244522 0.29193
1.49076 -0.250805 0.293838
1.48996 -0.255487 0.293838
1.48915 -0.260166 0.293838
1.469 -0.261404 0.290022
1.47783 -0.267768 0.29193
1.46733 -0.270629 0.290022
1.46647 -0.275237 0.290022
1.47524 -0.281684 0.29193
1.46471 -0.284446 0.290022
1.46381 -0.289046 0.290022
1.45327 -0.291711 0.288114
1.46196 -0.298237 0.290022
1.45141 -0.300837 0.288114
1.44085 -0.303372 0.286206
1.43994 -0.307646 0.286206
1.42938 -0.310087 0.284298
1.43798 -0.316687 0.286206
1.41782 -0.316921 0.28239
1.42639 -0.323545 0.284298
1.4158 -0.325823 0.28239
1.42433 -0.332501 0.284298
1.41373 -0.334712 0.28239
1.42221 -0.341443 0.284298
1.40206 -0.341266 0.280482
1.41051 -0.348021 0.28239
1.39989 -0.350069 0.280482
1.38926 -0.352054 0.278574
1.36914 -0.351534 0.274758
1.35852 -0.353363 0.27285
1.38588 -0.365132 0.278574
1.41325 -0.376829 0.284298
1.46892 -0.39662 0.295746
1.47714 -0.403822 0.297654
1.96003 0.359379 0.387332
1.99013 0.35844 0.393056
1.96225 0.347058 0.387332
1.95366 0.339211 0.385424
1.95472 0.333073 0.385424
1.94607 0.325311 0.383516
1.93739 0.317608 0.381608
1.919 0.308405 0.377792
1.91996 0.302374 0.377792
1.9112 0.294845 0.375884
1.91206 0.289172 0.375884
1.89354 0.28029 0.372067
1.89441 0.27434 0.372067
1.88555 0.26701 0.370159
1.88638 0.261085 0.370159
1.87746 0.253842 0.368251
1.88798 0.249228 0.370159
1.86928 0.240787 0.366343
1.86029 0.23369 0.364435
1.86101 0.227845 0.364435
1.86172 0.221996 0.364435
1.84291 0.213884 0.360619
1.84357 0.208093 0.360619
1.83446 0.20123 0.358711
1.82532 0.194426 0.356803
1.82592 0.18869 0.356803
1.8265 0.182953 0.356803
1.82707 0.177215 0.356803
1.81784 0.170556 0.354895
1.84404 0.217604 0.294194
1.83487 0.211004 0.292629
1.83552 0.205239 0.292629
1.83616 0.199471 0.292629
1.82695 0.192665 0.291064
1.82755 0.186925 0.291064
1.8183 0.180209 0.289499
1.81886 0.174496 0.289499
1.80956 0.167868 0.287935
1.80022 0.161614 0.28637
1.79087 0.155107 0.284805
1.8012 0.150301 0.28637
1.79181 0.143852 0.284805
1.79226 0.138221 0.284805
1.77298 0.131132 0.281675
1.77339 0.125563 0.281675
1.77377 0.119991 0.281675
1.77412 0.114727 0.281675
1.76461 0.108546 0.28011
1.75508 0.102427 0.278545
1.7554 0.096913 0.278545
1.74583 0.090884 0.276981
1.74611 0.085398 0.276981
1.7365 0.079461 0.275416
1.72687 0.073585 0.273851
1.7271 0.06816 0.273851
1.71743 0.062375 0.272286
1.72749 0.057306 0.273851
1.70792 0.051286 0.270721
1.70807 0.045921 0.270721
1.7082 0.040555 0.270721
1.69844 0.035281 0.269156
1.69855 0.029944 0.269156
1.69863 0.024608 0.269156
1.68882 0.01916 0.267591
1.69875 0.013936 0.269156
1.67903 0.008498 0.266026
1.67905 0.003223 0.266026
1.67905 -0.002051 0.266026
1.67904 -0.007033 0.266026
1.66913 -0.012236 0.264462
1.65921 -0.017376 0.262897
1.66902 -0.022723 0.264462
1.65907 -0.02809 0.262897
1.64909 -0.033104 0.261332
1.64899 -0.037997 0.261332
1.64886 -0.043177 0.261332
1.62898 -0.047493 0.258202
1.63868 -0.053216 0.259767
1.63851 -0.058363 0.259767
1.62845 -0.063128 0.258202
1.62826 -0.067959 0.258202
1.62803 -0.073074 0.258202
1.62779 -0.078189 0.258202
1.60781 -0.082292 0.255072
1.59768 -0.086807 0.253508
1.60726 -0.092393 0.255072
1.60697 -0.097442 0.255072
1.64608 -0.105005 0.261332
1.62603 -0.108856 0.258202
1.63554 -0.114655 0.259767
1.63517 -0.119792 0.259767
1.62493 -0.124176 0.258202
1.61469 -0.128497 0.256637
1.63397 -0.135198 0.259767
1.60404 -0.137514 0.255072
1.61343 -0.143427 0.256637
1.5933 -0.146684 0.253508
1.60267 -0.152626 0.255072
1.60218 -0.15766 0.255072
1.60168 -0.162692 0.255072
1.60116 -0.167723 0.255072
1.60062 -0.172753 0.255072
1.53136 -0.170146 0.244118
1.54063 -0.176077 0.245683
1.5401 -0.180648 0.245683
1.52972 -0.184304 0.244118
1.52913 -0.189108 0.244118
1.52853 -0.193911 0.244118
1.51812 -0.197439 0.242554
1.52728 -0.203512 0.244118
1.51685 -0.206973 0.242554
1.51619 -0.211738 0.242554
1.51552 -0.2165 0.242554
1.51483 -0.22126 0.242554
1.51413 -0.226018 0.242554
1.50365 -0.229285 0.240989
1.50292 -0.234007 0.240989
1.50218 -0.238728 0.240989
1.50146 -0.243184 0.240989
1.49094 -0.24629 0.239424
1.4999 -0.252613 0.240989
1.48937 -0.255653 0.239424
1.47883 -0.258629 0.237859
1.49746 -0.266738 0.240989
1.51605 -0.274966 0.244118
1.51518 -0.279727 0.244118
1.51429 -0.284486 0.244118
1.51339 -0.289242 0.244118
1.50278 -0.29211 0.242554
1.50185 -0.29683 0.242554
1.50091 -0.301547 0.242554
1.49996 -0.30626 0.242554
1.49899 -0.310971 0.242554
1.498 -0.315679 0.242554
1.4874 -0.318057 0.240989
1.47674 -0.320632 0.239424
1.47573 -0.32527 0.239424
1.46506 -0.327748 0.237859
1.47366 -0.334536 0.239424
1.46297 -0.336947 0.237859
1.47152 -0.343789 0.239424
1.44161 -0.341578 0.234729
1.43092 -0.343798 0.233164
1.41064 -0.343617 0.230035
1.39997 -0.345679 0.22847
1.39887 -0.350075 0.22847
1.37862 -0.349613 0.22534
1.36795 -0.351484 0.223775
1.35728 -0.353292 0.22221
1.36571 -0.360072 0.223775
1.40281 -0.374308 0.230035
1.43023 -0.386442 0.234729
1.96246 0.359471 0.316102
1.96358 0.353304 0.316102
1.95496 0.345416 0.314537
1.9463 0.337584 0.312972
1.94735 0.331468 0.312972
1.9289 0.322095 0.309843
1.93965 0.31763 0.311408
1.92113 0.308404 0.308278
1.92209 0.302366 0.308278
1.90351 0.293319 0.305148
1.89461 0.286194 0.303583
1.90527 0.281685 0.305148
1.87682 0.271457 0.300453
1.88744 0.266942 0.302018
1.88827 0.261011 0.302018
1.87929 0.253756 0.300453
1.87029 0.24656 0.298889
1.86126 0.239423 0.297324
1.8522 0.232345 0.295759
1.84312 0.225327 0.294194
1.85362 0.220703 0.295759
1.83468 0.212605 0.292629
1.82553 0.205734 0.291064
1.83598 0.201073 0.292629
1.82678 0.19426 0.291064
1.82739 0.188519 0.291064
1.82797 0.182778 0.291064
1.8187 0.176083 0.289499
1.80941 0.169447 0.287935
1.86316 0.21953 0.22923
1.8638 0.214001 0.22923
1.86446 0.208145 0.22923
1.84537 0.200146 0.226804
1.85586 0.195386 0.228017
1.84659 0.188547 0.226804
1.85705 0.183722 0.228017
1.84774 0.176941 0.226804
1.84829 0.171135 0.226804
1.77958 0.159449 0.218314
1.79985 0.155568 0.22074
1.80033 0.149913 0.22074
1.7909 0.143463 0.219527
1.80124 0.138598 0.22074
1.79177 0.132207 0.219527
1.79217 0.126579 0.219527
1.78266 0.120279 0.218314
1.7731 0.11435 0.217101
1.78336 0.109387 0.218314
1.77378 0.103208 0.217101
1.76419 0.09709 0.215888
1.7744 0.092061 0.217101
1.75485 0.085519 0.214675
1.75511 0.080006 0.214675
1.73552 0.07365 0.21225
1.72582 0.067808 0.211037
1.73595 0.062744 0.21225
1.7659 0.058272 0.215888
1.74623 0.052132 0.213463
1.73646 0.046381 0.21225
1.72668 0.040692 0.211037
1.75656 0.036181 0.214675
1.71697 0.029969 0.209824
1.72698 0.024718 0.211037
1.7072 0.019071 0.208611
1.70725 0.013707 0.208611
1.69736 0.008295 0.207398
1.71723 0.002997 0.209824
1.68745 -0.002356 0.206185
1.68743 -0.007363 0.206185
1.67748 -0.01259 0.204973
1.67743 -0.017859 0.204973
1.67736 -0.023129 0.204973
1.66735 -0.028522 0.20376
1.66726 -0.03376 0.20376
1.6473 -0.038245 0.201334
1.6571 -0.043682 0.202547
1.65696 -0.048599 0.202547
1.64687 -0.053769 0.201334
1.63677 -0.058587 0.200121
1.63658 -0.063729 0.200121
1.6463 -0.069 0.201334
1.62624 -0.073278 0.198908
1.62601 -0.078387 0.198908
1.62575 -0.083495 0.198908
1.61557 -0.088062 0.197695
1.59546 -0.091994 0.19527
1.60508 -0.097608 0.196483
1.63448 -0.104551 0.200121
1.63414 -0.109686 0.200121
1.62389 -0.114123 0.198908
1.61362 -0.118497 0.197695
1.62314 -0.124324 0.198908
1.61284 -0.128633 0.197695
1.62232 -0.13452 0.198908
1.61203 -0.138483 0.197695
1.61159 -0.143547 0.197695
1.60124 -0.147697 0.196483
1.60077 -0.152727 0.196483
1.60028 -0.157755 0.196483
1.58991 -0.161777 0.19527
1.55977 -0.163663 0.191631
1.54938 -0.167496 0.190418
1.54885 -0.172363 0.190418
1.55816 -0.178357 0.191631
1.53791 -0.180663 0.189205
1.54719 -0.186682 0.190418
1.54659 -0.191542 0.190418
1.53614 -0.195149 0.189205
1.52567 -0.198692 0.187993
1.53488 -0.204797 0.189205
1.52439 -0.208274 0.187993
1.5139 -0.211687 0.18678
1.51323 -0.216442 0.18678
1.52236 -0.222632 0.187993
1.51184 -0.225946 0.18678
1.52094 -0.232193 0.187993
1.50058 -0.233912 0.185567
1.49984 -0.238625 0.185567
1.50892 -0.244663 0.18678
1.49836 -0.247782 0.185567
1.48778 -0.250838 0.184354
1.48699 -0.255511 0.184354
1.4764 -0.258469 0.183141
1.50489 -0.268334 0.18678
1.47475 -0.267741 0.183141
1.49342 -0.27598 0.185567
1.49254 -0.28067 0.185567
1.48191 -0.283493 0.184354
1.50049 -0.291938 0.18678
1.48983 -0.294725 0.185567
1.4889 -0.299404 0.185567
1.4685 -0.300105 0.183141
1.46755 -0.304717 0.183141
1.45687 -0.307277 0.181928
1.45596 -0.311598 0.181928
1.47437 -0.320387 0.184354
1.45397 -0.32074 0.181928
1.47233 -0.329644 0.184354
1.45193 -0.329869 0.181928
1.45088 -0.334429 0.181928
1.45949 -0.341245 0.183141
1.42944 -0.338958 0.179503
1.43801 -0.345768 0.180715
1.42728 -0.347933 0.179503
1.42618 -0.352415 0.179503
1.41543 -0.354482 0.17829
1.39507 -0.354044 0.175864
1.37472 -0.353481 0.173438
1.364 -0.355296 0.172225
1.37248 -0.362112 0.173438
1.39058 -0.371304 0.175864
1.42773 -0.386034 0.180715
1.39779 -0.382654 0.177077
1.97119 0.367119 0.244997
1.92352 0.35199 0.238932
1.95392 0.351214 0.242571
1.96479 0.3468 0.243784
1.95609 0.33893 0.242571
1.94736 0.33112 0.241358
1.9386 0.323366 0.240145
1.9396 0.317275 0.240145
1.92099 0.308037 0.23772
1.92195 0.302 0.23772
1.91308 0.294451 0.236507
1.91394 0.288773 0.236507
1.90502 0.281309 0.235294
1.89607 0.273904 0.234081
1.89692 0.267945 0.234081
1.87809 0.25927 0.231655
1.86906 0.252042 0.230443
1.88952 0.24876 0.232868
1.88045 0.241559 0.231655
1.8615 0.233182 0.22923
1.86222 0.227333 0.22923
1.86293 0.221481 0.22923
1.88333 0.217909 0.231655
1.88401 0.211992 0.231655
1.8748 0.204993 0.230443
1.86556 0.198053 0.22923
1.8563 0.191175 0.228017
1.84702 0.184357 0.226804
1.84759 0.178554 0.226804
1.84814 0.172748 0.226804
1.8898 0.222335 0.165308
1.89045 0.216727 0.165308
1.89112 0.210786 0.165308
1.87197 0.202699 0.163577
1.8825 0.197858 0.164443
1.89303 0.192954 0.165308
1.87379 0.185048 0.163577
1.86445 0.178212 0.162712
1.85508 0.171437 0.161846
1.85558 0.165932 0.161846
1.80646 0.155822 0.157519
1.80694 0.150146 0.157519
1.79747 0.143674 0.156654
1.78798 0.137264 0.155788
1.78841 0.131646 0.155788
1.76894 0.124627 0.154057
1.76932 0.119069 0.154057
1.77961 0.114458 0.154923
1.76007 0.10765 0.153192
1.7604 0.102121 0.153192
1.75076 0.096044 0.152326
1.75106 0.090543 0.152326
1.75133 0.085041 0.152326
1.74164 0.079087 0.151461
1.75183 0.074036 0.152326
1.7421 0.068143 0.151461
1.75226 0.063028 0.152326
1.74249 0.057195 0.151461
1.73271 0.051425 0.150595
1.7229 0.045718 0.14973
1.72304 0.040305 0.14973
1.71319 0.034989 0.148864
1.72325 0.029778 0.14973
1.70341 0.024083 0.147999
1.71344 0.018841 0.148864
1.70353 0.01338 0.147999
1.6936 0.007981 0.147133
1.69362 0.00266 0.147133
1.69362 -0.00266 0.147133
1.67368 -0.007595 0.145402
1.65372 -0.0127 0.143671
1.69352 -0.018326 0.147133
1.71338 -0.023925 0.148864
1.72325 -0.029779 0.14973
1.70323 -0.034785 0.147999
1.70312 -0.039839 0.147999
1.70298 -0.045189 0.147999
1.69288 -0.049948 0.147133
1.68275 -0.055235 0.146268
1.69253 -0.060879 0.147133
1.69233 -0.066196 0.147133
1.67222 -0.070379 0.145402
1.67199 -0.075632 0.145402
1.68169 -0.081366 0.146268
1.66153 -0.085623 0.144537
1.64136 -0.089755 0.142806
1.61123 -0.093185 0.140209
1.61093 -0.098246 0.140209
1.60067 -0.102669 0.139344
1.61028 -0.108366 0.140209
1.59999 -0.112724 0.139344
1.59963 -0.11775 0.139344
1.59925 -0.122775 0.139344
1.59886 -0.127799 0.139344
1.57859 -0.131171 0.137613
1.5782 -0.135854 0.137613
1.56784 -0.139926 0.136747
1.57731 -0.145768 0.137613
1.56693 -0.149774 0.136747
1.56645 -0.154696 0.136747
1.56596 -0.159616 0.136747
1.56545 -0.164535 0.136747
1.56492 -0.169452 0.136747
1.56438 -0.174368 0.136747
1.55393 -0.178147 0.135882
1.5534 -0.182757 0.135882
1.58248 -0.191221 0.138478
1.60165 -0.198644 0.140209
1.59114 -0.202418 0.139344
1.59049 -0.207416 0.139344
1.57996 -0.211092 0.138478
1.58916 -0.217405 0.139344
1.56873 -0.219634 0.137613
1.56804 -0.224561 0.137613
1.57718 -0.230929 0.138478
1.56659 -0.234408 0.137613
1.556 -0.237824 0.136747
1.55525 -0.242711 0.136747
1.54464 -0.246029 0.135882
1.55374 -0.252207 0.136747
1.55294 -0.257087 0.136747
1.55212 -0.261964 0.136747
1.51202 -0.260083 0.133285
1.48175 -0.259673 0.130689
1.48093 -0.264327 0.130689
1.48989 -0.27076 0.131554
1.47924 -0.273627 0.130689
1.46858 -0.27643 0.129823
1.47749 -0.282916 0.130689
1.45704 -0.283747 0.128958
1.46591 -0.290258 0.129823
1.45523 -0.292896 0.128958
1.4543 -0.297467 0.128958
1.45336 -0.302034 0.128958
1.4524 -0.306598 0.128958
1.45148 -0.310906 0.128958
1.4505 -0.315465 0.128958
1.43977 -0.317872 0.128092
1.44849 -0.324572 0.128958
1.43775 -0.326912 0.128092
1.42701 -0.329188 0.127227
1.42597 -0.33367 0.127227
1.42491 -0.338148 0.127227
1.42384 -0.342623 0.127227
1.42276 -0.347094 0.127227
1.42166 -0.351562 0.127227
1.41088 -0.353605 0.126361
1.40977 -0.358035 0.126361
1.38934 -0.357497 0.12463
1.36893 -0.356834 0.122899
1.35817 -0.35859 0.122034
1.37635 -0.367762 0.123765
1.43289 -0.387696 0.128958
1.44127 -0.394827 0.129823
1.93171 0.346874 0.170501
1.97204 0.347724 0.173963
1.9633 0.339827 0.173098
1.97418 0.335326 0.173963
1.9654 0.327484 0.173098
1.93692 0.316489 0.170501
1.93791 0.310403 0.170501
1.92903 0.302768 0.169636
1.92012 0.295193 0.16877
1.91114 0.288009 0.167905
1.90218 0.28055 0.167039
1.90305 0.274574 0.167039
1.89404 0.267201 0.166174
1.885 0.259889 0.165308
1.89568 0.255295 0.166174
1.87672 0.246742 0.164443
1.87749 0.240845 0.164443
1.86835 0.233708 0.163577
1.88956 0.224313 0.165308
1.89026 0.218376 0.165308
1.90084 0.213549 0.166174
1.88169 0.205414 0.164443
1.88233 0.199501 0.164443
1.87303 0.192568 0.163577
1.87363 0.186683 0.163577
1.87421 0.180796 0.163577
1.85493 0.173056 0.161846
1.87457 0.220211 0.097914
1.8653 0.213513 0.097395
1.86596 0.207652 0.097395
1.8666 0.201789 0.097395
1.84736 0.193839 0.096359
1.83802 0.187024 0.095841
1.8386 0.181249 0.095841
1.82922 0.174523 0.095323
1.81982 0.167858 0.094805
1.80041 0.160682 0.093769
1.81086 0.155883 0.094287
1.80139 0.149367 0.093769
1.84167 0.146883 0.095841
1.87199 0.143385 0.097395
1.86247 0.136771 0.096877
1.86289 0.13092 0.096877
1.85333 0.124398 0.096359
1.85369 0.118898 0.096359
1.85406 0.113074 0.096359
1.83446 0.106096 0.095323
1.82482 0.099787 0.094805
1.82512 0.094054 0.094805
1.81543 0.087836 0.094287
1.83565 0.083035 0.095323
1.77604 0.074749 0.092215
1.74633 0.068003 0.090661
1.74653 0.062516 0.090661
1.74672 0.057029 0.090661
1.72693 0.050952 0.089625
1.73706 0.04579 0.090143
1.72721 0.040101 0.089625
1.72732 0.034976 0.089625
1.70745 0.029207 0.088588
1.71752 0.023983 0.089106
1.7076 0.018479 0.088588
1.70765 0.013114 0.088588
1.6977 0.007704 0.08807
1.68773 0.002356 0.087552
1.67774 -0.002928 0.087034
1.68771 -0.007953 0.087552
1.67769 -0.013177 0.087034
1.7076 -0.018777 0.088588
1.75746 -0.025154 0.091179
1.7374 -0.030326 0.090143
1.7373 -0.035784 0.090143
1.73718 -0.040939 0.090143
1.73704 -0.046396 0.090143
1.72692 -0.051254 0.089625
1.71676 -0.056651 0.089106
1.71657 -0.062044 0.089106
1.71637 -0.067436 0.089106
1.70618 -0.072107 0.088588
1.70595 -0.077467 0.088588
1.72564 -0.083794 0.089625
1.70543 -0.088184 0.088588
1.63534 -0.089712 0.084962
1.62508 -0.094271 0.084444
1.62478 -0.099375 0.084444
1.61449 -0.103838 0.083926
1.61416 -0.10891 0.083926
1.60384 -0.113277 0.083408
1.60348 -0.118315 0.083408
1.59314 -0.122586 0.08289
1.61266 -0.129185 0.083926
1.60229 -0.133422 0.083408
1.60189 -0.138175 0.083408
1.5915 -0.142318 0.08289
1.59105 -0.147317 0.08289
1.59057 -0.152314 0.08289
1.58015 -0.156327 0.082372
1.56972 -0.160276 0.081854
1.56921 -0.165207 0.081854
1.56868 -0.170136 0.081854
1.55821 -0.173955 0.081336
1.54774 -0.177711 0.080818
1.59679 -0.188145 0.083408
1.61602 -0.19556 0.084444
1.6154 -0.200636 0.084444
1.61476 -0.20571 0.084444
1.6042 -0.209489 0.083926
1.61344 -0.215852 0.084444
1.61275 -0.220919 0.084444
1.60216 -0.224598 0.083926
1.62122 -0.232466 0.084962
1.6106 -0.236109 0.084444
1.59997 -0.239688 0.083926
1.58934 -0.243203 0.083408
1.5787 -0.246653 0.08289
1.59764 -0.254757 0.083926
1.57716 -0.256292 0.08289
1.57635 -0.261246 0.08289
1.58537 -0.26786 0.083408
1.50578 -0.259282 0.079263
1.49513 -0.262286 0.078745
1.48447 -0.265225 0.078227
1.48362 -0.269888 0.078227
1.48277 -0.274547 0.078227
1.4819 -0.279204 0.078227
1.48101 -0.283858 0.078227
1.48012 -0.28851 0.078227
1.46941 -0.291217 0.077709
1.45869 -0.293859 0.077191
1.46755 -0.300444 0.077709
1.45682 -0.303019 0.077191
1.44609 -0.30553 0.076673
1.44518 -0.309819 0.076673
1.4442 -0.314358 0.076673
1.43345 -0.316738 0.076155
1.44219 -0.323425 0.076673
1.44117 -0.327955 0.076673
1.4304 -0.330234 0.076155
1.42936 -0.334726 0.076155
1.4283 -0.339215 0.076155
1.42722 -0.3437 0.076155
1.42614 -0.348182 0.076155
1.42504 -0.352661 0.076155
1.41423 -0.354707 0.075637
1.40343 -0.356688 0.075119
1.39264 -0.358605 0.074601
1.3915 -0.362978 0.074601
1.3807 -0.364797 0.074083
1.4182 -0.379211 0.076155
1.45556 -0.394104 0.078227
1.47358 -0.403955 0.079263
1.97464 0.360633 0.10413
1.93644 0.347375 0.102058
1.9572 0.344755 0.103094
1.94843 0.336902 0.102576
1.94948 0.33078 0.102576
1.94066 0.323014 0.102058
1.93181 0.315307 0.10154
1.95251 0.312392 0.102576
1.97321 0.30935 0.103612
2.00379 0.307696 0.105166
1.98494 0.298777 0.10413
1.97599 0.291084 0.103612
1.98678 0.2863 0.10413
1.94811 0.274483 0.102058
1.94896 0.268361 0.102058
1.9399 0.260906 0.10154
1.97042 0.258711 0.103094
1.90188 0.243637 0.099468
1.88282 0.235185 0.098432
1.87363 0.228061 0.097914
1.87434 0.222174 0.097914
1.86511 0.215141 0.097395
1.8757 0.210394 0.097914
1.8565 0.202336 0.096877
1.84719 0.195451 0.096359
1.8478 0.189647 0.096359
1.84838 0.183842 0.096359
1.82907 0.17612 0.095323
1.83956 0.171298 0.095841
1.92651 0.225971 0.03334
1.91723 0.219119 0.033168
1.91791 0.213095 0.033168
1.90863 0.205996 0.032996
1.90927 0.199998 0.032996
1.90989 0.193999 0.032996
1.89059 0.18604 0.032652
1.89116 0.180099 0.032652
1.89172 0.174158 0.032652
1.89223 0.168543 0.032652
1.79313 0.154041 0.030934
1.8235 0.15088 0.031449
1.82396 0.14515 0.031449
1.82441 0.13942 0.031449
1.81487 0.132957 0.031277
1.8053 0.126556 0.031106
1.81567 0.121552 0.031277
1.79606 0.114887 0.030934
1.78644 0.108637 0.030762
1.78677 0.103025 0.030762
1.7771 0.096867 0.03059
1.7774 0.091283 0.03059
1.77767 0.085698 0.03059
1.75796 0.079213 0.030246
1.76819 0.074109 0.030418
1.74843 0.067779 0.030074
1.7886 0.06371 0.030762
1.79879 0.058414 0.030934
1.80895 0.053056 0.031106
1.78912 0.04685 0.030762
1.80925 0.041689 0.031106
1.79937 0.036121 0.030934
1.78948 0.030298 0.030762
1.76957 0.0244 0.030418
1.77964 0.018948 0.03059
1.76969 0.013281 0.030418
1.75972 0.007678 0.030246
1.75974 0.002149 0.030246
1.76973 -0.003398 0.030418
1.66973 -0.00816 0.0287
1.69969 -0.013646 0.029215
1.69964 -0.018986 0.029215
1.68957 -0.024477 0.029043
1.68949 -0.029785 0.029043
1.69938 -0.0353 0.029215
1.68927 -0.040105 0.029043
1.68914 -0.045412 0.029043
1.679 -0.050125 0.028871
1.67883 -0.055692 0.028871
1.66865 -0.060603 0.0287
1.67844 -0.06624 0.028871
1.65826 -0.070372 0.028528
1.65803 -0.075581 0.028528
1.65779 -0.080789 0.028528
1.66751 -0.086515 0.0287
1.63728 -0.090105 0.028184
1.62701 -0.094667 0.028012
1.64666 -0.101003 0.028356
1.67627 -0.108106 0.028871
1.69587 -0.114721 0.029215
1.67556 -0.118636 0.028871
1.67518 -0.123899 0.028871
1.67478 -0.129161 0.028871
1.67437 -0.134422 0.028871
1.66397 -0.13885 0.0287
1.67351 -0.144648 0.028871
1.66309 -0.149012 0.0287
1.66261 -0.154236 0.0287
1.64222 -0.157549 0.028356
1.65166 -0.163693 0.028528
1.64119 -0.167864 0.028356
1.64066 -0.173019 0.028356
1.64011 -0.178173 0.028356
1.55011 -0.173325 0.026809
1.57936 -0.181621 0.027325
1.57881 -0.186306 0.027325
1.56829 -0.190062 0.027153
1.56769 -0.194988 0.027153
1.56707 -0.199912 0.027153
1.56643 -0.204834 0.027153
1.56578 -0.209754 0.027153
1.56511 -0.214672 0.027153
1.55453 -0.218198 0.026981
1.55384 -0.223081 0.026981
1.54323 -0.226509 0.026809
1.53263 -0.229873 0.026637
1.5319 -0.234687 0.026637
1.53115 -0.239498 0.026637
1.53039 -0.244308 0.026637
1.52966 -0.248847 0.026637
1.51901 -0.252015 0.026466
1.51821 -0.256786 0.026466
1.5174 -0.261554 0.026466
1.49687 -0.262861 0.026122
1.52556 -0.272843 0.026637
1.53454 -0.279426 0.026809
1.54348 -0.286068 0.026981
1.54258 -0.290915 0.026981
1.54165 -0.29576 0.026981
1.55053 -0.302516 0.027153
1.53977 -0.30544 0.026981
1.529 -0.3083 0.026809
1.52802 -0.313102 0.026809
1.53682 -0.319939 0.026981
1.52602 -0.322696 0.026809
1.52506 -0.327223 0.026809
1.52402 -0.332012 0.026809
1.52297 -0.336799 0.026809
1.51215 -0.339392 0.026637
1.51108 -0.344141 0.026637
1.49051 -0.344384 0.026294
1.49915 -0.351347 0.026466
1.4494 -0.344495 0.025606
1.45803 -0.351389 0.025778
1.44721 -0.353595 0.025606
1.44609 -0.358139 0.025606
1.43526 -0.360246 0.025434
1.41474 -0.359825 0.025091
1.40392 -0.361772 0.024919
1.40278 -0.366181 0.024919
1.39196 -0.36803 0.024747
1.41017 -0.377328 0.025091
1.43793 -0.3896 0.025606
1.46563 -0.402051 0.026122
1.95851 0.35098 0.034199
1.97929 0.348291 0.034543
1.97053 0.340369 0.034371
1.97158 0.334176 0.034371
1.96276 0.326341 0.034199
1.96378 0.320173 0.034199
1.94503 0.310847 0.033855
1.94599 0.304734 0.033855
1.92718 0.295587 0.033512
1.92804 0.289868 0.033512
1.92894 0.28381 0.033512
1.91003 0.2749 0.033168
1.92079 0.270291 0.03334
1.90182 0.261531 0.032996
1.89272 0.254224 0.032824
1.89351 0.248277 0.032824
1.88436 0.241059 0.032652
1.86527 0.232662 0.032309
1.87592 0.228007 0.03248
1.9362 0.229164 0.033512
1.90711 0.219648 0.032996
1.92766 0.215882 0.03334
1.92833 0.209824 0.03334
1.89915 0.200614 0.032824
1.90972 0.195666 0.032996
1.91032 0.189666 0.032996
1.90096 0.182707 0.032824
1.89157 0.175808 0.032652
