1.92883 0.448853 -0.52975
1.91132 0.438805 -0.524581
1.90327 0.430666 -0.521997
1.89519 0.422583 -0.519413
1.90594 0.4187 -0.521997
1.8978 0.410666 -0.519413
1.89909 0.404703 -0.519413
1.90035 0.398735 -0.519413
1.90159 0.392762 -0.519413
1.89335 0.384862 -0.516829
1.92297 0.384595 -0.524581
1.93364 0.380417 -0.527165
1.94431 0.376176 -0.52975
1.94549 0.370066 -0.52975
1.95614 0.365728 -0.532334
1.94777 0.357834 -0.52975
1.94889 0.351714 -0.52975
1.94998 0.34559 -0.52975
1.96058 0.341117 -0.532334
1.94259 0.331705 -0.527165
1.94363 0.3256 -0.527165
1.94458 0.319832 -0.527165
1.95512 0.315259 -0.52975
1.94655 0.307607 -0.527165
1.93797 0.300013 -0.524581
1.90069 0.288131 -0.514245
1.9207 0.284995 -0.519413
1.91203 0.277572 -0.516829
1.91289 0.271563 -0.516829
1.91373 0.265552 -0.516829
1.91456 0.259538 -0.516829
1.91536 0.253523 -0.516829
1.91615 0.247505 -0.516829
1.90729 0.240609 -0.514245
1.91763 0.235795 -0.516829
1.90876 0.22862 -0.514245
1.91907 0.223741 -0.516829
1.91976 0.217712 -0.516829
1.92044 0.211679 -0.516829
1.91149 0.204617 -0.514245
1.92173 0.199608 -0.516829
1.91273 0.192602 -0.514245
1.92295 0.18753 -0.516829
1.91391 0.18058 -0.514245
1.95295 0.178076 -0.524581
1.9535 0.171939 -0.524581
1.96365 0.166618 -0.527165
1.94491 0.158876 -0.521997
1.95503 0.153521 -0.524581
1.96514 0.148104 -0.527165
1.96559 0.14193 -0.527165
1.95637 0.13543 -0.524581
1.94714 0.128647 -0.521997
1.95718 0.123135 -0.524581
1.97684 0.118139 -0.52975
1.95791 0.110836 -0.524581
1.95825 0.104684 -0.524581
1.95857 0.098532 -0.524581
1.95887 0.092378 -0.524581
1.92055 0.084525 -0.514245
1.91115 0.078097 -0.511661
1.91139 0.072092 -0.511661
1.92126 0.066421 -0.514245
1.9118 0.060081 -0.511661
1.92164 0.054348 -0.514245
1.91214 0.048068 -0.511661
1.92194 0.042272 -0.514245
1.92207 0.036235 -0.514245
1.92217 0.030196 -0.514245
1.9126 0.024036 -0.511661
1.92232 0.018118 -0.514245
1.91271 0.012352 -0.511661
1.9224 0.00604 -0.514245
1.92241 -0 -0.514245
1.9224 -0.006039 -0.514245
1.92237 -0.011743 -0.514245
1.92232 -0.018118 -0.514245
1.92226 -0.024157 -0.514245
1.94149 -0.030499 -0.519413
1.95104 -0.036781 -0.521997
1.95092 -0.04291 -0.521997
1.96044 -0.048939 -0.524581
1.96028 -0.055098 -0.524581
1.96009 -0.061256 -0.524581
1.95989 -0.067413 -0.524581
1.95967 -0.07357 -0.524581
1.96908 -0.080119 -0.527165
1.94952 -0.085459 -0.521997
1.95889 -0.092036 -0.524581
1.95859 -0.09819 -0.524581
1.97757 -0.10537 -0.52975
1.96758 -0.111038 -0.527165
1.96722 -0.117219 -0.527165
1.94756 -0.122189 -0.521997
1.92789 -0.127036 -0.516829
1.9082 -0.131761 -0.511661
1.91742 -0.138451 -0.514245
1.9266 -0.1452 -0.516829
1.92614 -0.151252 -0.516829
1.91605 -0.156182 -0.514245
1.92518 -0.163015 -0.516829
1.91503 -0.168217 -0.514245
1.92409 -0.175444 -0.516829
1.92352 -0.181488 -0.516829
1.92295 -0.18753 -0.516829
1.91277 -0.192268 -0.514245
1.92176 -0.199273 -0.516829
1.92113 -0.205309 -0.516829
1.93008 -0.212401 -0.519413
1.9198 -0.217376 -0.516829
1.91911 -0.223406 -0.516829
1.9184 -0.229434 -0.516829
1.92726 -0.236637 -0.519413
1.94567 -0.245105 -0.524581
1.95447 -0.252454 -0.527165
1.96325 -0.259861 -0.52975
1.95285 -0.26473 -0.527165
1.96158 -0.272191 -0.52975
1.97028 -0.27971 -0.532334
1.96939 -0.285898 -0.532334
1.96848 -0.292084 -0.532334
1.958 -0.296819 -0.52975
1.9666 -0.304446 -0.532334
1.96564 -0.310623 -0.532334
1.95512 -0.315259 -0.52975
1.97318 -0.324535 -0.534918
1.97215 -0.330733 -0.534918
1.91397 -0.327161 -0.519413
1.92245 -0.33483 -0.521997
1.92139 -0.340867 -0.521997
1.92981 -0.348619 -0.524581
1.91921 -0.352933 -0.521997
1.91809 -0.358961 -0.521997
1.91695 -0.364985 -0.521997
1.92528 -0.372842 -0.524581
1.91469 -0.376688 -0.521997
1.9229 -0.384931 -0.524581
1.91221 -0.389044 -0.521997
1.92037 -0.397341 -0.524581
1.91919 -0.403037 -0.524581
1.92736 -0.411079 -0.527165
1.91669 -0.414753 -0.524581
1.92474 -0.423181 -0.527165
1.91397 -0.427122 -0.524581
1.92204 -0.435266 -0.527165
1.91132 -0.438805 -0.524581
1.91935 -0.446999 -0.527165
1.92733 -0.455247 -0.52975
1.9165 -0.45905 -0.527165
1.90566 -0.462788 -0.524581
1.91358 -0.471082 -0.527165
1.90271 -0.474753 -0.524581
1.88248 -0.475992 -0.519413
1.96726 0.444784 -0.465782
1.95914 0.436483 -0.463532
1.95098 0.428238 -0.461282
1.94279 0.420047 -0.459032
1.95363 0.415971 -0.461282
1.95493 0.409831 -0.461282
1.94667 0.401718 -0.459032
1.95747 0.39754 -0.461282
1.94915 0.389479 -0.459032
1.97905 0.388991 -0.465782
1.97069 0.380923 -0.463532
1.95274 0.371092 -0.459032
1.95389 0.364955 -0.459032
1.96461 0.360574 -0.461282
1.95615 0.352672 -0.459032
1.97643 0.349922 -0.463532
1.97752 0.343711 -0.463532
1.96899 0.335858 -0.461282
1.96043 0.328062 -0.459032
1.971 0.323824 -0.461282
1.96239 0.316081 -0.459032
1.95375 0.308395 -0.456782
1.96434 0.303745 -0.459032
1.96528 0.297572 -0.459032
1.95657 0.289968 -0.456782
1.9864 0.288015 -0.463532
2.00659 0.284508 -0.468033
2.02678 0.280878 -0.472533
1.98903 0.26928 -0.463532
2.01884 0.266861 -0.470283
2.01967 0.260518 -0.470283
2.02043 0.254523 -0.470283
2.01155 0.246988 -0.468033
2.02199 0.241824 -0.470283
2.00339 0.233217 -0.465782
2.02347 0.229115 -0.470283
2.02418 0.222756 -0.470283
2.01518 0.215361 -0.468033
2.03523 0.211039 -0.472533
2.0165 0.202695 -0.468033
2.01712 0.196359 -0.468033
1.94013 0.182712 -0.450031
1.9601 0.178383 -0.454532
1.97035 0.173076 -0.456782
1.97089 0.166886 -0.456782
1.96169 0.159902 -0.454532
1.9719 0.154499 -0.456782
1.97237 0.148304 -0.456782
1.96311 0.141407 -0.454532
1.98296 0.136923 -0.459032
1.97366 0.130053 -0.456782
1.97406 0.123851 -0.456782
1.96471 0.11707 -0.454532
1.9748 0.111446 -0.456782
1.97514 0.105241 -0.456782
1.96573 0.098548 -0.454532
1.97576 0.092829 -0.456782
1.96631 0.086195 -0.454532
1.96657 0.080017 -0.454532
1.98628 0.074569 -0.459032
2.00599 0.068999 -0.463532
2.02567 0.063305 -0.468033
2.0356 0.057215 -0.470283
2.00655 0.050091 -0.463532
2.03592 0.044424 -0.470283
2.00682 0.037482 -0.463532
2.00693 0.031177 -0.463532
2.0265 0.025113 -0.468033
2.02657 0.018747 -0.468033
2.02662 0.012734 -0.468033
2.01691 0.005985 -0.465782
2.02666 -0.000354 -0.468033
2.0169 -0.006688 -0.465782
2.02662 -0.012734 -0.468033
1.97785 -0.018987 -0.456782
1.97778 -0.0252 -0.456782
1.97769 -0.031413 -0.456782
1.97758 -0.037626 -0.456782
1.97746 -0.043839 -0.456782
1.97732 -0.049706 -0.456782
1.98689 -0.056193 -0.459032
1.97696 -0.062129 -0.456782
1.97676 -0.068339 -0.456782
1.97654 -0.074549 -0.456782
1.97629 -0.080758 -0.456782
1.96629 -0.086538 -0.454532
1.97574 -0.093174 -0.456782
1.97544 -0.09938 -0.456782
1.97512 -0.105586 -0.456782
1.97478 -0.11179 -0.456782
1.97442 -0.117994 -0.456782
1.96431 -0.123584 -0.454532
1.99308 -0.131682 -0.461282
2.0121 -0.139288 -0.465782
2.01165 -0.145609 -0.465782
2.01118 -0.151928 -0.465782
2.00098 -0.157481 -0.463532
2.01022 -0.16421 -0.465782
2.00969 -0.170525 -0.465782
2.02856 -0.178546 -0.470283
2.02796 -0.185272 -0.470283
2.02736 -0.191642 -0.470283
2.01706 -0.197063 -0.468033
2.02616 -0.204023 -0.470283
2.02551 -0.210388 -0.470283
2.02483 -0.21675 -0.470283
2.02414 -0.22311 -0.470283
1.99439 -0.226174 -0.463532
1.95495 -0.227925 -0.454532
1.97358 -0.236383 -0.459032
1.9825 -0.243771 -0.461282
1.97205 -0.248779 -0.459032
1.97126 -0.254973 -0.459032
1.98011 -0.262445 -0.461282
1.97928 -0.268664 -0.461282
1.96877 -0.27354 -0.459032
1.9679 -0.279724 -0.459032
1.97666 -0.287306 -0.461282
1.96611 -0.292083 -0.459032
1.97481 -0.29972 -0.461282
1.99312 -0.308907 -0.465782
1.99214 -0.315167 -0.465782
1.98152 -0.319872 -0.463532
1.99012 -0.327678 -0.465782
1.98908 -0.333929 -0.465782
2.00723 -0.343462 -0.470283
2.01574 -0.35144 -0.472533
2.02422 -0.359475 -0.474783
2.02308 -0.365832 -0.474783
2.0315 -0.37395 -0.477033
2.02074 -0.378536 -0.474783
2.01954 -0.384883 -0.474783
2.02789 -0.39308 -0.477033
2.02671 -0.399095 -0.477033
2.02538 -0.405813 -0.477033
2.01454 -0.41023 -0.474783
2.02272 -0.418884 -0.477033
2.02146 -0.424884 -0.477033
2.02012 -0.431232 -0.477033
2.02835 -0.439287 -0.479283
1.96027 -0.431353 -0.463532
1.98744 -0.44388 -0.470283
1.98603 -0.450122 -0.470283
1.97519 -0.453831 -0.468033
1.97376 -0.460034 -0.468033
1.98178 -0.468474 -0.470283
1.9803 -0.474697 -0.470283
1.96933 -0.478615 -0.468033
1.95836 -0.482469 -0.465782
2.04055 0.454248 -0.408302
2.01321 0.441528 -0.402552
2.03377 0.439345 -0.406385
2.03514 0.432954 -0.406385
2.0557 0.430583 -0.410219
2.05705 0.424122 -0.410219
2.06799 0.41961 -0.412136
2.05967 0.411189 -0.410219
2.06095 0.404716 -0.410219
2.06221 0.39824 -0.410219
2.05381 0.389928 -0.408302
2.04538 0.381674 -0.406385
2.04657 0.375246 -0.406385
2.0574 0.370555 -0.408302
2.04889 0.362381 -0.406385
2.05001 0.355941 -0.406385
2.05112 0.3495 -0.406385
2.04253 0.341435 -0.404469
2.04353 0.335374 -0.404469
2.05427 0.330512 -0.406385
2.0456 0.322527 -0.404469
2.0369 0.314602 -0.402552
2.03788 0.3082 -0.402552
2.04855 0.303234 -0.404469
2.03978 0.295391 -0.402552
2.0407 0.288981 -0.402552
2.06104 0.28526 -0.406385
2.06192 0.278783 -0.406385
2.06279 0.272304 -0.406385
2.0539 0.264569 -0.404469
2.04494 0.257248 -0.402552
2.06522 0.253211 -0.406385
2.05626 0.245558 -0.404469
2.05702 0.239097 -0.404469
2.05776 0.232634 -0.404469
2.06824 0.227239 -0.406385
2.05918 0.2197 -0.404469
2.05986 0.213229 -0.404469
2.06052 0.206757 -0.404469
2.05139 0.199334 -0.402552
2.05201 0.192888 -0.402552
2.06238 0.187329 -0.404469
2.06296 0.180848 -0.404469
2.06352 0.174366 -0.404469
2.08362 0.169475 -0.408302
2.05479 0.160633 -0.402552
2.08464 0.156378 -0.408302
2.05576 0.14772 -0.402552
2.05619 0.141619 -0.402552
2.07621 0.136446 -0.406385
2.06683 0.129309 -0.404469
2.05743 0.122233 -0.402552
2.0774 0.116873 -0.406385
2.06796 0.109825 -0.404469
2.05849 0.102838 -0.402552
2.06861 0.096829 -0.404469
2.05909 0.089902 -0.402552
2.02014 0.081844 -0.394884
2.06943 0.077329 -0.404469
2.06966 0.070828 -0.404469
2.06987 0.064325 -0.404469
2.07987 0.058096 -0.406385
2.07024 0.051319 -0.404469
2.07039 0.044814 -0.404469
2.07052 0.03831 -0.404469
2.06081 0.031654 -0.402552
2.07072 0.0253 -0.404469
2.06097 0.018706 -0.402552
2.06102 0.01259 -0.402552
2.06105 0.005756 -0.402552
2.06106 -0.000719 -0.402552
2.06104 -0.007194 -0.402552
2.07083 -0.013373 -0.404469
2.05114 -0.020048 -0.400635
2.06079 -0.033093 -0.402552
2.0803 -0.039944 -0.406385
2.06054 -0.046041 -0.402552
2.08983 -0.052899 -0.408302
2.06022 -0.058627 -0.402552
2.06003 -0.065099 -0.402552
2.07943 -0.072252 -0.406385
2.05958 -0.078041 -0.402552
2.07893 -0.085316 -0.406385
2.06885 -0.091413 -0.404469
2.04895 -0.096984 -0.400635
2.06824 -0.10441 -0.404469
2.0483 -0.109856 -0.400635
2.05774 -0.116847 -0.402552
2.04757 -0.122724 -0.400635
2.04717 -0.129156 -0.400635
2.05655 -0.136235 -0.402552
2.0659 -0.143375 -0.404469
2.07523 -0.150575 -0.406385
2.07475 -0.157093 -0.406385
2.06446 -0.162839 -0.404469
2.07375 -0.169764 -0.406385
2.0732 -0.176278 -0.406385
2.06286 -0.181928 -0.404469
2.07202 -0.189663 -0.406385
2.07142 -0.196171 -0.406385
2.06102 -0.201722 -0.404469
2.07018 -0.208821 -0.406385
2.06951 -0.215324 -0.406385
2.06883 -0.221824 -0.406385
2.05836 -0.227246 -0.404469
2.05764 -0.233711 -0.404469
2.06664 -0.241312 -0.406385
2.05613 -0.246635 -0.404469
2.08457 -0.256692 -0.410219
2.07401 -0.262009 -0.408302
2.07318 -0.268524 -0.408302
2.07233 -0.275035 -0.408302
2.08118 -0.282866 -0.410219
2.08028 -0.289403 -0.410219
2.06964 -0.294554 -0.408302
2.07842 -0.302468 -0.410219
2.04834 -0.304664 -0.404469
2.07648 -0.315521 -0.410219
2.05608 -0.319033 -0.406385
2.06476 -0.327026 -0.408302
2.04435 -0.33038 -0.404469
2.07235 -0.341589 -0.410219
2.07127 -0.348098 -0.410219
2.07984 -0.35626 -0.412136
2.08838 -0.36448 -0.414053
2.08722 -0.371039 -0.414053
2.07639 -0.375846 -0.412136
2.08485 -0.384146 -0.414053
2.07398 -0.388885 -0.412136
2.08239 -0.397238 -0.414053
2.08114 -0.403778 -0.414053
2.07993 -0.409951 -0.414053
2.06893 -0.414916 -0.412136
2.07724 -0.423374 -0.414053
2.06621 -0.428268 -0.412136
2.08414 -0.438437 -0.41597
2.07315 -0.442932 -0.414053
2.06224 -0.447002 -0.412136
2.06075 -0.453839 -0.412136
2.05931 -0.46031 -0.412136
2.05785 -0.466778 -0.412136
2.0469 -0.470682 -0.410219
2.05496 -0.479339 -0.412136
2.0439 -0.483533 -0.410219
2.18021 0.477755 -0.355018
2.13343 0.460485 -0.347164
2.11555 0.449674 -0.344022
2.11695 0.443026 -0.344022
2.10866 0.43438 -0.342451
2.11001 0.427754 -0.342451
2.10166 0.41919 -0.34088
2.09328 0.410684 -0.33931
2.10425 0.405978 -0.34088
2.11522 0.401205 -0.342451
2.10676 0.392748 -0.34088
2.14684 0.393245 -0.347164
2.14807 0.386499 -0.347164
2.159 0.381467 -0.348735
2.16019 0.374682 -0.348735
2.14188 0.36458 -0.345593
2.1625 0.361102 -0.348735
2.13432 0.349891 -0.344022
2.15491 0.346319 -0.347164
2.15599 0.339546 -0.347164
2.15704 0.332772 -0.347164
2.16784 0.327468 -0.348735
2.16886 0.320657 -0.348735
2.16008 0.312428 -0.347164
2.08283 0.294576 -0.334597
2.12287 0.29344 -0.34088
2.12379 0.286769 -0.34088
2.10509 0.277515 -0.337739
2.11575 0.27216 -0.33931
2.12635 0.267112 -0.34088
2.11737 0.259231 -0.33931
2.11818 0.252577 -0.33931
2.12877 0.24706 -0.34088
2.11972 0.239264 -0.33931
2.12046 0.232603 -0.33931
2.12118 0.22594 -0.33931
2.12188 0.219275 -0.33931
2.12256 0.212608 -0.33931
2.11339 0.204986 -0.337739
2.11402 0.198345 -0.337739
2.12447 0.192593 -0.33931
2.14474 0.18764 -0.342451
2.17484 0.183391 -0.347164
2.18525 0.177357 -0.348735
2.17595 0.169723 -0.347164
2.17648 0.162885 -0.347164
2.16713 0.155342 -0.345593
2.18728 0.150265 -0.348735
2.16803 0.142101 -0.345593
2.15861 0.134674 -0.344022
2.16888 0.128475 -0.345593
2.16928 0.121662 -0.345593
2.16965 0.114846 -0.345593
2.17986 0.10852 -0.347164
2.19006 0.102131 -0.348735
2.1509 0.093534 -0.342451
2.14132 0.086379 -0.34088
2.13171 0.079284 -0.33931
2.13195 0.072587 -0.33931
2.12229 0.065583 -0.337739
2.14223 0.059464 -0.34088
2.13254 0.052491 -0.33931
2.13269 0.045791 -0.33931
2.12295 0.03891 -0.337739
2.13294 0.032389 -0.33931
2.12315 0.02557 -0.337739
2.1331 0.018988 -0.33931
2.13315 0.012658 -0.33931
2.11342 0.005533 -0.336168
2.11343 -0.001107 -0.336168
2.14304 -0.007855 -0.34088
2.13314 -0.014148 -0.33931
2.13308 -0.021221 -0.33931
2.133 -0.027922 -0.33931
2.18228 -0.035425 -0.347164
2.18215 -0.04228 -0.347164
2.18201 -0.049136 -0.347164
2.17198 -0.055358 -0.345593
2.16193 -0.061899 -0.344022
2.18146 -0.069317 -0.347164
2.1911 -0.076515 -0.348735
2.17111 -0.082647 -0.345593
2.18071 -0.089874 -0.347164
2.19028 -0.097162 -0.348735
2.1801 -0.103574 -0.347164
2.18963 -0.110922 -0.348735
2.15969 -0.116208 -0.344022
2.09029 -0.119061 -0.333026
2.12934 -0.127998 -0.33931
2.12893 -0.134687 -0.33931
2.11864 -0.14072 -0.337739
2.12804 -0.14806 -0.33931
2.12756 -0.154745 -0.33931
2.11722 -0.160681 -0.337739
2.12655 -0.16811 -0.33931
2.12604 -0.174419 -0.33931
2.12548 -0.181097 -0.33931
2.11507 -0.186904 -0.337739
2.11443 -0.193917 -0.337739
2.12365 -0.201492 -0.33931
2.123 -0.208162 -0.33931
2.12238 -0.21446 -0.33931
2.12169 -0.221127 -0.33931
2.11117 -0.226737 -0.337739
2.13007 -0.235539 -0.34088
2.16858 -0.246695 -0.347164
2.1776 -0.254653 -0.348735
2.18659 -0.262671 -0.350306
2.18576 -0.269539 -0.350306
2.1653 -0.273925 -0.347164
2.18402 -0.283267 -0.350306
2.17333 -0.288826 -0.348735
2.1822 -0.296984 -0.350306
2.16169 -0.301113 -0.347164
2.19007 -0.312082 -0.351877
2.1793 -0.317537 -0.350306
2.19783 -0.327291 -0.353447
2.15774 -0.328253 -0.347164
2.1079 -0.32745 -0.33931
2.13612 -0.338711 -0.344022
2.1448 -0.346997 -0.345593
2.13395 -0.352126 -0.344022
2.15231 -0.362105 -0.347164
2.1317 -0.365527 -0.344022
2.13054 -0.372222 -0.344022
2.12936 -0.378913 -0.344022
2.12816 -0.385601 -0.344022
2.13665 -0.394076 -0.345593
2.1354 -0.400787 -0.345593
2.13413 -0.407493 -0.345593
2.13284 -0.414196 -0.345593
2.12191 -0.418611 -0.344022
2.1302 -0.427589 -0.345593
2.13852 -0.436253 -0.347164
2.12739 -0.441336 -0.345593
2.12607 -0.447646 -0.345593
2.13431 -0.456388 -0.347164
2.13295 -0.462719 -0.347164
2.14105 -0.471915 -0.348735
2.12028 -0.474327 -0.345593
2.10915 -0.478799 -0.344022
2.09809 -0.48284 -0.342451
2.10115 0.425574 -0.263956
2.13167 0.42479 -0.267622
2.11352 0.414272 -0.265178
2.11481 0.407631 -0.265178
2.12583 0.402833 -0.2664
2.13684 0.39797 -0.267622
2.12832 0.389468 -0.2664
2.1393 0.384536 -0.267622
2.1405 0.377813 -0.267622
2.1319 0.369392 -0.2664
2.13305 0.362693 -0.2664
2.13418 0.355989 -0.2664
2.13522 0.349656 -0.2664
2.13631 0.342947 -0.2664
2.12757 0.334691 -0.265178
2.12861 0.328005 -0.265178
2.13945 0.322797 -0.2664
2.13063 0.314624 -0.265178
2.13161 0.30793 -0.265178
2.12274 0.299843 -0.263956
2.12367 0.293173 -0.263956
2.12458 0.286499 -0.263956
2.12547 0.279824 -0.263956
2.1854 0.280733 -0.271288
2.17638 0.273011 -0.270066
2.20678 0.269786 -0.273732
2.18791 0.260505 -0.271288
2.18871 0.25363 -0.271288
2.1895 0.246753 -0.271288
2.19027 0.239873 -0.271288
2.19101 0.232991 -0.271288
2.2016 0.227125 -0.27251
2.18255 0.218233 -0.270066
2.18323 0.211375 -0.270066
2.18388 0.204515 -0.270066
2.1944 0.198547 -0.271288
2.11591 0.184746 -0.261512
2.15604 0.181427 -0.2664
2.13682 0.173051 -0.263956
2.14724 0.167106 -0.265178
2.13786 0.15962 -0.263956
2.14825 0.153612 -0.265178
2.1487 0.147237 -0.265178
2.14915 0.140486 -0.265178
2.15949 0.13435 -0.2664
2.1599 0.127564 -0.2664
2.16029 0.120779 -0.2664
2.15074 0.113469 -0.265178
2.15109 0.106712 -0.265178
2.1415 0.099492 -0.263956
2.13189 0.092335 -0.262734
2.13217 0.085637 -0.262734
2.13243 0.078938 -0.262734
2.14258 0.072575 -0.263956
2.18248 0.067062 -0.268844
2.18268 0.060205 -0.268844
2.18286 0.053349 -0.268844
2.19294 0.046701 -0.270066
2.19307 0.039812 -0.270066
2.20311 0.033071 -0.271288
2.19328 0.026032 -0.270066
2.22313 0.019401 -0.273732
2.1934 0.012633 -0.270066
2.21328 0.005407 -0.27251
2.18351 -0.001524 -0.268844
2.19342 -0.008422 -0.270066
2.18346 -0.014863 -0.268844
2.15363 -0.021802 -0.265178
2.15355 -0.028567 -0.265178
2.15345 -0.035333 -0.265178
2.1434 -0.041904 -0.263956
2.15318 -0.048863 -0.265178
2.15303 -0.055251 -0.265178
2.15284 -0.062015 -0.265178
2.15264 -0.068778 -0.265178
2.16233 -0.075888 -0.2664
2.16208 -0.082681 -0.2664
2.16181 -0.089473 -0.2664
2.16152 -0.096264 -0.2664
2.15129 -0.102581 -0.265178
2.16087 -0.109843 -0.2664
2.1506 -0.116096 -0.265178
2.14032 -0.122286 -0.263956
2.13002 -0.128412 -0.262734
2.16923 -0.137616 -0.267622
2.19849 -0.146409 -0.271288
2.18812 -0.152625 -0.270066
2.18763 -0.159498 -0.270066
2.18712 -0.16637 -0.270066
2.18658 -0.17324 -0.270066
2.19595 -0.18054 -0.271288
2.18549 -0.186594 -0.270066
2.22443 -0.19696 -0.274954
2.204 -0.202519 -0.27251
2.18359 -0.207564 -0.270066
2.19281 -0.215393 -0.271288
2.20203 -0.222898 -0.27251
2.12235 -0.22157 -0.262734
2.14138 -0.23036 -0.265178
2.14065 -0.237086 -0.265178
2.14975 -0.244933 -0.2664
2.14897 -0.251686 -0.2664
2.15803 -0.259621 -0.267622
2.1572 -0.2664 -0.267622
2.15635 -0.273175 -0.267622
2.15548 -0.279948 -0.267622
2.15459 -0.286719 -0.267622
2.16352 -0.294826 -0.268844
2.15275 -0.300251 -0.267622
2.16162 -0.308414 -0.268844
2.17046 -0.316636 -0.270066
2.15964 -0.32199 -0.268844
2.15862 -0.328773 -0.268844
2.14777 -0.334027 -0.267622
2.15651 -0.342329 -0.268844
2.19461 -0.35545 -0.273732
2.19349 -0.362343 -0.273732
2.19234 -0.369232 -0.273732
2.20095 -0.377796 -0.274954
2.19975 -0.384709 -0.274954
2.19853 -0.391618 -0.274954
2.19729 -0.398523 -0.274954
2.19603 -0.405424 -0.274954
2.2045 -0.414153 -0.276176
2.21293 -0.42294 -0.277398
2.20185 -0.427996 -0.276176
2.20057 -0.434528 -0.276176
2.12127 -0.426183 -0.2664
2.15882 -0.440787 -0.271288
2.14763 -0.445926 -0.270066
2.1463 -0.452296 -0.270066
2.15457 -0.461113 -0.271288
2.1338 -0.463292 -0.268844
2.15163 -0.474642 -0.271288
2.12107 -0.474894 -0.267622
2.3304 0.486846 -0.210542
2.19532 0.451433 -0.198209
2.19672 0.444534 -0.198209
2.18834 0.435685 -0.197328
2.1897 0.428807 -0.197328
2.19104 0.421928 -0.197328
2.20214 0.416894 -0.198209
2.20344 0.409975 -0.198209
2.19492 0.401258 -0.197328
2.20597 0.396122 -0.198209
2.24767 0.389049 -0.201733
2.23907 0.380318 -0.200852
2.25008 0.374919 -0.201733
2.24135 0.366633 -0.200852
2.24249 0.35959 -0.200852
2.24361 0.352543 -0.200852
2.2447 0.345493 -0.200852
2.23593 0.336955 -0.199971
2.26654 0.334289 -0.202614
2.24786 0.324323 -0.200852
2.24887 0.317258 -0.200852
2.24985 0.310192 -0.200852
2.25082 0.303122 -0.200852
2.20238 0.289558 -0.196447
2.22304 0.285172 -0.198209
2.2041 0.276098 -0.196447
2.20496 0.269173 -0.196447
2.2058 0.262244 -0.196447
2.20661 0.255313 -0.196447
2.2074 0.24838 -0.196447
2.19827 0.240361 -0.195566
2.19901 0.233453 -0.195566
2.19973 0.226544 -0.195566
2.20043 0.219633 -0.195566
2.20111 0.212719 -0.195566
2.20177 0.205803 -0.195566
2.20241 0.198884 -0.195566
2.20302 0.191964 -0.195566
2.2439 0.181329 -0.19909
2.26432 0.17582 -0.200852
2.25493 0.167965 -0.199971
2.26538 0.16159 -0.200852
2.25591 0.154188 -0.199971
2.26632 0.147749 -0.200852
2.26678 0.140628 -0.200852
2.25727 0.13292 -0.199971
2.25767 0.125829 -0.199971
2.268 0.119258 -0.200852
2.26837 0.112133 -0.200852
2.27866 0.105466 -0.201733
2.26903 0.097878 -0.200852
2.21956 0.088759 -0.196447
2.21982 0.081785 -0.196447
2.21011 0.074476 -0.195566
2.21034 0.067532 -0.195566
2.21054 0.060588 -0.195566
2.21072 0.053643 -0.195566
2.21088 0.046697 -0.195566
2.21101 0.039751 -0.195566
2.21113 0.032805 -0.195566
2.21122 0.025859 -0.195566
2.22125 0.018997 -0.196447
2.21134 0.011965 -0.195566
2.21136 0.005017 -0.195566
2.20141 -0.001921 -0.194685
2.20139 -0.008837 -0.194685
2.20135 -0.015753 -0.194685
2.24105 -0.030119 -0.198209
2.27082 -0.037655 -0.200852
2.26074 -0.044592 -0.199971
2.26058 -0.051695 -0.199971
2.26042 -0.058402 -0.199971
2.26023 -0.065503 -0.199971
2.28988 -0.073563 -0.202614
2.26973 -0.080054 -0.200852
2.26946 -0.087184 -0.200852
2.26918 -0.094313 -0.200852
2.27882 -0.101886 -0.201733
2.27849 -0.109045 -0.201733
2.27814 -0.116203 -0.201733
2.20813 -0.119588 -0.195566
2.21769 -0.127095 -0.196447
2.20734 -0.13346 -0.195566
2.20691 -0.140394 -0.195566
2.20646 -0.147326 -0.195566
2.21592 -0.154952 -0.196447
2.20549 -0.161187 -0.195566
2.2149 -0.168872 -0.196447
2.21436 -0.17583 -0.196447
2.21383 -0.182399 -0.196447
2.21324 -0.189353 -0.196447
2.2126 -0.196691 -0.196447
2.22189 -0.204555 -0.197328
2.21133 -0.210589 -0.196447
2.22057 -0.218511 -0.197328
2.21 -0.224094 -0.196447
2.25806 -0.243311 -0.200852
2.25729 -0.250403 -0.200852
2.27629 -0.259752 -0.202614
2.25567 -0.264581 -0.200852
2.26472 -0.272858 -0.201733
2.26385 -0.279971 -0.201733
2.26296 -0.287082 -0.201733
2.25217 -0.292905 -0.200852
2.27098 -0.302611 -0.202614
2.27002 -0.309744 -0.202614
2.2789 -0.318251 -0.203494
2.26803 -0.324001 -0.202614
2.267 -0.331124 -0.202614
2.22654 -0.332362 -0.19909
2.23534 -0.340857 -0.199971
2.21457 -0.344813 -0.198209
2.21347 -0.351768 -0.198209
2.21236 -0.35872 -0.198209
2.22105 -0.367294 -0.19909
2.21988 -0.37427 -0.19909
2.20888 -0.379555 -0.198209
2.2273 -0.389928 -0.199971
2.21626 -0.395175 -0.19909
2.21501 -0.402135 -0.19909
2.22353 -0.410902 -0.199971
2.22222 -0.417886 -0.199971
2.2209 -0.424865 -0.199971
2.21955 -0.43184 -0.199971
2.21819 -0.438811 -0.199971
2.22656 -0.447741 -0.200852
2.21531 -0.453126 -0.199971
2.22363 -0.46211 -0.200852
2.22224 -0.468706 -0.200852
2.21102 -0.473598 -0.199971
2.31147 0.45978 -0.123731
2.2737 0.444845 -0.121634
2.26528 0.435815 -0.121109
2.25683 0.42684 -0.120585
2.25816 0.419748 -0.120585
2.25946 0.412651 -0.120585
2.27058 0.407315 -0.121109
2.27185 0.40018 -0.121109
2.26325 0.391338 -0.120585
2.26447 0.384227 -0.120585
2.26567 0.37711 -0.120585
2.26678 0.370387 -0.120585
2.27779 0.364843 -0.121109
2.27892 0.357685 -0.121109
2.28004 0.350524 -0.121109
2.27125 0.341872 -0.120585
2.26243 0.33328 -0.120061
2.26347 0.326172 -0.120061
2.26448 0.319058 -0.120061
2.27537 0.313304 -0.120585
2.24665 0.302162 -0.119012
2.26739 0.297703 -0.120061
2.27822 0.291847 -0.120585
2.26917 0.283846 -0.120061
2.33944 0.285174 -0.123731
2.34032 0.277823 -0.123731
2.34118 0.27047 -0.123731
2.3321 0.261999 -0.123207
2.34284 0.255755 -0.123731
2.3337 0.24734 -0.123207
2.3444 0.241029 -0.123731
2.35508 0.234653 -0.124255
2.3558 0.227254 -0.124255
2.34656 0.218923 -0.123731
2.34724 0.21155 -0.123731
2.34789 0.204176 -0.123731
2.25896 0.189293 -0.119012
2.27945 0.183801 -0.120061
2.28002 0.176639 -0.120061
2.2706 0.168734 -0.119537
2.27112 0.161602 -0.119537
2.27159 0.154862 -0.119537
2.28203 0.148373 -0.120061
2.27252 0.140586 -0.119537
2.27295 0.133446 -0.119537
2.27336 0.126305 -0.119537
2.27374 0.119162 -0.119537
2.27411 0.112019 -0.119537
2.27445 0.104873 -0.119537
2.28474 0.098156 -0.120061
2.27506 0.090581 -0.119537
2.28532 0.083799 -0.120061
2.28557 0.076618 -0.120061
2.34569 0.071257 -0.123207
2.3459 0.063888 -0.123207
2.34609 0.056518 -0.123207
2.34625 0.049147 -0.123207
2.3464 0.041775 -0.123207
2.34652 0.034404 -0.123207
2.34661 0.027032 -0.123207
2.34669 0.019661 -0.123207
2.34674 0.012288 -0.123207
2.33678 0.004893 -0.122682
2.34677 -0.002458 -0.123207
2.35673 -0.009872 -0.123731
2.26682 -0.016617 -0.119012
2.27674 -0.023843 -0.119537
2.29662 -0.031267 -0.120585
2.28653 -0.038315 -0.120061
2.2864 -0.045498 -0.120061
2.28624 -0.052681 -0.120061
2.28608 -0.059464 -0.120061
2.28588 -0.066645 -0.120061
2.27568 -0.073504 -0.119537
2.28541 -0.081007 -0.120061
2.28515 -0.088186 -0.120061
2.28486 -0.095365 -0.120061
2.28455 -0.102542 -0.120061
2.27424 -0.10924 -0.119537
2.27389 -0.116384 -0.119537
2.27351 -0.123527 -0.119537
2.30302 -0.132388 -0.121109
2.35243 -0.142645 -0.123731
2.35197 -0.150034 -0.123731
2.35149 -0.157423 -0.123731
2.35099 -0.164809 -0.123731
2.35046 -0.172194 -0.123731
2.3499 -0.179578 -0.123731
2.33937 -0.186167 -0.123207
2.35871 -0.194751 -0.124255
2.34814 -0.201307 -0.123731
2.35741 -0.209978 -0.124255
2.34679 -0.216466 -0.123731
2.36598 -0.225735 -0.124779
2.25594 -0.22239 -0.119012
2.29501 -0.233119 -0.121109
2.27441 -0.238247 -0.120061
2.2935 -0.247534 -0.121109
2.28279 -0.253636 -0.120585
2.2919 -0.26194 -0.121109
2.28115 -0.267974 -0.120585
2.29021 -0.276335 -0.121109
2.28933 -0.283529 -0.121109
2.28843 -0.290719 -0.121109
2.28751 -0.297907 -0.121109
2.27666 -0.303771 -0.120585
2.28559 -0.312274 -0.121109
2.2846 -0.319453 -0.121109
2.28358 -0.326629 -0.121109
2.28254 -0.333801 -0.121109
2.34074 -0.349827 -0.124255
2.3495 -0.358685 -0.124779
2.34837 -0.366065 -0.124779
2.35707 -0.37501 -0.125304
2.36574 -0.384013 -0.125828
2.36452 -0.391443 -0.125828
2.36328 -0.39887 -0.125828
2.35217 -0.404599 -0.125304
2.36072 -0.413711 -0.125828
2.35941 -0.421125 -0.125828
2.34825 -0.42675 -0.125304
2.36654 -0.437758 -0.126352
2.27683 -0.428565 -0.121634
2.29508 -0.439472 -0.122682
2.28389 -0.444771 -0.122158
2.29228 -0.453883 -0.122682
2.28105 -0.459112 -0.122158
2.27952 -0.466674 -0.122158
2.27804 -0.473833 -0.122158
2.26685 -0.478527 -0.121634
2.39441 0.467595 -0.041932
2.36641 0.454414 -0.041417
2.34818 0.443268 -0.041073
2.33973 0.434065 -0.040901
2.34108 0.426712 -0.040901
2.33256 0.417594 -0.040729
2.33386 0.410264 -0.040729
2.33514 0.402929 -0.040729
2.33633 0.395998 -0.040729
2.33756 0.388657 -0.040729
2.33877 0.381312 -0.040729
2.33008 0.372385 -0.040558
2.34112 0.366609 -0.040729
2.34226 0.359252 -0.040729
2.33349 0.350408 -0.040558
2.32469 0.341622 -0.040386
2.33564 0.33574 -0.040558
2.33669 0.3284 -0.040558
2.33771 0.321057 -0.040558
2.33871 0.313712 -0.040558
2.33962 0.306771 -0.040558
2.33066 0.298152 -0.040386
2.35143 0.293303 -0.040729
2.32256 0.282294 -0.040214
2.33337 0.276172 -0.040386
2.33422 0.26884 -0.040386
2.33506 0.261506 -0.040386
2.3458 0.25525 -0.040558
2.35654 0.248929 -0.040729
2.33742 0.239487 -0.040386
2.33816 0.232143 -0.040386
2.34883 0.225753 -0.040558
2.33957 0.217447 -0.040386
2.34024 0.210095 -0.040386
2.33093 0.201881 -0.040214
2.34152 0.195388 -0.040386
2.34212 0.188031 -0.040386
2.33273 0.179903 -0.040214
2.34322 0.173719 -0.040386
2.34376 0.166359 -0.040386
2.33429 0.158318 -0.040214
2.33478 0.150983 -0.040214
2.33524 0.143647 -0.040214
2.34566 0.136893 -0.040386
2.34608 0.129524 -0.040386
2.34648 0.122152 -0.040386
2.34685 0.114779 -0.040386
2.33721 0.106949 -0.040214
2.34752 0.100032 -0.040386
2.33783 0.092263 -0.040214
2.33811 0.084918 -0.040214
2.33837 0.077571 -0.040214
2.32861 0.069925 -0.040042
2.33881 0.062878 -0.040214
2.34899 0.055768 -0.040386
2.33916 0.048182 -0.040214
2.34929 0.041006 -0.040386
2.33942 0.033483 -0.040214
2.3495 0.026656 -0.040386
2.34957 0.019275 -0.040386
2.33962 0.011842 -0.040214
2.35965 0.00453 -0.040558
2.33965 -0.002858 -0.040214
2.34963 -0.010252 -0.040386
2.34959 -0.017634 -0.040386
2.34952 -0.025015 -0.040386
2.34942 -0.032806 -0.040386
2.34931 -0.040187 -0.040386
2.34918 -0.047157 -0.040386
2.33902 -0.054305 -0.040214
2.34884 -0.061917 -0.040386
2.34863 -0.069295 -0.040386
2.33841 -0.076347 -0.040214
2.33816 -0.083693 -0.040214
2.34787 -0.091427 -0.040386
2.33758 -0.098383 -0.040214
2.35724 -0.106629 -0.040558
2.34691 -0.113551 -0.040386
2.34654 -0.120924 -0.040386
2.35613 -0.128841 -0.040558
2.34573 -0.135665 -0.040386
2.34529 -0.143034 -0.040386
2.34483 -0.150401 -0.040386
2.35433 -0.158438 -0.040558
2.34384 -0.165131 -0.040386
2.34331 -0.172493 -0.040386
2.35276 -0.180209 -0.040558
2.35218 -0.187599 -0.040558
2.35158 -0.194988 -0.040558
2.36092 -0.203232 -0.040729
2.35031 -0.20976 -0.040558
2.3596 -0.218062 -0.040729
2.34894 -0.224523 -0.040558
2.35818 -0.232884 -0.040729
2.34749 -0.239277 -0.040558
2.35667 -0.247696 -0.040729
2.35588 -0.255098 -0.040729
2.34513 -0.261391 -0.040558
2.36416 -0.271034 -0.040901
2.35337 -0.27729 -0.040729
2.35249 -0.284682 -0.040729
2.3615 -0.293304 -0.040901
2.36057 -0.300721 -0.040901
2.35961 -0.308136 -0.040901
2.35863 -0.315547 -0.040901
2.35763 -0.322955 -0.040901
2.35661 -0.33036 -0.040901
2.35556 -0.337762 -0.040901
2.36438 -0.346611 -0.041073
2.35339 -0.352556 -0.040901
2.35227 -0.359948 -0.040901
2.35113 -0.367336 -0.040901
2.36971 -0.377869 -0.041245
2.35864 -0.383706 -0.041073
2.36729 -0.392751 -0.041245
2.36604 -0.400186 -0.041245
2.35492 -0.405919 -0.041073
2.36348 -0.415044 -0.041245
2.36216 -0.422467 -0.041245
2.35099 -0.428095 -0.041073
2.35946 -0.437301 -0.041245
2.34825 -0.442858 -0.041073
2.35675 -0.451706 -0.041245
2.35532 -0.459107 -0.041245
2.36367 -0.468448 -0.041417
2.35239 -0.473897 -0.041245
2.34101 -0.479688 -0.041073
2.42038 0.437676 0.042276
2.46112 0.437064 0.042964
2.46249 0.429329 0.042964
2.46382 0.421591 0.042964
2.46513 0.413848 0.042964
2.46635 0.406533 0.042964
2.46762 0.398783 0.042964
2.46886 0.391028 0.042964
2.46019 0.381737 0.042792
2.46138 0.374006 0.042792
2.46254 0.366272 0.042792
2.47358 0.359974 0.042964
2.4648 0.350792 0.042792
2.46588 0.343047 0.042792
2.46695 0.335298 0.042792
2.46799 0.327547 0.042792
2.46901 0.319792 0.042792
2.46003 0.31121 0.04262
2.47092 0.304704 0.042792
2.47186 0.296939 0.042792
2.46285 0.288011 0.04262
2.46374 0.280273 0.04262
2.46461 0.272531 0.04262
2.46546 0.264787 0.04262
2.46627 0.25704 0.04262
2.46707 0.249291 0.04262
2.46784 0.241539 0.04262
2.46859 0.233785 0.04262
2.46931 0.226029 0.04262
2.47001 0.218269 0.04262
2.47068 0.210509 0.04262
2.47133 0.202746 0.04262
2.47196 0.194981 0.04262
2.47256 0.187215 0.04262
2.47313 0.179446 0.04262
2.47365 0.172107 0.04262
2.47418 0.164335 0.04262
2.47469 0.156561 0.04262
2.47517 0.148786 0.04262
2.46564 0.140441 0.042448
2.47605 0.133231 0.04262
2.46647 0.124946 0.042448
2.46685 0.117196 0.042448
2.46721 0.109446 0.042448
2.46754 0.101695 0.042448
2.46785 0.093942 0.042448
2.46813 0.086189 0.042448
2.46839 0.078434 0.042448
2.46862 0.07068 0.042448
2.46883 0.062924 0.042448
2.46902 0.055167 0.042448
2.46918 0.047411 0.042448
2.47931 0.039813 0.04262
2.46943 0.031896 0.042448
2.46952 0.024138 0.042448
2.46958 0.01681 0.042448
2.46962 0.008621 0.042448
2.46964 0.000862 0.042448
2.45963 -0.006869 0.042276
2.46959 -0.014224 0.042448
2.46953 -0.022413 0.042448
2.47945 -0.030294 0.04262
2.46934 -0.037929 0.042448
2.46921 -0.045687 0.042448
2.46906 -0.053444 0.042448
2.47888 -0.061016 0.04262
2.47868 -0.068803 0.04262
2.47845 -0.076589 0.04262
2.4782 -0.084375 0.04262
2.47792 -0.09216 0.04262
2.46763 -0.099542 0.042448
2.4673 -0.107293 0.042448
2.47694 -0.11551 0.04262
2.47657 -0.123291 0.04262
2.47617 -0.131071 0.04262
2.47574 -0.138849 0.04262
2.4753 -0.146626 0.04262
2.47482 -0.154402 0.04262
2.46435 -0.161522 0.042448
2.4738 -0.169948 0.04262
2.47326 -0.177719 0.04262
2.47269 -0.185488 0.04262
2.47209 -0.193255 0.04262
2.47151 -0.200589 0.04262
2.48083 -0.209193 0.042792
2.48016 -0.216986 0.042792
2.47942 -0.225209 0.042792
2.47871 -0.232997 0.042792
2.46801 -0.239816 0.04262
2.47724 -0.248134 0.042792
2.4665 -0.254888 0.04262
2.47563 -0.263694 0.042792
2.47479 -0.27147 0.042792
2.47392 -0.279244 0.042792
2.48296 -0.288167 0.042964
2.48205 -0.295966 0.042964
2.47118 -0.302547 0.042792
2.47022 -0.310309 0.042792
2.47915 -0.319345 0.042964
2.47813 -0.327132 0.042964
2.47709 -0.334916 0.042964
2.47603 -0.342696 0.042964
2.48484 -0.351875 0.043135
2.48372 -0.35968 0.043135
2.48258 -0.367481 0.043135
2.48141 -0.375278 0.043135
2.48022 -0.383072 0.043135
2.47901 -0.390862 0.043135
2.48764 -0.400236 0.043307
2.48637 -0.408049 0.043307
2.48507 -0.415859 0.043307
2.48375 -0.423664 0.043307
2.48241 -0.431464 0.043307
2.48104 -0.439261 0.043307
2.48949 -0.448827 0.043479
2.4979 -0.458451 0.043651
2.49645 -0.466296 0.043651
2.48515 -0.47227 0.043479
2.48365 -0.480075 0.043479
2.45279 -0.481662 0.042964
