1.78241 -0.348403 -0.485819
1.77183 -0.352118 -0.483235
1.75178 -0.353857 -0.478067
1.76012 -0.361302 -0.480651
1.74952 -0.364857 -0.478067
1.74837 -0.370352 -0.478067
1.7472 -0.375842 -0.478067
1.75538 -0.383697 -0.480651
1.75416 -0.38921 -0.480651
1.75293 -0.394719 -0.480651
1.75168 -0.400224 -0.480651
1.75042 -0.405725 -0.480651
1.74913 -0.411222 -0.480651
1.75723 -0.418956 -0.483235
1.75591 -0.424474 -0.483235
1.74518 -0.427689 -0.480651
1.7532 -0.435498 -0.483235
1.75183 -0.441004 -0.483235
1.75043 -0.446505 -0.483235
1.75838 -0.454419 -0.485819
1.75694 -0.459941 -0.485819
1.74615 -0.462983 -0.483235
1.75401 -0.470971 -0.485819
1.74312 -0.474249 -0.483235
1.75094 -0.482288 -0.485819
1.74941 -0.487787 -0.485819
1.73857 -0.490656 -0.483235
1.73702 -0.496116 -0.483235
1.74474 -0.504252 -0.485819
1.75242 -0.512443 -0.488403
1.7508 -0.517945 -0.488403
1.73991 -0.520674 -0.485819
1.74751 -0.528936 -0.488403
1.75498 -0.537557 -0.490987
1.74406 -0.54021 -0.488403
1.74235 -0.545686 -0.488403
1.74984 -0.554073 -0.490987
1.74809 -0.559568 -0.490987
1.74632 -0.565057 -0.490987
1.73536 -0.567537 -0.488403
1.74274 -0.576018 -0.490987
1.74092 -0.58149 -0.490987
1.72993 -0.583867 -0.488403
1.72809 -0.589299 -0.488403
1.72623 -0.594725 -0.488403
1.74249 -0.6068 -0.493572
1.73146 -0.609066 -0.490987
1.74775 -0.620971 -0.496156
1.75488 -0.629721 -0.49874
1.77106 -0.641814 -0.503908
1.76903 -0.647375 -0.503908
1.76699 -0.652929 -0.503908
1.77398 -0.661854 -0.506492
1.78998 -0.674234 -0.511661
1.78785 -0.679854 -0.511661
1.77657 -0.682316 -0.509076
1.79243 -0.694877 -0.514245
1.78124 -0.696985 -0.511661
1.77904 -0.702577 -0.511661
1.77682 -0.708163 -0.511661
1.76563 -0.710136 -0.509076
1.71863 -0.697515 -0.496156
1.73419 -0.710536 -0.501324
1.73195 -0.71598 -0.501324
1.73873 -0.724833 -0.503908
1.72754 -0.726547 -0.501324
1.73415 -0.735744 -0.503908
1.7317 -0.74149 -0.503908
1.72936 -0.746927 -0.503908
1.73586 -0.756214 -0.506492
1.72463 -0.757778 -0.503908
1.72224 -0.763192 -0.503908
1.72865 -0.772541 -0.506492
1.73503 -0.781937 -0.509076
1.72377 -0.783387 -0.506492
1.73008 -0.792823 -0.509076
1.72758 -0.798254 -0.509076
1.72492 -0.803978 -0.509076
1.7049 -0.801176 -0.503908
1.72857 -0.818936 -0.511661
1.76085 -0.841017 -0.521997
1.7582 -0.846544 -0.521997
1.75554 -0.852064 -0.521997
1.75285 -0.857575 -0.521997
1.75881 -0.86735 -0.524581
1.76473 -0.877171 -0.527165
1.75317 -0.87869 -0.524581
1.75903 -0.888549 -0.527165
1.75623 -0.89407 -0.527165
1.762 -0.903993 -0.52975
1.75916 -0.909524 -0.52975
1.74772 -0.910583 -0.527165
1.76196 -0.92505 -0.532334
1.70781 -0.903476 -0.516829
1.71349 -0.913381 -0.519413
1.71061 -0.91876 -0.519413
1.70772 -0.924129 -0.519413
1.71329 -0.934114 -0.521997
1.70188 -0.934841 -0.519413
1.69877 -0.940479 -0.519413
1.70424 -0.950517 -0.521997
1.70967 -0.960598 -0.524581
1.70664 -0.965965 -0.524581
1.71199 -0.976106 -0.527165
1.71729 -0.986291 -0.52975
1.71419 -0.991681 -0.52975
1.71106 -0.997062 -0.52975
1.70775 -1.00273 -0.52975
1.69627 -1.00317 -0.527165
1.70124 -1.01374 -0.52975
1.73136 -1.03866 -0.540086
1.73635 -1.04909 -0.54267
1.7413 -1.05956 -0.545254
1.75444 -1.07512 -0.550423
1.74283 -1.07555 -0.547839
1.73944 -1.08102 -0.547839
1.73604 -1.08648 -0.547839
1.73242 -1.09223 -0.547839
1.73714 -1.10285 -0.550423
1.74181 -1.1135 -0.553007
1.7383 -1.11897 -0.553007
1.74288 -1.12968 -0.555591
1.73933 -1.13515 -0.555591
1.67924 -1.10347 -0.537502
1.69993 -1.12473 -0.545254
1.70443 -1.13542 -0.547839
1.70086 -1.14077 -0.547839
1.69726 -1.14611 -0.547839
1.70164 -1.15687 -0.550423
1.68983 -1.15705 -0.547839
1.68618 -1.16235 -0.547839
1.69046 -1.17315 -0.550423
1.68676 -1.17845 -0.550423
1.68306 -1.18375 -0.550423
1.6951 -1.20019 -0.555591
1.68324 -1.2002 -0.553007
1.67946 -1.20548 -0.553007
1.6835 -1.21641 -0.555591
1.67967 -1.22169 -0.555591
1.68361 -1.23267 -0.558175
1.67973 -1.23795 -0.558175
1.6836 -1.24898 -0.560759
1.67966 -1.25426 -0.560759
1.66777 -1.25402 -0.558175
1.68693 -1.27674 -0.565928
1.80837 -0.34791 -0.42528
1.74989 -0.342364 -0.411779
1.76792 -0.351661 -0.416279
1.75726 -0.355283 -0.414029
1.76568 -0.362763 -0.416279
1.75499 -0.366317 -0.414029
1.76336 -0.373849 -0.416279
1.76218 -0.379387 -0.416279
1.77043 -0.387311 -0.418529
1.75969 -0.390759 -0.416279
1.74895 -0.394143 -0.414029
1.7667 -0.40398 -0.418529
1.75593 -0.407326 -0.416279
1.76413 -0.415072 -0.418529
1.76282 -0.420612 -0.418529
1.75201 -0.423857 -0.416279
1.76014 -0.43168 -0.418529
1.76823 -0.439558 -0.420779
1.76684 -0.445111 -0.420779
1.76543 -0.450659 -0.420779
1.75458 -0.453764 -0.418529
1.76257 -0.461743 -0.420779
1.76111 -0.467278 -0.420779
1.75963 -0.472808 -0.420779
1.75805 -0.478641 -0.420779
1.75654 -0.484162 -0.420779
1.75501 -0.489677 -0.420779
1.75346 -0.495189 -0.420779
1.7519 -0.500695 -0.420779
1.75968 -0.508903 -0.423029
1.79548 -0.525374 -0.43203
1.8125 -0.536543 -0.43653
1.7828 -0.53385 -0.42978
1.79044 -0.542272 -0.43203
1.78864 -0.548207 -0.43203
1.79621 -0.556708 -0.43428
1.80375 -0.565261 -0.43653
1.79268 -0.567982 -0.43428
1.79088 -0.573611 -0.43428
1.7798 -0.576234 -0.43203
1.79651 -0.587883 -0.43653
1.7854 -0.590464 -0.43428
1.79278 -0.599159 -0.43653
1.79089 -0.604788 -0.43653
1.78898 -0.610411 -0.43653
1.71336 -0.590625 -0.418529
1.73899 -0.605922 -0.42528
1.74627 -0.614617 -0.42753
1.73515 -0.616836 -0.42528
1.74238 -0.625577 -0.42753
1.7404 -0.631047 -0.42753
1.73841 -0.636512 -0.42753
1.7364 -0.64197 -0.42753
1.73438 -0.647422 -0.42753
1.74145 -0.656304 -0.42978
1.74849 -0.665236 -0.43203
1.73718 -0.667536 -0.42978
1.75324 -0.680037 -0.43428
1.74202 -0.681989 -0.43203
1.73987 -0.687459 -0.43203
1.7377 -0.692921 -0.43203
1.74456 -0.702015 -0.43428
1.71526 -0.696494 -0.42753
1.73999 -0.713266 -0.43428
1.75575 -0.726176 -0.438781
1.78056 -0.742635 -0.445531
1.76924 -0.744446 -0.443281
1.76689 -0.75 -0.443281
1.77335 -0.759692 -0.445531
1.76201 -0.761395 -0.443281
1.77747 -0.774713 -0.447781
1.77503 -0.780293 -0.447781
1.77257 -0.785865 -0.447781
1.77899 -0.795407 -0.450031
1.7676 -0.796987 -0.447781
1.76509 -0.802536 -0.447781
1.76256 -0.808078 -0.447781
1.76001 -0.813611 -0.447781
1.73964 -0.811207 -0.443281
1.70181 -0.800086 -0.43428
1.7257 -0.817948 -0.441031
1.74071 -0.831767 -0.445531
1.72931 -0.833003 -0.443281
1.72668 -0.838432 -0.443281
1.73279 -0.848136 -0.445531
1.73012 -0.853576 -0.445531
1.72743 -0.859007 -0.445531
1.72457 -0.86473 -0.445531
1.72185 -0.870144 -0.445531
1.72779 -0.879971 -0.447781
1.73368 -0.889844 -0.450031
1.72222 -0.890809 -0.447781
1.71942 -0.896216 -0.447781
1.71659 -0.901613 -0.447781
1.72236 -0.911559 -0.450031
1.73669 -0.926135 -0.454532
1.7166 -0.922363 -0.450031
1.7394 -0.941667 -0.456782
1.75354 -0.956459 -0.461282
1.75053 -0.961963 -0.461282
1.74733 -0.967762 -0.461282
1.75279 -0.977995 -0.463532
1.7582 -0.988271 -0.465782
1.74661 -0.988988 -0.463532
1.75196 -0.999298 -0.465782
1.74881 -1.0048 -0.465782
1.76251 -1.02005 -0.470283
1.75929 -1.02558 -0.470283
1.74748 -1.02647 -0.468033
1.72748 -1.02204 -0.463532
1.6906 -1.0078 -0.454532
1.71267 -1.02786 -0.461282
1.70943 -1.03323 -0.461282
1.69785 -1.03353 -0.459032
1.70291 -1.04395 -0.461282
1.69962 -1.04929 -0.461282
1.69631 -1.05463 -0.461282
1.69299 -1.05995 -0.461282
1.69771 -1.07076 -0.463532
1.70256 -1.08131 -0.465782
1.71557 -1.09715 -0.470283
1.70393 -1.09726 -0.468033
1.70047 -1.10261 -0.468033
1.70516 -1.11327 -0.470283
1.70165 -1.11863 -0.470283
1.7225 -1.1401 -0.477033
1.72702 -1.15091 -0.479283
1.73149 -1.16176 -0.481534
1.7359 -1.17264 -0.483784
1.73221 -1.17809 -0.483784
1.73633 -1.18934 -0.486034
1.72457 -1.18925 -0.483784
1.72882 -1.20022 -0.486034
1.72505 -1.20565 -0.486034
1.72125 -1.21106 -0.486034
1.71744 -1.21646 -0.486034
1.72926 -1.23347 -0.490534
1.72538 -1.23889 -0.490534
1.6662 -1.20435 -0.474783
1.68604 -1.22678 -0.481534
1.69004 -1.23783 -0.483784
1.69398 -1.24891 -0.486034
1.69005 -1.25423 -0.486034
1.68611 -1.25953 -0.486034
1.68192 -1.26512 -0.486034
1.6857 -1.27628 -0.488284
1.78074 -0.354535 -0.354629
1.77962 -0.360127 -0.354629
1.78809 -0.367693 -0.356546
1.78693 -0.373309 -0.356546
1.78575 -0.378921 -0.356546
1.78455 -0.384529 -0.356546
1.77368 -0.388346 -0.354629
1.79161 -0.398174 -0.358463
1.78077 -0.401642 -0.356546
1.7795 -0.407234 -0.356546
1.77822 -0.412822 -0.356546
1.76736 -0.416157 -0.354629
1.80423 -0.430826 -0.362296
1.78378 -0.431873 -0.358463
1.77289 -0.435135 -0.356546
1.77151 -0.440703 -0.356546
1.77012 -0.446266 -0.356546
1.76871 -0.451825 -0.356546
1.76728 -0.457379 -0.356546
1.76584 -0.462929 -0.356546
1.76437 -0.468474 -0.356546
1.79132 -0.48166 -0.362296
1.78025 -0.485018 -0.36038
1.76926 -0.487998 -0.358463
1.78662 -0.498833 -0.362296
1.78504 -0.504443 -0.362296
1.76458 -0.504651 -0.358463
1.80069 -0.521106 -0.36613
1.79905 -0.52676 -0.36613
1.79738 -0.532409 -0.36613
1.7863 -0.535236 -0.364213
1.794 -0.543692 -0.36613
1.79219 -0.549638 -0.36613
1.78108 -0.552359 -0.364213
1.79807 -0.563825 -0.368047
1.77758 -0.563539 -0.364213
1.79449 -0.575111 -0.368047
1.78334 -0.577721 -0.36613
1.78151 -0.583321 -0.36613
1.78899 -0.591998 -0.368047
1.77781 -0.594503 -0.36613
1.78523 -0.603227 -0.368047
1.78333 -0.608832 -0.368047
1.77213 -0.611231 -0.36613
1.75889 -0.619402 -0.364213
1.75693 -0.624925 -0.364213
1.7642 -0.63376 -0.36613
1.77143 -0.642646 -0.368047
1.76018 -0.644832 -0.36613
1.77656 -0.657169 -0.369964
1.76529 -0.659313 -0.368047
1.79076 -0.675243 -0.373798
1.76111 -0.670391 -0.368047
1.74972 -0.672705 -0.36613
1.79334 -0.695953 -0.375715
1.76374 -0.690845 -0.369964
1.77068 -0.699991 -0.371881
1.75024 -0.698276 -0.368047
1.77535 -0.714768 -0.373798
1.74582 -0.70926 -0.368047
1.74346 -0.715045 -0.368047
1.77748 -0.735529 -0.375715
1.78435 -0.74458 -0.377632
1.77295 -0.746374 -0.375715
1.77963 -0.755776 -0.377632
1.75908 -0.753941 -0.373798
1.77472 -0.767253 -0.377632
1.7633 -0.768902 -0.375715
1.76986 -0.778389 -0.377632
1.76741 -0.783945 -0.377632
1.76494 -0.789493 -0.377632
1.76245 -0.795034 -0.377632
1.76887 -0.804631 -0.379549
1.76634 -0.810184 -0.379549
1.75487 -0.811609 -0.377632
1.74328 -0.813275 -0.375715
1.75848 -0.827102 -0.379549
1.76474 -0.836828 -0.381466
1.74439 -0.833901 -0.377632
1.7506 -0.843638 -0.379549
1.74795 -0.849134 -0.379549
1.74527 -0.854621 -0.379549
1.75138 -0.864444 -0.381466
1.75744 -0.874313 -0.383382
1.7633 -0.884537 -0.385299
1.743 -0.881216 -0.381466
1.75771 -0.895598 -0.385299
1.77235 -0.910082 -0.389133
1.73462 -0.897604 -0.381466
1.74919 -0.912124 -0.385299
1.74632 -0.917615 -0.385299
1.72608 -0.913912 -0.381466
1.74052 -0.928569 -0.385299
1.75488 -0.943327 -0.389133
1.75191 -0.948835 -0.389133
1.74892 -0.954334 -0.389133
1.75451 -0.964552 -0.39105
1.75989 -0.975122 -0.392967
1.75682 -0.980646 -0.392967
1.73662 -0.976539 -0.389133
1.74208 -0.986827 -0.39105
1.7475 -0.99716 -0.392967
1.75287 -1.00754 -0.394884
1.7412 -1.00812 -0.392967
1.7465 -1.01853 -0.394884
1.74311 -1.02431 -0.394884
1.73144 -1.02479 -0.392967
1.74489 -1.04058 -0.396801
1.7418 -1.04575 -0.396801
1.7301 -1.04614 -0.394884
1.73519 -1.05667 -0.396801
1.7486 -1.07238 -0.400635
1.73687 -1.07271 -0.398718
1.74182 -1.08335 -0.400635
1.73841 -1.08881 -0.400635
1.73479 -1.09457 -0.400635
1.73135 -1.10002 -0.400635
1.73615 -1.11074 -0.402552
1.7244 -1.11087 -0.400635
1.72914 -1.12163 -0.402552
1.7256 -1.12705 -0.402552
1.71385 -1.12708 -0.400635
1.7149 -1.14327 -0.402552
1.7276 -1.15959 -0.406385
1.74021 -1.176 -0.410219
1.73651 -1.18146 -0.410219
1.72449 -1.18166 -0.408302
1.72077 -1.18708 -0.408302
1.73315 -1.20367 -0.412136
1.74545 -1.22036 -0.41597
1.72555 -1.21454 -0.412136
1.72173 -1.21995 -0.412136
1.72566 -1.23136 -0.414053
1.69787 -1.2196 -0.408302
1.68608 -1.21917 -0.406385
1.70605 -1.24179 -0.412136
1.70214 -1.24715 -0.412136
1.70611 -1.25831 -0.414053
1.71003 -1.26952 -0.41597
1.69817 -1.26901 -0.414053
1.70179 -1.28053 -0.41597
1.69776 -1.28587 -0.41597
1.69371 -1.2912 -0.41597
1.73369 -0.345481 -0.281187
1.79067 -0.362689 -0.290612
1.7992 -0.370304 -0.292183
1.77869 -0.371912 -0.289041
1.79683 -0.381601 -0.292183
1.79563 -0.387244 -0.292183
1.79433 -0.393196 -0.292183
1.78345 -0.396687 -0.290612
1.79183 -0.404463 -0.292183
1.82905 -0.418909 -0.298467
1.82773 -0.424653 -0.298467
1.80716 -0.425862 -0.295325
1.80581 -0.431538 -0.295325
1.84284 -0.446511 -0.301609
1.80306 -0.442875 -0.295325
1.84 -0.458081 -0.301609
1.80025 -0.454195 -0.295325
1.83708 -0.469633 -0.301609
1.82604 -0.472926 -0.300038
1.8341 -0.481166 -0.301609
1.82303 -0.48439 -0.300038
1.80243 -0.484983 -0.296896
1.84845 -0.503945 -0.30475
1.8183 -0.501867 -0.300038
1.82622 -0.510234 -0.301609
1.7771 -0.502532 -0.293754
1.785 -0.51083 -0.295325
1.80236 -0.521929 -0.298467
1.79124 -0.524812 -0.296896
1.78958 -0.530437 -0.296896
1.7879 -0.536056 -0.296896
1.78621 -0.541671 -0.296896
1.79385 -0.550488 -0.298467
1.79211 -0.556121 -0.298467
1.79035 -0.561748 -0.298467
1.78858 -0.56737 -0.298467
1.77738 -0.569971 -0.296896
1.79437 -0.581642 -0.300038
1.77377 -0.581127 -0.296896
1.78131 -0.589801 -0.298467
1.78881 -0.598528 -0.300038
1.78692 -0.604144 -0.300038
1.79436 -0.612948 -0.301609
1.78309 -0.61536 -0.300038
1.79036 -0.624522 -0.301609
1.82565 -0.643272 -0.307892
1.83293 -0.652315 -0.309463
1.83087 -0.65807 -0.309463
1.81951 -0.660449 -0.307892
1.81742 -0.666162 -0.307892
1.82458 -0.675296 -0.309463
1.8317 -0.684482 -0.311034
1.81106 -0.683261 -0.307892
1.82737 -0.695977 -0.311034
1.83427 -0.705579 -0.312605
1.84125 -0.714913 -0.314176
1.8206 -0.713486 -0.311034
1.82754 -0.722835 -0.312605
1.80691 -0.72125 -0.309463
1.8138 -0.730613 -0.311034
1.7932 -0.72887 -0.307892
1.7725 -0.727315 -0.30475
1.7702 -0.73288 -0.30475
1.76802 -0.738129 -0.30475
1.75659 -0.739846 -0.303179
1.75426 -0.745361 -0.303179
1.75178 -0.751174 -0.303179
1.7766 -0.768436 -0.307892
1.75607 -0.766115 -0.30475
1.77174 -0.779583 -0.307892
1.76025 -0.781139 -0.306321
1.7668 -0.7907 -0.307892
1.77331 -0.800309 -0.309463
1.7618 -0.801785 -0.307892
1.7503 -0.803197 -0.306321
1.75673 -0.812839 -0.307892
1.76297 -0.822837 -0.309463
1.76932 -0.832576 -0.311034
1.77561 -0.842364 -0.312605
1.81751 -0.869243 -0.320459
1.80587 -0.870659 -0.318888
1.80313 -0.876328 -0.318888
1.80923 -0.886333 -0.320459
1.80644 -0.892013 -0.320459
1.7771 -0.884482 -0.315746
1.80947 -0.908089 -0.32203
1.79779 -0.909312 -0.320459
1.77733 -0.905985 -0.317317
1.80083 -0.925103 -0.32203
1.78037 -0.921675 -0.318888
1.76871 -0.922696 -0.317317
1.79203 -0.942034 -0.32203
1.71924 -0.910677 -0.309463
1.74251 -0.930024 -0.314176
1.75698 -0.944849 -0.317317
1.73663 -0.940954 -0.314176
1.75101 -0.955869 -0.317317
1.73934 -0.956606 -0.315746
1.7448 -0.967157 -0.317317
1.74175 -0.972634 -0.317317
1.74729 -0.982943 -0.318888
1.73561 -0.983558 -0.317317
1.74108 -0.993902 -0.318888
1.74651 -1.00429 -0.320459
1.7348 -1.00482 -0.318888
1.74017 -1.01524 -0.320459
1.73679 -1.02101 -0.320459
1.74207 -1.03149 -0.32203
1.73864 -1.03726 -0.32203
1.76942 -1.06276 -0.328313
1.79143 -1.08364 -0.333026
1.78801 -1.08927 -0.333026
1.78458 -1.09488 -0.333026
1.78113 -1.10048 -0.333026
1.81121 -1.12694 -0.33931
1.77418 -1.11165 -0.333026
1.79554 -1.13334 -0.337739
1.76697 -1.12308 -0.333026
1.78007 -1.13928 -0.336168
1.75988 -1.13416 -0.333026
1.78116 -1.15581 -0.337739
1.71965 -1.12359 -0.326743
1.73261 -1.13984 -0.329884
1.72902 -1.14528 -0.329884
1.72541 -1.15071 -0.329884
1.72999 -1.16163 -0.331455
1.74269 -1.17812 -0.334597
1.73082 -1.17803 -0.333026
1.71061 -1.1726 -0.329884
1.72318 -1.18918 -0.333026
1.72754 -1.20023 -0.334597
1.73186 -1.21131 -0.336168
1.71997 -1.21106 -0.334597
1.72421 -1.22216 -0.336168
1.72015 -1.22788 -0.336168
1.70826 -1.22751 -0.334597
1.7204 -1.24445 -0.337739
1.73245 -1.26147 -0.34088
1.72051 -1.26107 -0.33931
1.7086 -1.26061 -0.337739
1.70463 -1.26597 -0.337739
1.70855 -1.27723 -0.33931
1.70431 -1.28289 -0.33931
1.70027 -1.28824 -0.33931
1.76283 -0.345853 -0.221186
1.752 -0.349448 -0.219963
1.76062 -0.356922 -0.221186
1.74977 -0.360449 -0.219963
1.74863 -0.365945 -0.219963
1.74747 -0.371436 -0.219963
1.756 -0.379018 -0.221186
1.75473 -0.384839 -0.221186
1.75351 -0.39035 -0.221186
1.75228 -0.395857 -0.221186
1.7607 -0.403577 -0.222408
1.75942 -0.409107 -0.222408
1.75813 -0.414632 -0.222408
1.75682 -0.420153 -0.222408
1.75549 -0.42567 -0.222408
1.76378 -0.433552 -0.22363
1.76241 -0.439091 -0.22363
1.76102 -0.444626 -0.22363
1.75 -0.447696 -0.222408
1.74859 -0.453192 -0.222408
1.74715 -0.458683 -0.222408
1.7553 -0.46672 -0.22363
1.75382 -0.472232 -0.22363
1.75224 -0.478045 -0.22363
1.75073 -0.483548 -0.22363
1.74921 -0.489046 -0.22363
1.74766 -0.494538 -0.22363
1.7461 -0.500026 -0.22363
1.75405 -0.508272 -0.224852
1.79054 -0.524949 -0.22974
1.78889 -0.530572 -0.22974
1.78721 -0.536189 -0.22974
1.79501 -0.544683 -0.230962
1.7932 -0.550632 -0.230962
1.80094 -0.559206 -0.232184
1.79917 -0.564861 -0.232184
1.79739 -0.570511 -0.232184
1.82394 -0.585252 -0.23585
1.77489 -0.575669 -0.22974
1.7825 -0.584333 -0.230962
1.79008 -0.593052 -0.232184
1.79762 -0.601823 -0.233406
1.78632 -0.604287 -0.232184
1.7938 -0.613106 -0.233406
1.73558 -0.599302 -0.226074
1.75232 -0.611595 -0.228518
1.75039 -0.617097 -0.228518
1.74844 -0.622593 -0.228518
1.73714 -0.624724 -0.227296
1.7445 -0.633566 -0.228518
1.7425 -0.639044 -0.228518
1.74979 -0.647961 -0.22974
1.73845 -0.64998 -0.228518
1.74568 -0.658943 -0.22974
1.74361 -0.664424 -0.22974
1.74139 -0.670202 -0.22974
1.73928 -0.67567 -0.22974
1.73715 -0.68113 -0.22974
1.735 -0.686584 -0.22974
1.73283 -0.692032 -0.22974
1.72144 -0.693762 -0.228518
1.72845 -0.702906 -0.22974
1.71693 -0.704864 -0.228518
1.74222 -0.721649 -0.232184
1.76754 -0.738291 -0.23585
1.76521 -0.74384 -0.23585
1.78113 -0.757148 -0.238294
1.78774 -0.766963 -0.239516
1.78532 -0.772576 -0.239516
1.78288 -0.778181 -0.239516
1.78043 -0.783778 -0.239516
1.7961 -0.797422 -0.24196
1.75735 -0.786838 -0.237072
1.77296 -0.800523 -0.239516
1.76141 -0.801976 -0.238294
1.7679 -0.811647 -0.239516
1.77435 -0.821366 -0.240738
1.72665 -0.80625 -0.234628
1.72411 -0.81167 -0.234628
1.73051 -0.821338 -0.23585
1.72792 -0.826771 -0.23585
1.72532 -0.832195 -0.23585
1.74055 -0.846291 -0.238294
1.72897 -0.847387 -0.237072
1.7263 -0.852815 -0.237072
1.73249 -0.862658 -0.238294
1.72962 -0.868398 -0.238294
1.72689 -0.873827 -0.238294
1.73298 -0.883757 -0.239516
1.72136 -0.884661 -0.238294
1.72739 -0.894628 -0.239516
1.72457 -0.900051 -0.239516
1.72173 -0.905464 -0.239516
1.71011 -0.906221 -0.238294
1.6985 -0.906915 -0.237072
1.72186 -0.926353 -0.240738
1.74512 -0.945947 -0.244404
1.75956 -0.960939 -0.246848
1.75654 -0.966462 -0.246848
1.75332 -0.972282 -0.246848
1.75026 -0.977785 -0.246848
1.75583 -0.988147 -0.24807
1.75271 -0.993658 -0.24807
1.74958 -0.999159 -0.24807
1.75504 -1.0096 -0.249292
1.74327 -1.01013 -0.24807
1.74009 -1.0156 -0.24807
1.74527 -1.0264 -0.249292
1.71642 -1.0167 -0.245626
1.70451 -1.0173 -0.244404
1.70999 -1.02747 -0.245626
1.71525 -1.03797 -0.246848
1.7035 -1.03819 -0.245626
1.70869 -1.04873 -0.246848
1.72228 -1.06453 -0.249292
1.7105 -1.06469 -0.24807
1.71555 -1.07533 -0.249292
1.72037 -1.08631 -0.250514
1.71695 -1.09171 -0.250514
1.71351 -1.0971 -0.250514
1.71005 -1.10248 -0.250514
1.70658 -1.10784 -0.250514
1.69479 -1.10777 -0.249292
1.68301 -1.10763 -0.24807
1.68779 -1.1184 -0.249292
1.73381 -1.15674 -0.256624
1.7384 -1.16772 -0.257846
1.73473 -1.17317 -0.257846
1.73924 -1.1842 -0.259068
1.74348 -1.19558 -0.26029
1.73972 -1.20105 -0.26029
1.73594 -1.20651 -0.26029
1.74027 -1.21765 -0.261512
1.72832 -1.21739 -0.26029
1.72449 -1.22282 -0.26029
1.72043 -1.22853 -0.26029
1.72462 -1.23972 -0.261512
1.68855 -1.22186 -0.256624
1.68471 -1.22716 -0.256624
1.68885 -1.23831 -0.257846
1.68495 -1.24361 -0.257846
1.689 -1.25482 -0.259068
1.68505 -1.26012 -0.259068
1.68086 -1.2657 -0.259068
1.67687 -1.27097 -0.259068
1.78872 -0.351258 -0.16121
1.76807 -0.352975 -0.159448
1.76696 -0.358528 -0.159448
1.76582 -0.364077 -0.159448
1.76467 -0.369623 -0.159448
1.7635 -0.375165 -0.159448
1.75251 -0.378906 -0.158567
1.76104 -0.386545 -0.159448
1.75009 -0.38991 -0.158567
1.75858 -0.397602 -0.159448
1.77674 -0.40758 -0.16121
1.82396 -0.424448 -0.165615
1.79353 -0.423311 -0.162972
1.81157 -0.433581 -0.164734
1.81019 -0.43927 -0.164734
1.80881 -0.444955 -0.164734
1.82673 -0.455455 -0.166495
1.82529 -0.461191 -0.166495
1.81418 -0.464453 -0.165615
1.82236 -0.472651 -0.166495
1.81123 -0.475843 -0.165615
1.8001 -0.478969 -0.164734
1.81773 -0.490122 -0.166495
1.81619 -0.49583 -0.166495
1.81462 -0.501534 -0.166495
1.80344 -0.504548 -0.165615
1.79226 -0.507497 -0.164734
1.76193 -0.504893 -0.162091
1.75077 -0.507652 -0.16121
1.75873 -0.515954 -0.162091
1.74755 -0.518642 -0.16121
1.75545 -0.526994 -0.162091
1.75369 -0.532812 -0.162091
1.75201 -0.538319 -0.162091
1.75031 -0.543821 -0.162091
1.7581 -0.552302 -0.162972
1.74686 -0.554807 -0.162091
1.74511 -0.560293 -0.162091
1.75281 -0.568847 -0.162972
1.73209 -0.568142 -0.16121
1.7492 -0.579849 -0.162972
1.74737 -0.585341 -0.162972
1.74553 -0.590828 -0.162972
1.75309 -0.599532 -0.163853
1.74168 -0.602088 -0.162972
1.76799 -0.617409 -0.165615
1.80361 -0.636214 -0.169138
1.80161 -0.641878 -0.169138
1.79021 -0.644162 -0.168257
1.81626 -0.659989 -0.1709
1.80483 -0.66226 -0.170019
1.80274 -0.667927 -0.170019
1.81929 -0.680567 -0.171781
1.80782 -0.68276 -0.1709
1.81486 -0.692301 -0.171781
1.81267 -0.697999 -0.171781
1.7919 -0.696473 -0.170019
1.80825 -0.709375 -0.171781
1.79675 -0.711385 -0.1709
1.78526 -0.71333 -0.170019
1.80149 -0.726385 -0.171781
1.76229 -0.717025 -0.168257
1.74147 -0.715296 -0.166495
1.73922 -0.720763 -0.166495
1.74626 -0.729761 -0.167376
1.75314 -0.739114 -0.168257
1.74151 -0.741023 -0.167376
1.74833 -0.750419 -0.168257
1.73682 -0.751951 -0.167376
1.74358 -0.761389 -0.168257
1.74118 -0.766863 -0.168257
1.73876 -0.77233 -0.168257
1.73633 -0.777788 -0.168257
1.73388 -0.783239 -0.168257
1.73141 -0.788683 -0.168257
1.72892 -0.794118 -0.168257
1.73532 -0.804035 -0.169138
1.72376 -0.805266 -0.168257
1.73924 -0.819166 -0.170019
1.75466 -0.833172 -0.171781
1.78797 -0.855884 -0.175305
1.7763 -0.857167 -0.174424
1.78256 -0.867101 -0.175305
1.78877 -0.877082 -0.176186
1.786 -0.882697 -0.176186
1.78322 -0.888304 -0.176186
1.77136 -0.889741 -0.175305
1.77745 -0.899801 -0.176186
1.77461 -0.90538 -0.176186
1.78062 -0.915506 -0.177067
1.77773 -0.921095 -0.177067
1.78366 -0.931286 -0.177948
1.77191 -0.932247 -0.177067
1.74257 -0.923812 -0.174424
1.72209 -0.919895 -0.172662
1.72796 -0.930021 -0.173543
1.72503 -0.935445 -0.173543
1.73082 -0.945636 -0.174424
1.72768 -0.95137 -0.174424
1.72468 -0.956793 -0.174424
1.72167 -0.962207 -0.174424
1.71863 -0.967611 -0.174424
1.71559 -0.973005 -0.174424
1.71252 -0.97839 -0.174424
1.70944 -0.983765 -0.174424
1.70634 -0.989131 -0.174424
1.71165 -0.999808 -0.175305
1.7085 -1.00518 -0.175305
1.70516 -1.01084 -0.175305
1.71053 -1.0213 -0.176186
1.74164 -1.0469 -0.179709
1.7213 -1.04205 -0.177948
1.72652 -1.05263 -0.178828
1.71472 -1.05284 -0.177948
1.71987 -1.06346 -0.178828
1.72498 -1.07412 -0.179709
1.72141 -1.07984 -0.179709
1.71801 -1.08524 -0.179709
1.71459 -1.09063 -0.179709
1.71955 -1.10139 -0.18059
1.70771 -1.10138 -0.179709
1.72095 -1.11759 -0.181471
1.70075 -1.11209 -0.179709
1.70557 -1.12291 -0.18059
1.70203 -1.12826 -0.18059
1.69848 -1.1336 -0.18059
1.70318 -1.14449 -0.181471
1.70782 -1.15542 -0.182352
1.69575 -1.15546 -0.181471
1.69211 -1.16078 -0.181471
1.69666 -1.17175 -0.182352
1.70932 -1.18845 -0.184114
1.70558 -1.19382 -0.184114
1.70996 -1.20491 -0.184995
1.70596 -1.21057 -0.184995
1.71025 -1.22171 -0.185876
1.71449 -1.2329 -0.186757
1.69447 -1.2266 -0.184995
1.69061 -1.23191 -0.184995
1.68673 -1.23722 -0.184995
1.69085 -1.24843 -0.185876
1.68692 -1.25373 -0.185876
1.68275 -1.25932 -0.185876
1.67879 -1.2646 -0.185876
1.80408 -0.348717 -0.096468
1.80297 -0.354383 -0.096468
1.77247 -0.354175 -0.094895
1.76156 -0.357754 -0.094371
1.76043 -0.363286 -0.094371
1.75928 -0.368815 -0.094371
1.75811 -0.37434 -0.094371
1.75686 -0.380168 -0.094371
1.75566 -0.385686 -0.094371
1.76419 -0.393373 -0.094895
1.76294 -0.398913 -0.094895
1.76168 -0.404449 -0.094895
1.81876 -0.423573 -0.098041
1.82713 -0.43158 -0.098565
1.80635 -0.432665 -0.097517
1.81468 -0.440695 -0.098041
1.82299 -0.448781 -0.098565
1.82157 -0.454506 -0.098565
1.81045 -0.457778 -0.098041
1.82835 -0.46842 -0.09909
1.8172 -0.471653 -0.098565
1.81571 -0.47736 -0.098565
1.82385 -0.485631 -0.09909
1.83187 -0.494278 -0.099614
1.82068 -0.497399 -0.09909
1.81911 -0.503116 -0.09909
1.81752 -0.508828 -0.09909
1.81591 -0.514536 -0.09909
1.76629 -0.506475 -0.096468
1.7551 -0.509239 -0.095944
1.76307 -0.517563 -0.096468
1.76144 -0.523099 -0.096468
1.75979 -0.52863 -0.096468
1.76758 -0.537368 -0.096992
1.76588 -0.542918 -0.096992
1.75463 -0.545499 -0.096468
1.76243 -0.554003 -0.096992
1.76068 -0.559537 -0.096992
1.76843 -0.56812 -0.097517
1.77613 -0.576757 -0.098041
1.77431 -0.582334 -0.098041
1.76299 -0.584762 -0.097517
1.76115 -0.590297 -0.097517
1.76874 -0.59903 -0.098041
1.74795 -0.598118 -0.096992
1.73652 -0.600647 -0.096468
1.74406 -0.609393 -0.096992
1.79864 -0.634811 -0.100138
1.81544 -0.647165 -0.101187
1.80401 -0.649482 -0.100662
1.80196 -0.655147 -0.100662
1.80927 -0.664246 -0.101187
1.7978 -0.666456 -0.100662
1.81441 -0.679101 -0.101711
1.82161 -0.688328 -0.102235
1.80999 -0.690804 -0.101711
1.80781 -0.696487 -0.101711
1.81492 -0.705782 -0.102235
1.81269 -0.71148 -0.102235
1.81044 -0.717172 -0.102235
1.80818 -0.722856 -0.102235
1.83369 -0.739741 -0.103808
1.76661 -0.719142 -0.100138
1.7365 -0.713609 -0.098565
1.74348 -0.722886 -0.09909
1.74133 -0.728055 -0.09909
1.74823 -0.737403 -0.099614
1.73659 -0.739285 -0.09909
1.74343 -0.748678 -0.099614
1.75024 -0.75812 -0.100138
1.74785 -0.763615 -0.100138
1.74544 -0.769102 -0.100138
1.73389 -0.770526 -0.099614
1.73146 -0.77597 -0.099614
1.74721 -0.789631 -0.100662
1.74472 -0.795116 -0.100662
1.74222 -0.800593 -0.100662
1.73955 -0.806366 -0.100662
1.71892 -0.803371 -0.099614
1.72542 -0.813024 -0.100138
1.73187 -0.822725 -0.100662
1.79233 -0.858355 -0.104332
1.79862 -0.868323 -0.104857
1.7869 -0.8696 -0.104332
1.78416 -0.875209 -0.104332
1.7814 -0.88081 -0.104332
1.78756 -0.890856 -0.104857
1.79352 -0.901263 -0.105381
1.79068 -0.906893 -0.105381
1.77893 -0.907974 -0.104857
1.79383 -0.922694 -0.105905
1.79092 -0.928325 -0.105905
1.78799 -0.933947 -0.105905
1.77622 -0.934908 -0.105381
1.73798 -0.921767 -0.103284
1.72627 -0.922516 -0.10276
1.72336 -0.927935 -0.10276
1.72922 -0.938106 -0.103284
1.72626 -0.943534 -0.103284
1.73187 -0.954072 -0.103808
1.72886 -0.959508 -0.103808
1.72584 -0.964935 -0.103808
1.7315 -0.975253 -0.104332
1.72843 -0.980688 -0.104332
1.72534 -0.986113 -0.104332
1.73089 -0.996511 -0.104857
1.72775 -1.00194 -0.104857
1.73304 -1.01271 -0.105381
1.72985 -1.01814 -0.105381
1.71787 -1.01878 -0.104857
1.71466 -1.02417 -0.104857
1.74585 -1.04984 -0.106954
1.75963 -1.06567 -0.108002
1.7648 -1.07639 -0.108527
1.77842 -1.09238 -0.109575
1.77498 -1.09797 -0.109575
1.78 -1.10882 -0.110099
1.76786 -1.1094 -0.109575
1.76436 -1.11495 -0.109575
1.76928 -1.12585 -0.110099
1.76573 -1.1314 -0.110099
1.76217 -1.13695 -0.110099
1.76696 -1.14792 -0.110624
1.76335 -1.15346 -0.110624
1.71801 -1.13153 -0.108002
1.71445 -1.13692 -0.108002
1.71918 -1.14785 -0.108527
1.71556 -1.15324 -0.108527
1.71193 -1.15863 -0.108527
1.70808 -1.1643 -0.108527
1.72088 -1.18096 -0.109575
1.70895 -1.18068 -0.109051
1.71343 -1.19175 -0.109575
1.70149 -1.1914 -0.109051
1.69774 -1.19674 -0.109051
1.70191 -1.20814 -0.109575
1.6981 -1.21348 -0.109575
1.68618 -1.21298 -0.109051
1.69044 -1.22413 -0.109575
1.69466 -1.23531 -0.110099
1.69077 -1.24063 -0.110099
1.6949 -1.25187 -0.110624
1.69096 -1.25719 -0.110624
1.68678 -1.26279 -0.110624
1.6828 -1.26808 -0.110624
1.79525 -0.353517 -0.031449
1.77453 -0.35523 -0.031106
1.7636 -0.358809 -0.030934
1.77226 -0.366372 -0.031106
1.7711 -0.371938 -0.031106
1.76992 -0.3775 -0.031106
1.76873 -0.383059 -0.031106
1.76752 -0.388614 -0.031106
1.76622 -0.394473 -0.031106
1.76497 -0.400019 -0.031106
1.7637 -0.405562 -0.031106
1.77216 -0.413372 -0.031277
1.77085 -0.418938 -0.031277
1.7598 -0.422167 -0.031106
1.76818 -0.430056 -0.031277
1.76682 -0.435609 -0.031277
1.77515 -0.443581 -0.031449
1.75436 -0.444247 -0.031106
1.77233 -0.454726 -0.031449
1.76121 -0.457776 -0.031277
1.75976 -0.463307 -0.031277
1.7583 -0.468833 -0.031277
1.76647 -0.476961 -0.031449
1.76496 -0.482508 -0.031449
1.75372 -0.48569 -0.031277
1.76181 -0.493896 -0.031449
1.76025 -0.499428 -0.031449
1.75867 -0.504956 -0.031449
1.75708 -0.510478 -0.031449
1.79384 -0.527274 -0.032137
1.81134 -0.538607 -0.03248
1.82879 -0.550054 -0.032824
1.81748 -0.552887 -0.032652
1.81574 -0.558594 -0.032652
1.83297 -0.570556 -0.032996
1.82163 -0.57331 -0.032824
1.81982 -0.57903 -0.032824
1.82751 -0.587805 -0.032996
1.83516 -0.596635 -0.033168
1.83328 -0.602397 -0.033168
1.83138 -0.608154 -0.033168
1.82946 -0.613904 -0.033168
1.83699 -0.622859 -0.03334
1.81611 -0.622147 -0.032996
1.75745 -0.608229 -0.031965
1.76497 -0.617047 -0.032137
1.76292 -0.622896 -0.032137
1.75153 -0.625071 -0.031965
1.75897 -0.63396 -0.032137
1.75697 -0.639483 -0.032137
1.75495 -0.645 -0.032137
1.75291 -0.65051 -0.032137
1.75086 -0.656014 -0.032137
1.74879 -0.661511 -0.032137
1.75604 -0.670568 -0.032309
1.75393 -0.676082 -0.032309
1.75168 -0.681894 -0.032309
1.75883 -0.69105 -0.03248
1.74736 -0.692887 -0.032309
1.74517 -0.698373 -0.032309
1.74297 -0.703852 -0.032309
1.74075 -0.709324 -0.032309
1.73851 -0.71479 -0.032309
1.78244 -0.739403 -0.033168
1.79855 -0.75272 -0.033512
1.80539 -0.762255 -0.033683
1.80299 -0.767923 -0.033683
1.80975 -0.77753 -0.033855
1.79799 -0.77955 -0.033683
1.80469 -0.789201 -0.033855
1.8205 -0.802936 -0.034199
1.7997 -0.800525 -0.033855
1.8063 -0.810267 -0.034027
1.80374 -0.815938 -0.034027
1.80117 -0.8216 -0.034027
1.79858 -0.827255 -0.034027
1.79597 -0.832901 -0.034027
1.79335 -0.838539 -0.034027
1.74534 -0.823156 -0.033168
1.74275 -0.828635 -0.033168
1.74013 -0.834106 -0.033168
1.7375 -0.839569 -0.033168
1.74385 -0.849401 -0.03334
1.7322 -0.850469 -0.033168
1.73848 -0.860341 -0.03334
1.73576 -0.865799 -0.03334
1.74182 -0.876043 -0.033512
1.73906 -0.88151 -0.033512
1.73628 -0.886969 -0.033512
1.74237 -0.896996 -0.033683
1.73955 -0.902466 -0.033683
1.7367 -0.907926 -0.033683
1.73384 -0.913378 -0.033683
1.73096 -0.91882 -0.033683
1.72807 -0.924254 -0.033683
1.73396 -0.934421 -0.033855
1.77495 -0.963718 -0.034715
1.78068 -0.974088 -0.034886
1.78637 -0.984504 -0.035058
1.78327 -0.990111 -0.035058
1.77998 -0.996019 -0.035058
1.78555 -1.00652 -0.03523
1.78238 -1.01212 -0.03523
1.77051 -1.01275 -0.035058
1.78465 -1.02829 -0.035402
1.77276 -1.02887 -0.03523
1.77815 -1.03948 -0.035402
1.79211 -1.05521 -0.035746
1.78 -1.05605 -0.035574
1.72518 -1.03086 -0.034543
1.71336 -1.03112 -0.034371
1.71011 -1.0365 -0.034371
1.72392 -1.05228 -0.034715
1.7206 -1.0577 -0.034715
1.71727 -1.06309 -0.034715
1.71392 -1.06849 -0.034715
1.71903 -1.07918 -0.034886
1.72408 -1.08992 -0.035058
1.71202 -1.09026 -0.034886
1.71701 -1.10103 -0.035058
1.71354 -1.10642 -0.035058
1.71844 -1.11724 -0.03523
1.71492 -1.12264 -0.03523
1.71973 -1.13352 -0.035402
1.73282 -1.14998 -0.035746
1.76245 -1.17763 -0.036433
1.76704 -1.18875 -0.036605
1.77158 -1.1999 -0.036777
1.7678 -1.20546 -0.036777
1.764 -1.21101 -0.036777
1.75998 -1.21685 -0.036777
1.74794 -1.21666 -0.036605
1.76049 -1.23362 -0.036949
1.7566 -1.23915 -0.036949
1.76085 -1.25045 -0.03712
1.75691 -1.25597 -0.03712
1.74463 -1.25595 -0.036949
1.70829 -1.23796 -0.036261
1.70439 -1.24332 -0.036261
1.70853 -1.25458 -0.036433
1.69654 -1.254 -0.036261
1.70062 -1.2653 -0.036433
1.69664 -1.27063 -0.036433
1.69263 -1.27595 -0.036433
1.69299 -0.328471 0.398482
1.70151 -0.335674 0.400734
1.71955 -0.344849 0.405236
1.71846 -0.35025 0.405236
1.71735 -0.355647 0.405236
1.71623 -0.36104 0.405236
1.71508 -0.36643 0.405236
1.71392 -0.371816 0.405236
1.72226 -0.379294 0.407488
1.71149 -0.382876 0.405236
1.71978 -0.390408 0.407488
1.71854 -0.395809 0.407488
1.7078 -0.39899 0.405236
1.70654 -0.404353 0.405236
1.70526 -0.409712 0.405236
1.71343 -0.417373 0.407488
1.71211 -0.422754 0.407488
1.71078 -0.428131 0.407488
1.70942 -0.433503 0.407488
1.70805 -0.438871 0.407488
1.70667 -0.444235 0.407488
1.70526 -0.449595 0.407488
1.70384 -0.45495 0.407488
1.71181 -0.462843 0.409739
1.70095 -0.465646 0.407488
1.69939 -0.471284 0.407488
1.70729 -0.479254 0.409739
1.71514 -0.487278 0.41199
1.70424 -0.489971 0.409739
1.71205 -0.498045 0.41199
1.71048 -0.503421 0.41199
1.70889 -0.508792 0.41199
1.69795 -0.511348 0.409739
1.70566 -0.519519 0.41199
1.71333 -0.527743 0.414242
1.70227 -0.530523 0.41199
1.70059 -0.535868 0.41199
1.6989 -0.541208 0.41199
1.70647 -0.549529 0.414242
1.70473 -0.554887 0.414242
1.69372 -0.557195 0.41199
1.70121 -0.565587 0.414242
1.70866 -0.574032 0.416493
1.70685 -0.579397 0.416493
1.70502 -0.584756 0.416493
1.70317 -0.59011 0.416493
1.70131 -0.595458 0.416493
1.70851 -0.604345 0.418744
1.70661 -0.60971 0.418744
1.70468 -0.615068 0.418744
1.69359 -0.617085 0.416493
1.70079 -0.625767 0.418744
1.70794 -0.6345 0.420996
1.69682 -0.636441 0.418744
1.70392 -0.645219 0.420996
1.69279 -0.64709 0.418744
1.69075 -0.652405 0.418744
1.68857 -0.658008 0.418744
1.69556 -0.666875 0.420996
1.69346 -0.672199 0.420996
1.69134 -0.677516 0.420996
1.69824 -0.686477 0.423247
1.69607 -0.691809 0.423247
1.69389 -0.697134 0.423247
1.69169 -0.702452 0.423247
1.68948 -0.707763 0.423247
1.68725 -0.713067 0.423247
1.685 -0.718365 0.423247
1.68273 -0.723655 0.423247
1.68032 -0.729231 0.423247
1.68695 -0.738413 0.425498
1.68462 -0.743709 0.425498
1.68228 -0.748998 0.425498
1.67991 -0.754279 0.425498
1.67754 -0.759553 0.425498
1.68401 -0.768866 0.427749
1.68158 -0.774153 0.427749
1.67914 -0.779432 0.427749
1.67668 -0.784703 0.427749
1.68288 -0.794418 0.430001
1.68918 -0.803888 0.432252
1.68664 -0.809191 0.432252
1.68409 -0.814485 0.432252
1.68153 -0.819772 0.432252
1.67894 -0.825051 0.432252
1.67634 -0.830321 0.432252
1.67373 -0.835583 0.432252
1.67095 -0.841129 0.432252
1.6683 -0.846374 0.432252
1.6743 -0.856047 0.434503
1.6716 -0.861303 0.434503
1.66889 -0.86655 0.434503
1.66616 -0.871788 0.434503
1.67203 -0.881563 0.436755
1.66926 -0.886811 0.436755
1.67505 -0.896649 0.439006
1.66365 -0.897282 0.436755
1.66082 -0.902504 0.436755
1.65798 -0.907717 0.436755
1.65512 -0.912921 0.436755
1.66076 -0.922849 0.439006
1.65769 -0.928351 0.439006
1.65477 -0.933554 0.439006
1.66877 -0.948377 0.443509
1.65732 -0.948774 0.441257
1.65433 -0.953976 0.441257
1.65975 -0.964062 0.443509
1.65672 -0.969272 0.443509
1.65366 -0.974471 0.443509
1.6588 -0.984924 0.44576
1.6557 -0.990131 0.44576
1.66093 -1.00035 0.448011
1.65778 -1.00557 0.448011
1.66292 -1.01585 0.450263
1.65972 -1.02107 0.450263
1.65651 -1.02628 0.450263
1.65328 -1.03148 0.450263
1.65828 -1.04185 0.452514
1.67146 -1.05747 0.457017
1.68438 -1.07348 0.461519
1.7302 -1.11034 0.475027
1.81162 -0.351814 0.358711
1.8105 -0.357504 0.358711
1.81899 -0.365122 0.360619
1.7986 -0.36691 0.356803
1.81666 -0.376544 0.360619
1.81547 -0.382249 0.360619
1.80466 -0.385898 0.358711
1.80344 -0.391566 0.358711
1.81172 -0.399658 0.360619
1.7913 -0.401059 0.356803
1.80917 -0.411034 0.360619
1.79831 -0.414511 0.358711
1.797 -0.420158 0.358711
1.79567 -0.425802 0.358711
1.80386 -0.433736 0.360619
1.79296 -0.437076 0.358711
1.79157 -0.442706 0.358711
1.7997 -0.450717 0.360619
1.79827 -0.456369 0.360619
1.79683 -0.462016 0.360619
1.79537 -0.467659 0.360619
1.79389 -0.473297 0.360619
1.79239 -0.47893 0.360619
1.79088 -0.484558 0.360619
1.78927 -0.490495 0.360619
1.78771 -0.496113 0.360619
1.78615 -0.501727 0.360619
1.78456 -0.507336 0.360619
1.79239 -0.515654 0.362527
1.79077 -0.521282 0.362527
1.78912 -0.526906 0.362527
1.78745 -0.532524 0.362527
1.79517 -0.540969 0.364435
1.79346 -0.546606 0.364435
1.79164 -0.55255 0.364435
1.7899 -0.558176 0.364435
1.77877 -0.560844 0.362527
1.79571 -0.572392 0.366343
1.78456 -0.57502 0.364435
1.78274 -0.580624 0.364435
1.78091 -0.586222 0.364435
1.78837 -0.594912 0.366343
1.78649 -0.600527 0.366343
1.7846 -0.606137 0.366343
1.7734 -0.608554 0.364435
1.77148 -0.614122 0.364435
1.7787 -0.62324 0.366343
1.77673 -0.628824 0.366343
1.77475 -0.634403 0.366343
1.77275 -0.639975 0.366343
1.77995 -0.648904 0.368251
1.7779 -0.654492 0.368251
1.77584 -0.660075 0.368251
1.78294 -0.669099 0.370159
1.78083 -0.674697 0.370159
1.7787 -0.680288 0.370159
1.77644 -0.686183 0.370159
1.78342 -0.695326 0.372067
1.77209 -0.697331 0.370159
1.77902 -0.706518 0.372067
1.77679 -0.712104 0.372067
1.76544 -0.714002 0.370159
1.77228 -0.723253 0.372067
1.76987 -0.729126 0.372067
1.7677 -0.734375 0.372067
1.78349 -0.747513 0.375884
1.77209 -0.74929 0.373976
1.77876 -0.758704 0.375884
1.76722 -0.760718 0.373976
1.78282 -0.774085 0.377792
1.77139 -0.775744 0.375884
1.76895 -0.781305 0.375884
1.76648 -0.786859 0.375884
1.77296 -0.796427 0.377792
1.76151 -0.797942 0.375884
1.77685 -0.811629 0.3797
1.76537 -0.813101 0.377792
1.77171 -0.822778 0.3797
1.76008 -0.824484 0.377792
1.76636 -0.834201 0.3797
1.76373 -0.839747 0.3797
1.76109 -0.845283 0.3797
1.75842 -0.850812 0.3797
1.77339 -0.864938 0.383516
1.76185 -0.866174 0.381608
1.75912 -0.871705 0.381608
1.76515 -0.881613 0.383516
1.76222 -0.887462 0.383516
1.75943 -0.892994 0.383516
1.75661 -0.898517 0.383516
1.76251 -0.908528 0.385424
1.75964 -0.914061 0.385424
1.75676 -0.919585 0.385424
1.75386 -0.925099 0.385424
1.75962 -0.935211 0.387332
1.75667 -0.940735 0.387332
1.76235 -0.95091 0.38924
1.75935 -0.956442 0.38924
1.74773 -0.957249 0.387332
1.74471 -0.962735 0.387332
1.75009 -0.973286 0.38924
1.75558 -0.983577 0.391148
1.75249 -0.989088 0.391148
1.7579 -0.99944 0.393056
1.75476 -1.00496 0.393056
1.75159 -1.01047 0.393056
1.74841 -1.01596 0.393056
1.74521 -1.02145 0.393056
1.74181 -1.02723 0.393056
1.74701 -1.03771 0.394964
1.74356 -1.0435 0.394964
1.74046 -1.04867 0.394964
1.73716 -1.05413 0.394964
1.73383 -1.05958 0.394964
1.73886 -1.07017 0.396872
1.73549 -1.07563 0.396872
1.74043 -1.08627 0.39878
1.73701 -1.09174 0.39878
1.74167 -1.10274 0.400688
1.74647 -1.11348 0.402596
1.75123 -1.12427 0.404504
1.73944 -1.12443 0.402596
1.75236 -1.1406 0.406412
1.73234 -1.13534 0.402596
1.73696 -1.14619 0.404504
1.74153 -1.15707 0.406412
1.73788 -1.16253 0.406412
1.73422 -1.16799 0.406412
1.73867 -1.17894 0.40832
1.74307 -1.18993 0.410228
1.73911 -1.1957 0.410228
1.74342 -1.20675 0.412136
1.73156 -1.20661 0.410228
1.7358 -1.21768 0.412136
1.73998 -1.22879 0.414044
1.73611 -1.23425 0.414044
1.74 -1.24571 0.415952
1.73607 -1.25117 0.415952
1.73213 -1.25662 0.415952
1.7361 -1.26785 0.41786
1.73211 -1.27329 0.41786
1.7281 -1.27873 0.41786
1.72408 -1.28415 0.41786
1.72789 -1.29545 0.419768
1.71575 -1.29526 0.41786
1.69978 -1.30005 0.415952
1.77425 -0.344879 0.28637
1.80222 -0.356196 0.291064
1.8011 -0.361856 0.291064
1.80963 -0.369488 0.292629
1.81813 -0.377178 0.294194
1.80727 -0.380851 0.292629
1.80606 -0.386527 0.292629
1.78554 -0.388004 0.289499
1.79388 -0.396053 0.291064
1.80227 -0.403846 0.292629
1.80099 -0.409506 0.292629
1.7997 -0.415162 0.292629
1.79838 -0.420814 0.292629
1.79705 -0.426461 0.292629
1.80531 -0.434416 0.294194
1.80393 -0.440085 0.294194
1.79295 -0.443379 0.292629
1.79155 -0.44901 0.292629
1.79971 -0.457067 0.294194
1.79826 -0.462719 0.294194
1.7968 -0.468366 0.294194
1.78577 -0.471487 0.292629
1.79382 -0.479646 0.294194
1.7923 -0.485279 0.294194
1.79069 -0.49122 0.294194
1.78913 -0.496843 0.294194
1.78756 -0.502461 0.294194
1.78598 -0.508075 0.294194
1.78437 -0.513683 0.294194
1.78275 -0.519286 0.294194
1.78111 -0.524884 0.294194
1.77945 -0.530477 0.294194
1.78723 -0.538916 0.295759
1.79498 -0.547409 0.297324
1.78371 -0.550446 0.295759
1.7914 -0.558989 0.297324
1.78964 -0.564615 0.297324
1.79727 -0.573235 0.298889
1.79546 -0.578879 0.298889
1.77485 -0.578396 0.295759
1.7824 -0.587059 0.297324
1.77118 -0.589536 0.295759
1.76932 -0.595097 0.295759
1.77679 -0.603831 0.297324
1.77489 -0.60941 0.297324
1.77296 -0.614983 0.297324
1.78023 -0.624127 0.298889
1.77826 -0.629716 0.298889
1.77628 -0.6353 0.298889
1.78356 -0.644232 0.300453
1.76297 -0.643063 0.297324
1.77948 -0.655426 0.300453
1.77741 -0.661013 0.300453
1.77532 -0.666594 0.300453
1.77322 -0.672168 0.300453
1.7711 -0.677735 0.300453
1.77806 -0.687165 0.302018
1.77589 -0.692748 0.302018
1.76452 -0.694705 0.300453
1.78068 -0.707539 0.303583
1.77845 -0.71313 0.303583
1.76705 -0.715009 0.302018
1.77393 -0.72429 0.303583
1.77152 -0.730169 0.303583
1.77847 -0.739213 0.305148
1.77614 -0.744796 0.305148
1.76469 -0.746524 0.303583
1.78051 -0.759818 0.306713
1.77798 -0.765718 0.306713
1.77556 -0.7713 0.306713
1.77313 -0.776874 0.306713
1.77068 -0.782441 0.306713
1.76821 -0.788 0.306713
1.76573 -0.793551 0.306713
1.76323 -0.799094 0.306713
1.76071 -0.804629 0.306713
1.76714 -0.81429 0.308278
1.76458 -0.819838 0.308278
1.76185 -0.825685 0.308278
1.75925 -0.831216 0.308278
1.77446 -0.845233 0.311408
1.76289 -0.846528 0.309843
1.76022 -0.852063 0.309843
1.76641 -0.86192 0.311408
1.7637 -0.867465 0.311408
1.76981 -0.877388 0.312972
1.76705 -0.882944 0.312972
1.76411 -0.888799 0.312972
1.76131 -0.894336 0.312972
1.75849 -0.899865 0.312972
1.75566 -0.905385 0.312972
1.76157 -0.915451 0.314537
1.74993 -0.916398 0.312972
1.74704 -0.921892 0.312972
1.75286 -0.932012 0.314537
1.74992 -0.937514 0.314537
1.74697 -0.943007 0.314537
1.744 -0.948491 0.314537
1.75833 -0.963457 0.317667
1.7553 -0.968977 0.317667
1.75207 -0.974792 0.317667
1.75762 -0.985121 0.319232
1.75452 -0.990637 0.319232
1.74281 -0.991261 0.317667
1.74826 -1.00164 0.319232
1.7451 -1.00713 0.319232
1.74193 -1.01261 0.319232
1.73874 -1.01807 0.319232
1.73535 -1.02383 0.319232
1.74062 -1.03433 0.320797
1.73718 -1.04009 0.320797
1.75101 -1.05544 0.323926
1.73924 -1.05581 0.322362
1.73591 -1.06127 0.322362
1.74098 -1.0719 0.323926
1.7376 -1.07736 0.323926
1.73421 -1.08281 0.323926
1.73916 -1.09351 0.325491
1.75221 -1.10985 0.328621
1.74872 -1.11534 0.328621
1.73689 -1.11549 0.327056
1.74168 -1.12631 0.328621
1.74641 -1.13716 0.330186
1.73457 -1.13723 0.328621
1.73923 -1.14812 0.330186
1.73561 -1.15357 0.330186
1.74019 -1.16451 0.331751
1.73652 -1.16998 0.331751
1.73284 -1.17542 0.331751
1.73729 -1.18643 0.333316
1.73335 -1.19219 0.333316
1.73771 -1.20325 0.33488
1.73392 -1.2087 0.33488
1.73012 -1.21414 0.33488
1.73436 -1.22527 0.336445
1.7305 -1.23072 0.336445
1.73444 -1.2422 0.33801
1.73053 -1.24764 0.33801
1.7266 -1.25307 0.33801
1.73063 -1.26432 0.339575
1.72665 -1.26975 0.339575
1.72266 -1.27516 0.339575
1.72656 -1.28647 0.34114
1.71461 -1.28596 0.339575
1.81339 -0.346906 0.225591
1.77331 -0.345018 0.22074
1.81117 -0.358293 0.225591
1.81003 -0.363981 0.225591
1.80888 -0.369665 0.225591
1.81743 -0.377364 0.226804
1.81624 -0.383072 0.226804
1.80532 -0.386697 0.225591
1.8041 -0.392367 0.225591
1.80278 -0.398347 0.225591
1.80152 -0.404009 0.225591
1.80025 -0.409667 0.225591
1.80862 -0.417553 0.226804
1.8073 -0.423233 0.226804
1.81562 -0.431202 0.228017
1.80461 -0.43458 0.226804
1.80323 -0.440247 0.226804
1.80184 -0.44591 0.226804
1.81006 -0.453983 0.228017
1.80862 -0.459668 0.228017
1.80717 -0.465347 0.228017
1.8057 -0.471022 0.228017
1.80421 -0.476693 0.228017
1.8027 -0.482358 0.228017
1.80118 -0.488019 0.228017
1.79955 -0.49399 0.228017
1.80755 -0.502298 0.22923
1.80597 -0.507974 0.22923
1.80436 -0.513646 0.22923
1.7932 -0.516564 0.228017
1.78204 -0.519417 0.226804
1.79944 -0.530628 0.22923
1.78825 -0.533441 0.228017
1.79607 -0.541924 0.22923
1.76588 -0.538872 0.225591
1.78305 -0.550582 0.228017
1.78131 -0.556181 0.228017
1.77955 -0.561775 0.228017
1.79669 -0.573398 0.230443
1.79488 -0.57904 0.230443
1.79306 -0.584676 0.230443
1.78178 -0.587199 0.22923
1.77051 -0.589657 0.228017
1.76865 -0.595217 0.228017
1.79497 -0.610357 0.231655
1.76488 -0.606318 0.228017
1.74421 -0.60535 0.225591
1.78902 -0.627559 0.231655
1.78704 -0.633176 0.231655
1.79439 -0.642132 0.232868
1.79236 -0.647766 0.232868
1.79032 -0.653393 0.232868
1.79757 -0.662447 0.234081
1.78618 -0.664629 0.232868
1.79338 -0.673728 0.234081
1.79125 -0.679359 0.234081
1.78911 -0.684983 0.234081
1.78683 -0.690912 0.234081
1.80314 -0.70374 0.236507
1.79168 -0.705763 0.235294
1.78024 -0.707722 0.234081
1.778 -0.713311 0.234081
1.78495 -0.722618 0.235294
1.77349 -0.724468 0.234081
1.75272 -0.722777 0.231655
1.77806 -0.739408 0.235294
1.77573 -0.744991 0.235294
1.77338 -0.750566 0.235294
1.77102 -0.756133 0.235294
1.7685 -0.762002 0.235294
1.7752 -0.771511 0.236507
1.76368 -0.773099 0.235294
1.7794 -0.786663 0.23772
1.77692 -0.792249 0.23772
1.76537 -0.793757 0.236507
1.75382 -0.7952 0.235294
1.76937 -0.808961 0.23772
1.76682 -0.814515 0.23772
1.76425 -0.820062 0.23772
1.72557 -0.809053 0.232868
1.76789 -0.83568 0.238932
1.77422 -0.8455 0.240145
1.77156 -0.85107 0.240145
1.76887 -0.856631 0.240145
1.76617 -0.862184 0.240145
1.75455 -0.863346 0.238932
1.76072 -0.873264 0.240145
1.75797 -0.878791 0.240145
1.75505 -0.884616 0.240145
1.76111 -0.894621 0.241358
1.75829 -0.900149 0.241358
1.75545 -0.905668 0.241358
1.7526 -0.911179 0.241358
1.75852 -0.921287 0.242571
1.76439 -0.931441 0.243784
1.7527 -0.932317 0.242571
1.74976 -0.937819 0.242571
1.72933 -0.933878 0.240145
1.73511 -0.944051 0.241358
1.74955 -0.95904 0.243784
1.74653 -0.964531 0.243784
1.75199 -0.975145 0.244997
1.74892 -0.980644 0.244997
1.74583 -0.986134 0.244997
1.75135 -0.996523 0.24621
1.7396 -0.997084 0.244997
1.73646 -1.00254 0.244997
1.74188 -1.01298 0.24621
1.73869 -1.01845 0.24621
1.7353 -1.02421 0.24621
1.74914 -1.0398 0.248635
1.74568 -1.0456 0.248635
1.74257 -1.05077 0.248635
1.75623 -1.06655 0.251061
1.7444 -1.06688 0.249848
1.73259 -1.06715 0.248635
1.73767 -1.07782 0.249848
1.75111 -1.09379 0.252274
1.74766 -1.09929 0.252274
1.74401 -1.10508 0.252274
1.74053 -1.11055 0.252274
1.74538 -1.12138 0.253487
1.75019 -1.13225 0.2547
1.74662 -1.13774 0.2547
1.74304 -1.14322 0.2547
1.73944 -1.14869 0.2547
1.74408 -1.15964 0.255912
1.74868 -1.17064 0.257125
1.73676 -1.17058 0.255912
1.74951 -1.18718 0.258338
1.73757 -1.18707 0.257125
1.7418 -1.19845 0.258338
1.73803 -1.20392 0.258338
1.73424 -1.20937 0.258338
1.73855 -1.22052 0.259551
1.73471 -1.22597 0.259551
1.72276 -1.22566 0.258338
1.72676 -1.23715 0.259551
1.72286 -1.24257 0.259551
1.71895 -1.24797 0.259551
1.73105 -1.26508 0.261977
1.72707 -1.27051 0.261977
1.72307 -1.27593 0.261977
1.72701 -1.28727 0.26319
1.72296 -1.29269 0.26319
1.71074 -1.29242 0.261977
1.67507 -1.27375 0.257125
1.80907 -0.352304 0.160115
1.77864 -0.35218 0.157519
1.81659 -0.365629 0.160981
1.81543 -0.371334 0.160981
1.82401 -0.379063 0.161846
1.81306 -0.382733 0.160981
1.81185 -0.388428 0.160981
1.81062 -0.394118 0.160981
1.80931 -0.40012 0.160981
1.80804 -0.405802 0.160981
1.80676 -0.41148 0.160981
1.80545 -0.417154 0.160981
1.80414 -0.422824 0.160981
1.81249 -0.430793 0.161846
1.80144 -0.434151 0.160981
1.80007 -0.439809 0.160981
1.79868 -0.445461 0.160981
1.80693 -0.453535 0.161846
1.8055 -0.45921 0.161846
1.80405 -0.46488 0.161846
1.81222 -0.473061 0.162712
1.81072 -0.478752 0.162712
1.79959 -0.481861 0.161846
1.79806 -0.487513 0.161846
1.80605 -0.496111 0.162712
1.79488 -0.499114 0.161846
1.80289 -0.507449 0.162712
1.80129 -0.513111 0.162712
1.79967 -0.518767 0.162712
1.78682 -0.527245 0.161846
1.81379 -0.541404 0.164443
1.81208 -0.5471 0.164443
1.7913 -0.546971 0.162712
1.80851 -0.55879 0.164443
1.80675 -0.564469 0.164443
1.80496 -0.570142 0.164443
1.81265 -0.57884 0.165308
1.81083 -0.584532 0.165308
1.81845 -0.593308 0.166174
1.7882 -0.589659 0.163577
1.81469 -0.604722 0.166174
1.80334 -0.607241 0.165308
1.80142 -0.612903 0.165308
1.79949 -0.61856 0.165308
1.77871 -0.617674 0.163577
1.72965 -0.607072 0.15925
1.78408 -0.632476 0.164443
1.78208 -0.638078 0.164443
1.78944 -0.647061 0.165308
1.7874 -0.652679 0.165308
1.78534 -0.658291 0.165308
1.78326 -0.663897 0.165308
1.78117 -0.669496 0.165308
1.78837 -0.678623 0.166174
1.79553 -0.687801 0.167039
1.78395 -0.690157 0.166174
1.79105 -0.699382 0.167039
1.77958 -0.701352 0.166174
1.77736 -0.70694 0.166174
1.77513 -0.71252 0.166174
1.78212 -0.721833 0.167039
1.77984 -0.727428 0.167039
1.77742 -0.733327 0.167039
1.77524 -0.738597 0.167039
1.7821 -0.748026 0.167905
1.77974 -0.753621 0.167905
1.77736 -0.759209 0.167905
1.78398 -0.769042 0.16877
1.78156 -0.774643 0.16877
1.78824 -0.784237 0.169636
1.78577 -0.789851 0.169636
1.80147 -0.803575 0.171367
1.7626 -0.792882 0.167905
1.77824 -0.806646 0.169636
1.78476 -0.816373 0.170501
1.78218 -0.821976 0.170501
1.78863 -0.831772 0.171367
1.78586 -0.837698 0.171367
1.7472 -0.826268 0.167905
1.78056 -0.848903 0.171367
1.76891 -0.850177 0.170501
1.75726 -0.851386 0.169636
1.76353 -0.861274 0.170501
1.76082 -0.86681 0.170501
1.75808 -0.872338 0.170501
1.76424 -0.882313 0.171367
1.76131 -0.888158 0.171367
1.76739 -0.898201 0.172232
1.76456 -0.903749 0.172232
1.77057 -0.913857 0.173098
1.76769 -0.919415 0.173098
1.77361 -0.929588 0.173963
1.76187 -0.930503 0.173098
1.75894 -0.936034 0.173098
1.75599 -0.941555 0.173098
1.75303 -0.947067 0.173098
1.75879 -0.957333 0.173963
1.76451 -0.967644 0.174829
1.77018 -0.978 0.175694
1.76693 -0.983865 0.175694
1.77252 -0.994285 0.17656
1.77806 -1.00475 0.177425
1.77489 -1.01033 0.177425
1.77171 -1.0159 0.177425
1.76851 -1.02146 0.177425
1.77391 -1.03202 0.178291
1.77065 -1.03759 0.178291
1.7672 -1.04346 0.178291
1.76392 -1.049 0.178291
1.7177 -1.02924 0.173963
1.75729 -1.06007 0.178291
1.76247 -1.07075 0.179156
1.7506 -1.07109 0.178291
1.74722 -1.07658 0.178291
1.74383 -1.08206 0.178291
1.74887 -1.09282 0.179156
1.74543 -1.09831 0.179156
1.75019 -1.10942 0.180022
1.7467 -1.11491 0.180022
1.74319 -1.1204 0.180022
1.74802 -1.13128 0.180887
1.74446 -1.13677 0.180887
1.74921 -1.14771 0.181753
1.73728 -1.1477 0.180887
1.74659 -1.16968 0.182618
1.75117 -1.18073 0.183484
1.76394 -1.19742 0.185215
1.76017 -1.20296 0.185215
1.74796 -1.20314 0.184349
1.75236 -1.2143 0.185215
1.74037 -1.2141 0.184349
1.7447 -1.22529 0.185215
1.74084 -1.23076 0.185215
1.74508 -1.242 0.18608
1.72476 -1.23617 0.184349
1.73703 -1.25324 0.18608
1.72502 -1.25284 0.185215
1.7452 -1.27589 0.187811
1.73316 -1.27546 0.186946
1.72915 -1.2809 0.186946
1.74109 -1.29824 0.188677
1.74497 -1.30968 0.189542
1.73267 -1.30945 0.188677
1.82319 -0.355383 0.096359
1.82206 -0.361109 0.096359
1.81113 -0.364859 0.095841
1.80998 -0.370547 0.095841
1.8088 -0.376231 0.095841
1.80761 -0.381912 0.095841
1.8064 -0.387589 0.095841
1.81486 -0.395704 0.096359
1.81361 -0.401404 0.096359
1.8026 -0.404911 0.095841
1.81105 -0.412791 0.096359
1.78056 -0.411729 0.094805
1.82787 -0.428723 0.097395
1.83623 -0.436774 0.097914
1.81543 -0.437858 0.096877
1.83345 -0.448303 0.097914
1.82234 -0.451658 0.097395
1.8306 -0.459814 0.097914
1.82914 -0.465563 0.097914
1.82767 -0.471307 0.097914
1.83584 -0.47957 0.098432
1.82467 -0.482781 0.097914
1.8328 -0.491096 0.098432
1.83116 -0.497171 0.098432
1.82958 -0.502921 0.098432
1.828 -0.508667 0.098432
1.836 -0.517114 0.09895
1.81516 -0.517404 0.097914
1.80393 -0.520337 0.097395
1.80229 -0.526001 0.097395
1.81978 -0.537317 0.098432
1.79895 -0.537315 0.097395
1.79725 -0.542964 0.097395
1.79544 -0.548921 0.097395
1.7937 -0.554558 0.097395
1.79195 -0.560191 0.097395
1.79971 -0.568827 0.097914
1.79791 -0.574479 0.097914
1.78659 -0.577055 0.097395
1.79427 -0.585764 0.097914
1.8019 -0.594527 0.098432
1.78108 -0.593867 0.097395
1.78867 -0.602648 0.097914
1.79622 -0.611483 0.098432
1.78484 -0.613875 0.097914
1.7828 -0.61979 0.097914
1.78084 -0.625388 0.097914
1.80711 -0.640995 0.099468
1.81448 -0.650037 0.099986
1.83122 -0.662529 0.101022
1.82913 -0.668279 0.101022
1.81765 -0.670565 0.100504
1.81553 -0.676272 0.100504
1.82274 -0.685488 0.101022
1.82992 -0.694756 0.10154
1.80896 -0.693669 0.100504
1.82539 -0.706558 0.10154
1.82317 -0.712289 0.10154
1.82092 -0.718013 0.10154
1.82793 -0.727423 0.102058
1.82564 -0.733162 0.102058
1.83258 -0.742644 0.102576
1.78402 -0.729499 0.099986
1.79082 -0.739222 0.100504
1.78862 -0.744532 0.100504
1.78628 -0.750147 0.100504
1.78391 -0.755755 0.100504
1.78139 -0.761667 0.100504
1.78816 -0.771214 0.101022
1.77657 -0.772844 0.100504
1.77414 -0.778422 0.100504
1.77168 -0.783992 0.100504
1.77833 -0.793624 0.101022
1.77583 -0.799206 0.101022
1.7824 -0.808909 0.10154
1.77077 -0.810348 0.101022
1.77728 -0.820092 0.10154
1.77455 -0.825981 0.10154
1.76291 -0.827309 0.101022
1.75128 -0.828572 0.100504
1.76669 -0.842669 0.10154
1.80904 -0.869853 0.10413
1.81528 -0.879888 0.104648
1.81251 -0.885586 0.104648
1.80076 -0.886864 0.10413
1.81585 -0.901397 0.105166
1.81301 -0.907098 0.105166
1.80999 -0.913105 0.105166
1.80712 -0.918786 0.105166
1.80422 -0.924459 0.105166
1.81018 -0.934705 0.105684
1.79838 -0.935777 0.105166
1.80427 -0.94606 0.105684
1.81895 -0.961054 0.106721
1.75422 -0.933912 0.103094
1.76888 -0.94886 0.10413
1.76589 -0.954413 0.10413
1.77165 -0.964732 0.104648
1.76861 -0.970293 0.104648
1.76538 -0.976152 0.104648
1.77103 -0.986553 0.105166
1.76792 -0.992112 0.105166
1.7648 -0.997662 0.105166
1.76165 -1.0032 0.105166
1.75849 -1.00873 0.105166
1.75532 -1.01425 0.105166
1.76075 -1.02478 0.105684
1.75734 -1.03062 0.105684
1.7541 -1.03613 0.105684
1.74207 -1.03683 0.105166
1.73024 -1.03717 0.104648
1.75281 -1.05778 0.106202
1.77508 -1.07884 0.107757
1.78871 -1.09484 0.108793
1.77676 -1.09521 0.108275
1.7818 -1.10605 0.108793
1.77832 -1.11165 0.108793
1.79152 -1.12818 0.109829
1.77953 -1.12846 0.109311
1.79281 -1.14479 0.110347
1.78081 -1.14502 0.109829
1.76882 -1.14518 0.109311
1.76521 -1.15073 0.109311
1.75324 -1.15079 0.108793
1.74128 -1.15078 0.108275
1.74598 -1.16178 0.108793
1.73402 -1.1617 0.108275
1.73864 -1.17273 0.108793
1.74321 -1.18379 0.109311
1.73927 -1.18957 0.109311
1.73553 -1.19503 0.109311
1.73997 -1.20616 0.109829
1.74436 -1.21734 0.110347
1.74053 -1.22281 0.110347
1.72853 -1.22251 0.109829
1.7326 -1.23403 0.110347
1.72871 -1.23946 0.110347
1.72481 -1.24489 0.110347
1.72897 -1.25617 0.110865
1.73308 -1.26749 0.111383
1.72909 -1.27293 0.111383
1.72508 -1.27836 0.111383
1.73706 -1.29571 0.112419
1.72477 -1.29547 0.111901
1.70071 -1.29418 0.110865
1.89515 -0.363577 0.033168
1.78605 -0.348468 0.031277
1.83399 -0.363805 0.032137
1.83284 -0.369565 0.032137
1.83167 -0.375321 0.032137
1.83048 -0.381073 0.032137
1.82927 -0.386822 0.032137
1.83782 -0.394666 0.032309
1.82674 -0.398627 0.032137
1.82547 -0.404364 0.032137
1.8242 -0.410097 0.032137
1.8229 -0.415825 0.032137
1.83132 -0.423804 0.032309
1.82025 -0.427271 0.032137
1.8189 -0.432987 0.032137
1.81753 -0.438699 0.032137
1.81614 -0.444407 0.032137
1.81474 -0.45011 0.032137
1.82301 -0.458247 0.032309
1.81187 -0.461504 0.032137
1.82009 -0.469692 0.032309
1.81861 -0.475408 0.032309
1.81711 -0.481119 0.032309
1.80593 -0.484235 0.032137
1.81396 -0.492843 0.032309
1.81241 -0.498539 0.032309
1.81083 -0.504231 0.032309
1.80924 -0.509917 0.032309
1.80763 -0.515598 0.032309
1.806 -0.521275 0.032309
1.81395 -0.529749 0.03248
1.81228 -0.535445 0.03248
1.82017 -0.543999 0.032652
1.82802 -0.552607 0.032824
1.81661 -0.555741 0.032652
1.82441 -0.564401 0.032824
1.83217 -0.573114 0.032996
1.82083 -0.575852 0.032824
1.82853 -0.584615 0.032996
1.82669 -0.590356 0.032996
1.82483 -0.596092 0.032996
1.83244 -0.604957 0.033168
1.82104 -0.607546 0.032996
1.8286 -0.616458 0.033168
1.82666 -0.6222 0.033168
1.8436 -0.634442 0.033512
1.78482 -0.620843 0.03248
1.81116 -0.636391 0.032996
1.80916 -0.642078 0.032996
1.80713 -0.647758 0.032996
1.80509 -0.653432 0.032996
1.79363 -0.655667 0.032824
1.80095 -0.664761 0.032996
1.79885 -0.670415 0.032996
1.79673 -0.676063 0.032996
1.7946 -0.681705 0.032996
1.80166 -0.691234 0.033168
1.79016 -0.693279 0.032996
1.79729 -0.70254 0.033168
1.80437 -0.711852 0.03334
1.80213 -0.717517 0.03334
1.79986 -0.723175 0.03334
1.78832 -0.725069 0.033168
1.79528 -0.73447 0.03334
1.79284 -0.740419 0.03334
1.79063 -0.745735 0.03334
1.7975 -0.75523 0.033512
1.79512 -0.760873 0.033512
1.80178 -0.770754 0.033683
1.79935 -0.776411 0.033683
1.7969 -0.78206 0.033683
1.79443 -0.787701 0.033683
1.79195 -0.793335 0.033683
1.78945 -0.79896 0.033683
1.78693 -0.804578 0.033683
1.78439 -0.810188 0.033683
1.77275 -0.811628 0.033512
1.77927 -0.821384 0.033683
1.7856 -0.8315 0.033855
1.78298 -0.837106 0.033855
1.78938 -0.846981 0.034027
1.79573 -0.856904 0.034199
1.78402 -0.858207 0.034027
1.79031 -0.86817 0.034199
1.77859 -0.869399 0.034027
1.78482 -0.879402 0.034199
1.78205 -0.885004 0.034199
1.77926 -0.890599 0.034199
1.7763 -0.896494 0.034199
1.7913 -0.911136 0.034543
1.77953 -0.912198 0.034371
1.78553 -0.922373 0.034543
1.77376 -0.923361 0.034371
1.7797 -0.933573 0.034543
1.77676 -0.93916 0.034543
1.7738 -0.944737 0.034543
1.77964 -0.955033 0.034715
1.76783 -0.955863 0.034543
1.76482 -0.961413 0.034543
1.77056 -0.971763 0.034715
1.76733 -0.977629 0.034715
1.77298 -0.988043 0.034886
1.76115 -0.988714 0.034715
1.77544 -1.00409 0.035058
1.76359 -1.00471 0.034886
1.76909 -1.01522 0.035058
1.7659 -1.02077 0.035058
1.76268 -1.02632 0.035058
1.76789 -1.03722 0.03523
1.76462 -1.04277 0.03523
1.76116 -1.04861 0.03523
1.76643 -1.05928 0.035402
1.76328 -1.06452 0.035402
1.75993 -1.07005 0.035402
1.75655 -1.07557 0.035402
1.76168 -1.08634 0.035574
1.75826 -1.09186 0.035574
1.7633 -1.10268 0.035746
1.75963 -1.10853 0.035746
1.75614 -1.11405 0.035746
1.75263 -1.11956 0.035746
1.75751 -1.13047 0.035918
1.75395 -1.13599 0.035918
1.75875 -1.14695 0.036089
1.75514 -1.15247 0.036089
1.75985 -1.16349 0.036261
1.76451 -1.17456 0.036433
1.76081 -1.18009 0.036433
1.75709 -1.18562 0.036433
1.75336 -1.19114 0.036433
1.75765 -1.20259 0.036605
1.75387 -1.2081 0.036605
1.75828 -1.21931 0.036777
1.75444 -1.22482 0.036777
1.75058 -1.23033 0.036777
1.74671 -1.23582 0.036777
1.75074 -1.24741 0.036949
1.74682 -1.2529 0.036949
1.75098 -1.26424 0.03712
1.747 -1.26973 0.03712
1.743 -1.27522 0.03712
1.73898 -1.28068 0.03712
1.74299 -1.2921 0.037292
1.74693 -1.30354 0.037464
1.7346 -1.30333 0.037292
1.7305 -1.30877 0.037292
