2.05515 -0.413272 -0.560759
2.03491 -0.415858 -0.555591
2.0336 -0.422249 -0.555591
2.04171 -0.430629 -0.558175
2.03098 -0.434663 -0.555591
2.02017 -0.43899 -0.553007
2.01878 -0.445335 -0.553007
2.02679 -0.453785 -0.555591
2.02528 -0.460504 -0.555591
2.04265 -0.471207 -0.560759
2.04116 -0.477622 -0.560759
2.04905 -0.486263 -0.563343
2.0382 -0.490082 -0.560759
2.03665 -0.496482 -0.560759
2.0257 -0.500561 -0.558175
2.02412 -0.506922 -0.558175
2.03188 -0.515655 -0.560759
2.0209 -0.51963 -0.558175
2.00991 -0.523541 -0.555591
2.00825 -0.529853 -0.555591
1.96924 -0.526184 -0.545254
1.94893 -0.527322 -0.540086
1.94727 -0.533442 -0.540086
1.94558 -0.539557 -0.540086
1.93457 -0.543056 -0.537502
1.93286 -0.549131 -0.537502
1.93113 -0.555201 -0.537502
1.92009 -0.558566 -0.534918
1.90906 -0.561868 -0.532334
1.91655 -0.570619 -0.534918
1.9055 -0.573852 -0.532334
1.91293 -0.58265 -0.534918
1.89262 -0.582969 -0.52975
1.89078 -0.588912 -0.52975
1.87971 -0.591948 -0.527165
1.89625 -0.603711 -0.532334
1.87595 -0.603746 -0.527165
1.9016 -0.618602 -0.534918
1.918 -0.630608 -0.540086
1.91601 -0.63663 -0.540086
1.90485 -0.639571 -0.537502
1.90283 -0.645553 -0.537502
1.89165 -0.648395 -0.534918
1.89873 -0.657496 -0.537502
1.8693 -0.653888 -0.52975
1.88546 -0.666194 -0.534918
1.88336 -0.672114 -0.534918
1.87215 -0.674752 -0.532334
1.87002 -0.68063 -0.532334
1.8588 -0.683169 -0.52975
1.84759 -0.685645 -0.527165
1.81829 -0.681277 -0.519413
1.8071 -0.683568 -0.516829
1.79592 -0.685796 -0.514245
1.79376 -0.691435 -0.514245
1.79158 -0.697066 -0.514245
1.78938 -0.702691 -0.514245
1.78716 -0.708309 -0.514245
1.77596 -0.710333 -0.511661
1.78268 -0.719524 -0.514245
1.77146 -0.721478 -0.511661
1.76918 -0.727039 -0.511661
1.76689 -0.732594 -0.511661
1.76458 -0.738141 -0.511661
1.75336 -0.739925 -0.509076
1.75102 -0.745429 -0.509076
1.74867 -0.750927 -0.509076
1.7463 -0.756417 -0.509076
1.74392 -0.761899 -0.509076
1.76804 -0.77906 -0.516829
1.76558 -0.784611 -0.516829
1.77192 -0.794104 -0.519413
1.75181 -0.79171 -0.514245
1.74932 -0.79721 -0.514245
1.75558 -0.806735 -0.516829
1.7618 -0.816308 -0.519413
1.74173 -0.813661 -0.514245
1.73916 -0.819129 -0.514245
1.73658 -0.824588 -0.514245
1.74269 -0.834211 -0.516829
1.72266 -0.831285 -0.511661
1.72004 -0.836693 -0.511661
1.72608 -0.846345 -0.514245
1.68877 -0.834643 -0.503908
1.67749 -0.835637 -0.501324
1.66623 -0.836568 -0.49874
1.66359 -0.841798 -0.49874
1.66954 -0.851409 -0.501324
1.64968 -0.847819 -0.496156
1.65558 -0.85744 -0.49874
1.65288 -0.862637 -0.49874
1.65016 -0.867825 -0.49874
1.63889 -0.868482 -0.496156
1.63616 -0.873626 -0.496156
1.6334 -0.878762 -0.496156
1.63064 -0.883889 -0.496156
1.61937 -0.884377 -0.493572
1.61659 -0.88946 -0.493572
1.62223 -0.899218 -0.496156
1.6194 -0.90431 -0.496156
1.60813 -0.904656 -0.493572
1.58847 -0.900178 -0.488403
1.59403 -0.909953 -0.490987
1.59116 -0.914957 -0.490987
1.57992 -0.915109 -0.488403
1.57703 -0.920068 -0.488403
1.57414 -0.925018 -0.488403
1.57954 -0.934879 -0.490987
1.56829 -0.93489 -0.488403
1.56535 -0.939812 -0.488403
1.56239 -0.944726 -0.488403
1.56766 -0.954654 -0.490987
1.56466 -0.959574 -0.490987
1.55341 -0.959409 -0.488403
1.55039 -0.964284 -0.488403
1.53917 -0.964022 -0.485819
1.5443 -0.974006 -0.488403
1.53308 -0.973674 -0.485819
1.53001 -0.978485 -0.485819
1.53506 -0.988518 -0.488403
1.53194 -0.993335 -0.488403
1.55308 -1.01399 -0.496156
1.55796 -1.02417 -0.49874
1.55473 -1.02906 -0.49874
1.53542 -1.02322 -0.493572
1.53219 -1.02804 -0.493572
1.54497 -1.04366 -0.49874
1.54168 -1.04851 -0.49874
1.53041 -1.04789 -0.496156
1.52711 -1.0527 -0.496156
1.51586 -1.05198 -0.493572
1.52047 -1.06227 -0.496156
1.50922 -1.06148 -0.493572
1.50588 -1.06622 -0.493572
1.50252 -1.07095 -0.493572
1.4913 -1.07003 -0.490987
1.4566 -1.05208 -0.480651
1.45329 -1.05665 -0.480651
1.44997 -1.06121 -0.480651
1.44662 -1.06576 -0.480651
1.44327 -1.0703 -0.480651
1.4399 -1.07483 -0.480651
1.42879 -1.07355 -0.478067
1.42541 -1.07803 -0.478067
1.40665 -1.0708 -0.472898
1.42628 -1.09284 -0.480651
2.08364 -0.412572 -0.490534
2.03457 -0.409503 -0.479283
2.03328 -0.415893 -0.479283
2.05104 -0.426244 -0.483784
2.03063 -0.42866 -0.479283
2.02934 -0.434683 -0.479283
2.02797 -0.441056 -0.479283
2.03609 -0.449526 -0.481534
2.02516 -0.45379 -0.479283
2.01414 -0.458341 -0.477033
2.01269 -0.464666 -0.477033
2.01122 -0.470987 -0.477033
2.00973 -0.477303 -0.477033
1.99883 -0.480984 -0.474783
1.99731 -0.487262 -0.474783
2.00523 -0.495873 -0.477033
1.98476 -0.497433 -0.472533
1.97374 -0.501267 -0.470283
1.9816 -0.509893 -0.472533
1.97055 -0.513659 -0.470283
1.96893 -0.519847 -0.470283
1.95788 -0.523513 -0.468033
1.96563 -0.532207 -0.470283
1.97334 -0.540956 -0.472533
1.98102 -0.549758 -0.474783
1.97929 -0.555979 -0.474783
1.96816 -0.55953 -0.472533
1.98512 -0.571098 -0.477033
1.9646 -0.571885 -0.472533
1.9628 -0.578054 -0.472533
1.97031 -0.587 -0.474783
1.9498 -0.587564 -0.470283
1.95726 -0.596527 -0.472533
1.94606 -0.599803 -0.470283
1.93487 -0.603015 -0.468033
1.93297 -0.609091 -0.468033
1.85677 -0.5915 -0.450031
1.88273 -0.606291 -0.456782
1.88081 -0.612202 -0.456782
1.87888 -0.618108 -0.456782
1.87693 -0.624008 -0.456782
1.86572 -0.626798 -0.454532
1.86374 -0.632656 -0.454532
1.86175 -0.638508 -0.454532
1.85053 -0.641164 -0.452282
1.8485 -0.646975 -0.452282
1.84646 -0.652779 -0.452282
1.85358 -0.661853 -0.454532
1.85149 -0.667673 -0.454532
1.84938 -0.673486 -0.454532
1.83811 -0.67593 -0.452282
1.81771 -0.674918 -0.447781
1.83383 -0.687466 -0.452282
1.80432 -0.682877 -0.445531
1.82947 -0.698974 -0.452282
1.83636 -0.708224 -0.454532
1.83413 -0.71399 -0.454532
1.83187 -0.719748 -0.454532
1.81149 -0.718317 -0.450031
1.81827 -0.727624 -0.452282
1.81597 -0.733333 -0.452282
1.80464 -0.735357 -0.450031
1.82034 -0.748433 -0.454532
1.79098 -0.742948 -0.447781
1.80662 -0.756095 -0.452282
1.78628 -0.754187 -0.447781
1.79287 -0.763613 -0.450031
1.77255 -0.761549 -0.445531
1.73439 -0.751617 -0.43653
1.74095 -0.760964 -0.438781
1.73855 -0.76643 -0.438781
1.72723 -0.767929 -0.43653
1.7337 -0.777338 -0.438781
1.72237 -0.778767 -0.43653
1.72878 -0.788216 -0.438781
1.71744 -0.789573 -0.43653
1.71495 -0.794965 -0.43653
1.70362 -0.796223 -0.43428
1.71874 -0.809877 -0.438781
1.70739 -0.811092 -0.43653
1.70483 -0.816452 -0.43653
1.69348 -0.817568 -0.43428
1.68214 -0.81862 -0.43203
1.67956 -0.823901 -0.43203
1.66823 -0.824855 -0.42978
1.67436 -0.834438 -0.43203
1.68043 -0.844067 -0.43428
1.71254 -0.866945 -0.443281
1.70113 -0.867893 -0.441031
1.6984 -0.873233 -0.441031
1.69565 -0.878564 -0.441031
1.69288 -0.883887 -0.441031
1.68147 -0.884664 -0.438781
1.67868 -0.889942 -0.438781
1.68447 -0.899802 -0.441031
1.67306 -0.900472 -0.438781
1.67022 -0.905724 -0.438781
1.65882 -0.906295 -0.43653
1.65596 -0.911502 -0.43653
1.65309 -0.916699 -0.43653
1.6502 -0.921888 -0.43653
1.61333 -0.907953 -0.42753
1.58504 -0.898601 -0.420779
1.59913 -0.91324 -0.42528
1.6047 -0.923118 -0.42753
1.59336 -0.92327 -0.42528
1.59046 -0.928271 -0.42528
1.57913 -0.928325 -0.423029
1.57621 -0.933281 -0.423029
1.57327 -0.938228 -0.423029
1.57031 -0.943166 -0.423029
1.57568 -0.953138 -0.42528
1.56436 -0.953014 -0.423029
1.56135 -0.957924 -0.423029
1.56663 -0.967946 -0.42528
1.56358 -0.972863 -0.42528
1.55226 -0.972597 -0.423029
1.54095 -0.972269 -0.420779
1.53789 -0.977105 -0.420779
1.53481 -0.981932 -0.420779
1.53991 -0.992026 -0.423029
1.52861 -0.991556 -0.420779
1.54997 -1.01234 -0.42753
1.54678 -1.0172 -0.42753
1.54357 -1.02206 -0.42753
1.53225 -1.0215 -0.42528
1.54521 -1.03717 -0.42978
1.53387 -1.03656 -0.42753
1.53061 -1.04137 -0.42753
1.52733 -1.04618 -0.42753
1.52403 -1.05097 -0.42753
1.52073 -1.05575 -0.42753
1.5174 -1.06052 -0.42753
1.51406 -1.06529 -0.42753
1.50276 -1.0644 -0.42528
1.49941 -1.06912 -0.42528
1.49604 -1.07383 -0.42528
1.46107 -1.0557 -0.416279
1.44986 -1.05455 -0.414029
1.45441 -1.06485 -0.416279
1.4589 -1.0752 -0.418529
1.44769 -1.07397 -0.416279
1.44431 -1.07851 -0.416279
1.44091 -1.08305 -0.416279
1.41419 -1.06993 -0.409529
1.41082 -1.07437 -0.409529
1.42291 -1.09065 -0.414029
2.04802 -0.419281 -0.408302
2.08513 -0.433708 -0.41597
2.08376 -0.440256 -0.41597
2.06325 -0.442322 -0.412136
2.06185 -0.448802 -0.412136
2.05084 -0.45316 -0.410219
2.04941 -0.4596 -0.410219
2.04788 -0.466394 -0.410219
2.0464 -0.472825 -0.410219
2.0449 -0.479252 -0.410219
2.02429 -0.481135 -0.406385
2.01331 -0.484841 -0.404469
2.03085 -0.495819 -0.408302
2.01023 -0.497481 -0.404469
2.00866 -0.503794 -0.404469
2.01658 -0.512519 -0.406385
1.99595 -0.513957 -0.402552
1.99432 -0.520225 -0.402552
1.99268 -0.526488 -0.402552
1.98153 -0.530209 -0.400635
1.97986 -0.536431 -0.400635
1.97816 -0.542648 -0.400635
1.99536 -0.554113 -0.404469
1.97471 -0.555067 -0.400635
1.96352 -0.558582 -0.398718
1.95232 -0.562033 -0.396801
1.95055 -0.568164 -0.396801
1.92992 -0.56874 -0.392967
1.93753 -0.577604 -0.394884
1.94511 -0.586522 -0.396801
1.93387 -0.589767 -0.394884
1.93201 -0.595839 -0.394884
1.93012 -0.601906 -0.394884
1.91886 -0.605015 -0.392967
1.9076 -0.60806 -0.39105
1.92437 -0.62007 -0.394884
1.92241 -0.626112 -0.394884
1.92043 -0.632149 -0.394884
1.8905 -0.628885 -0.389133
1.89781 -0.637948 -0.39105
1.87722 -0.637594 -0.387216
1.88449 -0.646674 -0.389133
1.88244 -0.652591 -0.389133
1.88965 -0.661746 -0.39105
1.8598 -0.65786 -0.385299
1.86697 -0.667002 -0.387216
1.8741 -0.676194 -0.389133
1.86274 -0.678719 -0.387216
1.85139 -0.681178 -0.385299
1.81244 -0.67332 -0.377632
1.82869 -0.685904 -0.381466
1.83571 -0.695121 -0.383382
1.84268 -0.704389 -0.385299
1.84962 -0.713708 -0.387216
1.83822 -0.715953 -0.385299
1.81769 -0.714543 -0.381466
1.81544 -0.72025 -0.381466
1.80406 -0.722302 -0.379549
1.81998 -0.735319 -0.383382
1.80857 -0.737328 -0.381466
1.79717 -0.739272 -0.379549
1.79484 -0.744915 -0.379549
1.78344 -0.746759 -0.377632
1.78108 -0.752358 -0.377632
1.78774 -0.761797 -0.379549
1.75829 -0.755783 -0.373798
1.7559 -0.761303 -0.373798
1.76249 -0.770748 -0.375715
1.76904 -0.780241 -0.377632
1.75762 -0.781806 -0.375715
1.75515 -0.787324 -0.375715
1.74373 -0.788789 -0.373798
1.73231 -0.79019 -0.371881
1.73874 -0.79973 -0.373798
1.72731 -0.801059 -0.371881
1.74257 -0.814796 -0.375715
1.71337 -0.807711 -0.369964
1.73741 -0.825729 -0.375715
1.71711 -0.822701 -0.371881
1.72336 -0.83236 -0.373798
1.70308 -0.829178 -0.369964
1.7269 -0.847496 -0.375715
1.68904 -0.83551 -0.368047
1.68641 -0.840813 -0.368047
1.7013 -0.85492 -0.371881
1.6986 -0.860261 -0.371881
1.69589 -0.865593 -0.371881
1.68444 -0.866427 -0.369964
1.68171 -0.871714 -0.369964
1.68766 -0.881537 -0.371881
1.6762 -0.882264 -0.369964
1.67342 -0.887525 -0.369964
1.67062 -0.892778 -0.369964
1.66781 -0.898022 -0.369964
1.65635 -0.898577 -0.368047
1.65352 -0.903776 -0.368047
1.65067 -0.908966 -0.368047
1.65639 -0.918909 -0.369964
1.64493 -0.91932 -0.368047
1.63348 -0.919668 -0.36613
1.62205 -0.919953 -0.364213
1.61915 -0.925045 -0.364213
1.59922 -0.920336 -0.36038
1.6218 -0.940122 -0.36613
1.60188 -0.935315 -0.362296
1.6074 -0.945318 -0.364213
1.57909 -0.935357 -0.358463
1.60143 -0.955399 -0.364213
1.59 -0.95537 -0.362296
1.58699 -0.960361 -0.362296
1.58397 -0.965341 -0.362296
1.5642 -0.960045 -0.358463
1.56952 -0.970115 -0.36038
1.5498 -0.964668 -0.356546
1.55508 -0.974744 -0.358463
1.56031 -0.984864 -0.36038
1.54893 -0.984496 -0.358463
1.52929 -0.978776 -0.354629
1.55921 -1.00484 -0.362296
1.57251 -1.02042 -0.36613
1.5693 -1.02536 -0.36613
1.56607 -1.03028 -0.36613
1.55464 -1.02978 -0.364213
1.55956 -1.0401 -0.36613
1.54814 -1.03952 -0.364213
1.553 -1.04988 -0.36613
1.54158 -1.04923 -0.364213
1.53828 -1.05407 -0.364213
1.53496 -1.05889 -0.364213
1.53162 -1.06371 -0.364213
1.52827 -1.06852 -0.364213
1.52491 -1.07332 -0.364213
1.52153 -1.0781 -0.364213
1.51014 -1.07718 -0.362296
1.50675 -1.08191 -0.362296
1.48744 -1.07514 -0.358463
1.48405 -1.07981 -0.358463
1.47274 -1.07867 -0.356546
1.46934 -1.08329 -0.356546
1.45805 -1.08205 -0.354629
1.4625 -1.0925 -0.356546
1.45122 -1.09119 -0.354629
1.43996 -1.08982 -0.352712
1.42091 -1.08245 -0.348878
2.00269 -0.410365 -0.325172
2.0594 -0.428731 -0.334597
2.06771 -0.437242 -0.336168
2.04709 -0.439231 -0.333026
2.0457 -0.44566 -0.333026
2.05393 -0.454217 -0.334597
2.04286 -0.458505 -0.333026
2.07984 -0.474056 -0.33931
2.09759 -0.485037 -0.342451
2.07682 -0.487114 -0.33931
2.08489 -0.495922 -0.34088
2.045 -0.49285 -0.334597
2.06263 -0.50396 -0.337739
2.08021 -0.515186 -0.34088
2.05943 -0.51691 -0.337739
2.05779 -0.523377 -0.337739
2.05614 -0.529839 -0.337739
2.06402 -0.538791 -0.33931
2.01458 -0.53265 -0.331455
2.00335 -0.536422 -0.329884
1.99213 -0.540129 -0.328313
1.97137 -0.541156 -0.325172
1.97918 -0.549991 -0.326743
1.93941 -0.54551 -0.320459
1.94719 -0.554304 -0.32203
1.95493 -0.563152 -0.323601
1.96263 -0.572055 -0.325172
1.94188 -0.572631 -0.32203
1.93061 -0.575906 -0.320459
1.93824 -0.584821 -0.32203
1.92695 -0.588024 -0.320459
1.92509 -0.594075 -0.320459
1.92322 -0.60012 -0.320459
1.92132 -0.606159 -0.320459
1.92882 -0.615193 -0.32203
1.94567 -0.627311 -0.325172
1.95308 -0.63648 -0.326743
1.95107 -0.642613 -0.326743
1.93967 -0.64562 -0.325172
1.95636 -0.658007 -0.328313
1.90753 -0.648261 -0.320459
1.9335 -0.663872 -0.325172
1.95007 -0.676416 -0.328313
1.92929 -0.676007 -0.325172
1.91785 -0.67877 -0.323601
1.92501 -0.688116 -0.325172
1.91355 -0.690807 -0.323601
1.90209 -0.693432 -0.32203
1.88137 -0.692581 -0.318888
1.8329 -0.681284 -0.311034
1.85849 -0.697449 -0.315746
1.83782 -0.696286 -0.312605
1.85407 -0.709112 -0.315746
1.8334 -0.707819 -0.312605
1.82197 -0.70999 -0.311034
1.81973 -0.71571 -0.311034
1.80829 -0.71778 -0.309463
1.80603 -0.723457 -0.309463
1.79459 -0.725426 -0.307892
1.7923 -0.731061 -0.307892
1.79913 -0.740446 -0.309463
1.78768 -0.742308 -0.307892
1.78533 -0.74792 -0.307892
1.79207 -0.75737 -0.309463
1.77152 -0.75525 -0.306321
1.78728 -0.768615 -0.309463
1.79392 -0.778156 -0.311034
1.8186 -0.795663 -0.315746
1.8161 -0.801373 -0.315746
1.81357 -0.807074 -0.315746
1.81103 -0.812768 -0.315746
1.79947 -0.814381 -0.314176
1.77893 -0.81183 -0.311034
1.79431 -0.825671 -0.314176
1.78275 -0.827148 -0.312605
1.7712 -0.82856 -0.311034
1.77752 -0.838333 -0.312605
1.77488 -0.843913 -0.312605
1.78112 -0.853753 -0.314176
1.76954 -0.855048 -0.312605
1.73133 -0.843304 -0.306321
1.71094 -0.840034 -0.303179
1.70829 -0.845405 -0.303179
1.69679 -0.84636 -0.301609
1.69413 -0.851686 -0.301609
1.69144 -0.857004 -0.301609
1.67995 -0.857823 -0.300038
1.67724 -0.863096 -0.300038
1.67452 -0.868361 -0.300038
1.67179 -0.873617 -0.300038
1.67777 -0.883466 -0.301609
1.65754 -0.879475 -0.298467
1.66348 -0.889334 -0.300038
1.66937 -0.89924 -0.301609
1.6405 -0.890347 -0.296896
1.64636 -0.900235 -0.298467
1.65217 -0.910168 -0.300038
1.64067 -0.910561 -0.298467
1.65504 -0.92535 -0.301609
1.63492 -0.920852 -0.298467
1.64919 -0.935731 -0.301609
1.63767 -0.936007 -0.300038
1.64328 -0.946074 -0.301609
1.66593 -0.966095 -0.306321
1.65436 -0.966343 -0.30475
1.65132 -0.971535 -0.30475
1.65675 -0.981753 -0.306321
1.64518 -0.981892 -0.30475
1.61669 -0.971792 -0.300038
1.63898 -0.992209 -0.30475
1.62742 -0.992212 -0.303179
1.63271 -1.00249 -0.30475
1.62955 -1.00761 -0.30475
1.59285 -0.991845 -0.298467
1.61482 -1.01258 -0.303179
1.61163 -1.01765 -0.303179
1.6001 -1.01741 -0.301609
1.58026 -1.01178 -0.298467
1.56047 -1.00604 -0.295325
1.56559 -1.01631 -0.296896
1.55412 -1.01583 -0.295325
1.55917 -1.02613 -0.296896
1.54771 -1.02557 -0.295325
1.53626 -1.02495 -0.293754
1.54123 -1.03527 -0.295325
1.53797 -1.04011 -0.295325
1.5347 -1.04494 -0.295325
1.5314 -1.04975 -0.295325
1.51997 -1.04895 -0.293754
1.51667 -1.05372 -0.293754
1.52144 -1.06414 -0.295325
1.53424 -1.08028 -0.298467
1.50667 -1.06797 -0.293754
1.51135 -1.07843 -0.295325
1.49191 -1.07165 -0.292183
1.49654 -1.08212 -0.293754
1.48515 -1.081 -0.292183
1.48174 -1.08566 -0.292183
1.47038 -1.08445 -0.290612
1.46696 -1.08907 -0.290612
1.45562 -1.08776 -0.289041
1.44431 -1.08639 -0.287471
1.43301 -1.08496 -0.2859
1.4296 -1.08946 -0.2859
2.04307 -0.412326 -0.256624
2.02232 -0.414754 -0.25418
2.03072 -0.42313 -0.255402
2.01967 -0.427453 -0.25418
2.01839 -0.433443 -0.25418
2.01702 -0.439782 -0.25418
2.00594 -0.443972 -0.252958
2.01422 -0.452447 -0.25418
2.01271 -0.459124 -0.25418
2.01126 -0.465445 -0.25418
1.99046 -0.467225 -0.251736
1.99864 -0.475774 -0.252958
1.99722 -0.481702 -0.252958
1.97641 -0.483259 -0.250514
1.98452 -0.491854 -0.251736
1.97334 -0.495668 -0.250514
1.97177 -0.501865 -0.250514
1.97018 -0.508057 -0.250514
1.95897 -0.511735 -0.249292
1.94776 -0.515348 -0.24807
1.92696 -0.516327 -0.245626
1.93491 -0.524977 -0.246848
1.9811 -0.544198 -0.252958
1.98894 -0.553078 -0.25418
1.97764 -0.556635 -0.252958
1.97588 -0.562845 -0.252958
1.97411 -0.56905 -0.252958
1.97231 -0.575249 -0.252958
1.95145 -0.575824 -0.250514
1.94963 -0.581952 -0.250514
1.9478 -0.588074 -0.250514
1.94594 -0.594191 -0.250514
1.93458 -0.597373 -0.249292
1.95164 -0.609364 -0.251736
1.89293 -0.597565 -0.244404
1.88159 -0.600491 -0.243182
1.87969 -0.606399 -0.243182
1.86834 -0.609225 -0.24196
1.86642 -0.615091 -0.24196
1.87389 -0.624088 -0.243182
1.86252 -0.626806 -0.24196
1.86994 -0.63585 -0.243182
1.86793 -0.641721 -0.243182
1.85653 -0.644332 -0.24196
1.85449 -0.650161 -0.24196
1.84309 -0.652671 -0.240738
1.83168 -0.655115 -0.239516
1.82961 -0.660867 -0.239516
1.82753 -0.666611 -0.239516
1.81611 -0.668919 -0.238294
1.7954 -0.667702 -0.23585
1.80258 -0.676828 -0.237072
1.81901 -0.689523 -0.239516
1.84464 -0.705876 -0.243182
1.84241 -0.711668 -0.243182
1.83092 -0.713847 -0.24196
1.82867 -0.719595 -0.24196
1.83563 -0.729 -0.243182
1.82411 -0.731071 -0.24196
1.82181 -0.736798 -0.24196
1.81029 -0.738768 -0.240738
1.80797 -0.744451 -0.240738
1.80562 -0.750127 -0.240738
1.80325 -0.755796 -0.240738
1.81915 -0.769188 -0.243182
1.78934 -0.763217 -0.239516
1.73223 -0.745299 -0.232184
1.7663 -0.766543 -0.237072
1.72751 -0.756168 -0.232184
1.74329 -0.769609 -0.234628
1.73179 -0.771045 -0.233406
1.72031 -0.772416 -0.232184
1.71787 -0.777817 -0.232184
1.71542 -0.78321 -0.232184
1.71295 -0.788595 -0.232184
1.71047 -0.793972 -0.232184
1.70797 -0.799342 -0.232184
1.69647 -0.800469 -0.230962
1.69395 -0.805794 -0.230962
1.69141 -0.811112 -0.230962
1.67991 -0.812102 -0.22974
1.67735 -0.817376 -0.22974
1.66587 -0.818265 -0.228518
1.66329 -0.823495 -0.228518
1.66958 -0.833148 -0.22974
1.68468 -0.847308 -0.232184
1.69972 -0.861571 -0.234628
1.697 -0.866906 -0.234628
1.68545 -0.867691 -0.233406
1.69152 -0.877552 -0.234628
1.68876 -0.882862 -0.234628
1.68598 -0.888163 -0.234628
1.68318 -0.893455 -0.234628
1.69787 -0.9081 -0.237072
1.66006 -0.894596 -0.232184
1.67468 -0.909279 -0.234628
1.6544 -0.905009 -0.232184
1.65155 -0.910202 -0.232184
1.64868 -0.915386 -0.232184
1.65446 -0.925406 -0.233406
1.59102 -0.896493 -0.224852
1.59683 -0.906386 -0.226074
1.59397 -0.911398 -0.226074
1.5997 -0.921355 -0.227296
1.58821 -0.921396 -0.226074
1.58531 -0.926381 -0.226074
1.58239 -0.931357 -0.226074
1.588 -0.941384 -0.227296
1.57651 -0.94128 -0.226074
1.58205 -0.951343 -0.227296
1.57056 -0.951167 -0.226074
1.5591 -0.950929 -0.224852
1.5561 -0.955822 -0.224852
1.55309 -0.960706 -0.224852
1.54164 -0.960333 -0.22363
1.53861 -0.965171 -0.22363
1.53558 -0.97 -0.22363
1.53252 -0.974819 -0.22363
1.52945 -0.979629 -0.22363
1.52637 -0.984429 -0.22363
1.55656 -1.01084 -0.228518
1.53676 -1.00486 -0.226074
1.54189 -1.01514 -0.227296
1.53869 -1.01998 -0.227296
1.54374 -1.03032 -0.228518
1.54049 -1.03517 -0.228518
1.52901 -1.03444 -0.227296
1.55036 -1.056 -0.230962
1.49792 -1.02719 -0.22363
1.52736 -1.05444 -0.228518
1.50774 -1.04791 -0.226074
1.50444 -1.05264 -0.226074
1.50113 -1.05736 -0.226074
1.4978 -1.06207 -0.226074
1.48637 -1.061 -0.224852
1.48303 -1.06567 -0.224852
1.4636 -1.05869 -0.222408
1.46026 -1.06328 -0.222408
1.44891 -1.062 -0.221186
1.45355 -1.07244 -0.222408
1.44221 -1.07108 -0.221186
1.43884 -1.0756 -0.221186
1.42752 -1.07415 -0.219963
1.42414 -1.07863 -0.219963
1.41285 -1.07708 -0.218741
2.07125 -0.411622 -0.186757
2.05042 -0.414182 -0.184995
2.03935 -0.418619 -0.184114
2.02828 -0.42299 -0.183233
2.02694 -0.42936 -0.183233
2.03539 -0.437465 -0.184114
2.02428 -0.441734 -0.183233
2.01315 -0.445937 -0.182352
2.02146 -0.454444 -0.183233
2.01994 -0.461145 -0.183233
2.00878 -0.465241 -0.182352
1.99761 -0.469271 -0.181471
2.00582 -0.477853 -0.182352
1.99471 -0.481465 -0.181471
1.99319 -0.487729 -0.181471
1.98197 -0.491591 -0.18059
1.98042 -0.497815 -0.18059
1.97885 -0.504034 -0.18059
1.96761 -0.507759 -0.179709
1.97564 -0.516457 -0.18059
1.95475 -0.517562 -0.178828
1.95311 -0.523701 -0.178828
1.96107 -0.532444 -0.179709
1.94979 -0.535962 -0.178828
1.94809 -0.542085 -0.178828
1.93679 -0.545502 -0.177948
1.92549 -0.548853 -0.177067
1.92376 -0.5549 -0.177067
1.922 -0.560941 -0.177067
1.91068 -0.564155 -0.176186
1.89935 -0.567304 -0.175305
1.88802 -0.570388 -0.174424
1.89575 -0.579227 -0.175305
1.89392 -0.58518 -0.175305
1.87306 -0.585186 -0.173543
1.89021 -0.597068 -0.175305
1.88832 -0.603003 -0.175305
1.86746 -0.602813 -0.173543
1.8845 -0.614856 -0.175305
1.88255 -0.620773 -0.175305
1.90894 -0.636132 -0.177948
1.90694 -0.642126 -0.177948
1.91434 -0.651322 -0.178828
1.90287 -0.654095 -0.177948
1.9008 -0.660069 -0.177948
1.88932 -0.662741 -0.177067
1.88723 -0.668673 -0.177067
1.88512 -0.674598 -0.177067
1.87362 -0.677132 -0.176186
1.87148 -0.683014 -0.176186
1.86933 -0.68889 -0.176186
1.82048 -0.677391 -0.171781
1.80901 -0.679603 -0.1709
1.80687 -0.685283 -0.1709
1.79541 -0.687395 -0.170019
1.79324 -0.693032 -0.170019
1.79105 -0.698662 -0.170019
1.78885 -0.704285 -0.170019
1.79588 -0.71358 -0.1709
1.77514 -0.711804 -0.169138
1.78213 -0.721113 -0.170019
1.77063 -0.722943 -0.169138
1.76835 -0.728502 -0.169138
1.76606 -0.734054 -0.169138
1.76374 -0.739598 -0.169138
1.75224 -0.741255 -0.168257
1.75906 -0.750666 -0.169138
1.74754 -0.75225 -0.168257
1.76345 -0.765671 -0.170019
1.77928 -0.779199 -0.171781
1.77682 -0.784784 -0.171781
1.78345 -0.794416 -0.172662
1.77186 -0.795933 -0.171781
1.76935 -0.801496 -0.171781
1.77588 -0.811189 -0.172662
1.77333 -0.816764 -0.172662
1.77075 -0.822331 -0.172662
1.76816 -0.82789 -0.172662
1.74753 -0.824936 -0.1709
1.74493 -0.830422 -0.1709
1.73334 -0.831591 -0.170019
1.73968 -0.841369 -0.1709
1.73703 -0.84683 -0.1709
1.71648 -0.843497 -0.169138
1.68704 -0.835621 -0.166495
1.66659 -0.832019 -0.164734
1.66396 -0.83725 -0.164734
1.67021 -0.846979 -0.165615
1.66754 -0.852222 -0.165615
1.66485 -0.857456 -0.165615
1.64447 -0.853505 -0.163853
1.65061 -0.863284 -0.164734
1.63908 -0.863821 -0.163853
1.63635 -0.868966 -0.163853
1.63362 -0.874102 -0.163853
1.62209 -0.874503 -0.162972
1.62809 -0.884349 -0.163853
1.61657 -0.884677 -0.162972
1.61378 -0.889752 -0.162972
1.60227 -0.88998 -0.162091
1.60816 -0.899874 -0.162972
1.60532 -0.904921 -0.162972
1.62846 -0.924716 -0.165615
1.65148 -0.944665 -0.168257
1.64851 -0.949849 -0.168257
1.64551 -0.955023 -0.168257
1.63391 -0.955161 -0.167376
1.6309 -0.960289 -0.167376
1.63644 -0.970489 -0.168257
1.63338 -0.975625 -0.168257
1.62178 -0.975617 -0.167376
1.6187 -0.980707 -0.167376
1.60711 -0.980599 -0.166495
1.61251 -0.990858 -0.167376
1.59245 -0.985436 -0.165615
1.5978 -0.995702 -0.166495
1.59466 -1.00072 -0.166495
1.59151 -1.00572 -0.166495
1.58834 -1.01072 -0.166495
1.54322 -0.988831 -0.162091
1.53174 -0.988274 -0.16121
1.52863 -0.993081 -0.16121
1.5255 -0.997879 -0.16121
1.52236 -1.00267 -0.16121
1.5192 -1.00744 -0.16121
1.50774 -1.00668 -0.160329
1.50457 -1.01141 -0.160329
1.50964 -1.02172 -0.16121
1.49819 -1.02085 -0.160329
1.49497 -1.02555 -0.160329
1.49174 -1.03024 -0.160329
1.4885 -1.03492 -0.160329
1.48524 -1.03959 -0.160329
1.48197 -1.04425 -0.160329
1.47868 -1.0489 -0.160329
1.47538 -1.05354 -0.160329
1.46397 -1.05236 -0.159448
1.46066 -1.05695 -0.159448
1.44928 -1.05567 -0.158567
1.45399 -1.06611 -0.159448
1.44262 -1.06476 -0.158567
1.44726 -1.07522 -0.159448
1.44388 -1.07977 -0.159448
1.43252 -1.07831 -0.158567
1.41325 -1.07077 -0.156805
1.4178 -1.08124 -0.157686
2.06789 -0.40458 -0.110624
2.04702 -0.407178 -0.109575
2.03594 -0.411628 -0.109051
2.03464 -0.418022 -0.109051
2.02354 -0.422371 -0.108527
2.03198 -0.430798 -0.109051
2.03069 -0.436825 -0.109051
2.00979 -0.438941 -0.108002
2.0084 -0.445252 -0.108002
2.04597 -0.460328 -0.110099
2.07363 -0.473783 -0.111672
2.05268 -0.475785 -0.110624
2.06089 -0.484517 -0.111148
2.05936 -0.490989 -0.111148
2.0579 -0.497097 -0.111148
2.06603 -0.505935 -0.111672
2.05473 -0.510018 -0.111148
2.04344 -0.514034 -0.110624
2.04181 -0.520451 -0.110624
2.02083 -0.521869 -0.109575
2.01918 -0.528215 -0.109575
1.95959 -0.51921 -0.10643
1.9483 -0.522776 -0.105905
1.94665 -0.528894 -0.105905
1.94498 -0.535007 -0.105905
1.94329 -0.541114 -0.105905
1.95119 -0.549926 -0.10643
1.93985 -0.553314 -0.105905
1.92851 -0.556636 -0.105381
1.93634 -0.565491 -0.105905
1.92498 -0.568742 -0.105381
1.92318 -0.574787 -0.105381
1.92136 -0.580826 -0.105381
1.90998 -0.583939 -0.104857
1.90814 -0.589937 -0.104857
1.90627 -0.595928 -0.104857
1.88535 -0.595895 -0.103808
1.86444 -0.595736 -0.10276
1.92908 -0.623076 -0.10643
1.93661 -0.632232 -0.106954
1.93461 -0.638313 -0.106954
1.9326 -0.644388 -0.106954
1.93056 -0.650456 -0.106954
1.91905 -0.6533 -0.10643
1.91699 -0.659325 -0.10643
1.91491 -0.665344 -0.10643
1.91281 -0.671357 -0.10643
1.90128 -0.674026 -0.105905
1.89916 -0.679996 -0.105905
1.9064 -0.689355 -0.10643
1.88547 -0.68849 -0.105381
1.87392 -0.690955 -0.104857
1.82495 -0.679418 -0.102235
1.81346 -0.681634 -0.101711
1.82064 -0.690871 -0.102235
1.80914 -0.693015 -0.101711
1.80695 -0.698695 -0.101711
1.79545 -0.700737 -0.101187
1.79324 -0.706375 -0.101187
1.79101 -0.712005 -0.101187
1.79803 -0.721346 -0.101711
1.77724 -0.719496 -0.100662
1.77497 -0.725076 -0.100662
1.77269 -0.730649 -0.100662
1.77038 -0.736214 -0.100662
1.76806 -0.741772 -0.100662
1.75653 -0.743431 -0.100138
1.75418 -0.748946 -0.100138
1.74265 -0.750503 -0.099614
1.74028 -0.755974 -0.099614
1.79278 -0.785483 -0.10276
1.78117 -0.787075 -0.102235
1.78781 -0.796731 -0.10276
1.77619 -0.798251 -0.102235
1.78277 -0.807949 -0.10276
1.78022 -0.813546 -0.10276
1.76859 -0.814955 -0.102235
1.76602 -0.820507 -0.102235
1.76343 -0.826051 -0.102235
1.76083 -0.831587 -0.102235
1.74919 -0.832822 -0.101711
1.75557 -0.842634 -0.102235
1.75291 -0.848145 -0.102235
1.75024 -0.853648 -0.102235
1.72066 -0.845925 -0.100662
1.67326 -0.829156 -0.098041
1.67064 -0.834409 -0.098041
1.66801 -0.839653 -0.098041
1.66537 -0.844889 -0.098041
1.6627 -0.850117 -0.098041
1.6689 -0.85991 -0.098565
1.65733 -0.860547 -0.098041
1.64577 -0.86112 -0.097517
1.65189 -0.870943 -0.098041
1.64915 -0.876129 -0.098041
1.63758 -0.876593 -0.097517
1.64361 -0.886473 -0.098041
1.63204 -0.886864 -0.097517
1.63801 -0.896783 -0.098041
1.63518 -0.901924 -0.098041
1.62361 -0.902206 -0.097517
1.61205 -0.902425 -0.096992
1.59181 -0.897674 -0.095944
1.58899 -0.90267 -0.095944
1.64682 -0.942377 -0.099614
1.64385 -0.947546 -0.099614
1.64086 -0.952706 -0.099614
1.63786 -0.957856 -0.099614
1.62624 -0.957928 -0.09909
1.63181 -0.968128 -0.099614
1.62019 -0.968127 -0.09909
1.62569 -0.978362 -0.099614
1.62261 -0.983464 -0.099614
1.61952 -0.988557 -0.099614
1.6079 -0.98841 -0.09909
1.60478 -0.993457 -0.09909
1.61013 -1.00378 -0.099614
1.60697 -1.00883 -0.099614
1.59535 -1.00854 -0.09909
1.58375 -1.00818 -0.098565
1.53854 -0.986206 -0.095944
1.53543 -0.991035 -0.095944
1.53231 -0.995854 -0.095944
1.52082 -0.995194 -0.09542
1.52602 -1.00546 -0.095944
1.52286 -1.01025 -0.095944
1.50306 -1.00394 -0.094895
1.51648 -1.0198 -0.095944
1.505 -1.01896 -0.09542
1.51004 -1.02931 -0.095944
1.51503 -1.0397 -0.096468
1.48711 -1.02742 -0.094895
1.49207 -1.03779 -0.09542
1.49699 -1.0482 -0.095944
1.48552 -1.04715 -0.09542
1.47408 -1.04603 -0.094895
1.47891 -1.05646 -0.09542
1.46748 -1.05527 -0.094895
1.45607 -1.05402 -0.094371
1.46082 -1.06447 -0.094895
1.44942 -1.06315 -0.094371
1.44607 -1.0677 -0.094371
1.44271 -1.07223 -0.094371
1.43933 -1.07676 -0.094371
1.42797 -1.07527 -0.093847
1.40866 -1.06769 -0.092798
1.42118 -1.08422 -0.093847
2.0494 -0.408394 -0.035918
2.0481 -0.41483 -0.035918
2.04679 -0.421263 -0.035918
2.04553 -0.427334 -0.035918
2.04418 -0.433758 -0.035918
2.03303 -0.438071 -0.035746
2.04141 -0.446593 -0.035918
2.02048 -0.448669 -0.035574
2.02881 -0.457213 -0.035746
2.01754 -0.461707 -0.035574
1.9966 -0.463521 -0.03523
2.00495 -0.471733 -0.035402
1.99373 -0.475709 -0.03523
2.00194 -0.484321 -0.035402
1.98099 -0.485845 -0.035058
1.97945 -0.492066 -0.035058
1.98759 -0.500725 -0.03523
1.97632 -0.504493 -0.035058
1.96505 -0.508196 -0.034886
1.96344 -0.514367 -0.034886
1.95215 -0.517969 -0.034715
1.95052 -0.524099 -0.034715
1.95851 -0.532849 -0.034886
2.01466 -0.55493 -0.035918
1.99365 -0.555886 -0.035574
1.99189 -0.562146 -0.035574
1.9805 -0.565655 -0.035402
1.99792 -0.577427 -0.035746
2.0057 -0.586507 -0.035918
1.98467 -0.587132 -0.035574
1.97324 -0.590498 -0.035402
1.98094 -0.599591 -0.035574
1.96949 -0.602884 -0.035402
1.95803 -0.606112 -0.03523
1.95612 -0.61226 -0.03523
1.88746 -0.597286 -0.034027
1.88557 -0.603213 -0.034027
1.87415 -0.606057 -0.033855
1.87224 -0.611942 -0.033855
1.87031 -0.617821 -0.033855
1.86836 -0.623694 -0.033855
1.85691 -0.626364 -0.033683
1.85494 -0.632195 -0.033683
1.85294 -0.638019 -0.033683
1.85093 -0.643837 -0.033683
1.8489 -0.649649 -0.033683
1.84685 -0.655454 -0.033683
1.83537 -0.657879 -0.033512
1.83329 -0.663642 -0.033512
1.8312 -0.669398 -0.033512
1.82908 -0.675148 -0.033512
1.81759 -0.677399 -0.03334
1.83416 -0.690148 -0.033683
1.85068 -0.703008 -0.034027
1.8578 -0.712398 -0.034199
1.85555 -0.718231 -0.034199
1.85329 -0.724057 -0.034199
1.851 -0.729876 -0.034199
1.8487 -0.735687 -0.034199
1.85566 -0.745218 -0.034371
1.85331 -0.751044 -0.034371
1.83243 -0.749294 -0.034027
1.83931 -0.75886 -0.034199
1.81845 -0.75695 -0.033855
1.82529 -0.76653 -0.034027
1.82287 -0.772261 -0.034027
1.82044 -0.777984 -0.034027
1.75371 -0.755992 -0.032824
1.75133 -0.761498 -0.032824
1.74892 -0.766996 -0.032824
1.73736 -0.768443 -0.032652
1.72581 -0.769824 -0.03248
1.7325 -0.779344 -0.032652
1.73004 -0.784782 -0.032652
1.72757 -0.790214 -0.032652
1.716 -0.79145 -0.03248
1.72257 -0.801053 -0.032652
1.71099 -0.802216 -0.03248
1.70846 -0.807587 -0.03248
1.69689 -0.808649 -0.032309
1.70336 -0.818306 -0.03248
1.68278 -0.814937 -0.032137
1.69818 -0.828992 -0.03248
1.67762 -0.825494 -0.032137
1.66607 -0.826318 -0.031965
1.69924 -0.849431 -0.032652
1.71442 -0.863762 -0.032996
1.72061 -0.873671 -0.033168
1.71786 -0.879072 -0.033168
1.71509 -0.884464 -0.033168
1.70343 -0.885237 -0.032996
1.70064 -0.890584 -0.032996
1.70668 -0.900589 -0.033168
1.70384 -0.905946 -0.033168
1.69217 -0.906573 -0.032996
1.68931 -0.911884 -0.032996
1.68644 -0.917187 -0.032996
1.69232 -0.927285 -0.033168
1.68064 -0.927765 -0.032996
1.67772 -0.93304 -0.032996
1.66606 -0.93342 -0.032824
1.60217 -0.904248 -0.031621
1.60801 -0.914219 -0.031793
1.60513 -0.919266 -0.031793
1.59357 -0.919308 -0.031621
1.59068 -0.92431 -0.031621
1.60502 -0.939404 -0.031965
1.57622 -0.929208 -0.031449
1.59049 -0.944365 -0.031793
1.57036 -0.939094 -0.031449
1.5674 -0.944022 -0.031449
1.57297 -0.954127 -0.031621
1.5785 -0.964276 -0.031793
1.55843 -0.958753 -0.031449
1.55541 -0.963644 -0.031449
1.56086 -0.973818 -0.031621
1.54932 -0.973398 -0.031449
1.55471 -0.983606 -0.031621
1.55161 -0.988485 -0.031621
1.54008 -0.987956 -0.031449
1.53697 -0.99279 -0.031449
1.56737 -1.01942 -0.032137
1.5558 -1.01886 -0.031965
1.56094 -1.02925 -0.032137
1.56602 -1.03968 -0.032309
1.55444 -1.03903 -0.032137
1.55116 -1.04391 -0.032137
1.55616 -1.05439 -0.032309
1.54458 -1.05364 -0.032137
1.54126 -1.05849 -0.032137
1.5297 -1.05764 -0.031965
1.53458 -1.06815 -0.032137
1.52303 -1.06723 -0.031965
1.51967 -1.07201 -0.031965
1.50814 -1.07099 -0.031793
1.49663 -1.0699 -0.031621
1.50138 -1.08044 -0.031793
1.48178 -1.07342 -0.031449
1.47032 -1.07218 -0.031277
1.45889 -1.07088 -0.031106
1.45552 -1.07545 -0.031106
1.46015 -1.08599 -0.031277
1.44073 -1.07859 -0.030934
1.42935 -1.07709 -0.030762
1.42596 -1.08158 -0.030762
1.4146 -1.07998 -0.03059
1.88794 -0.482634 0.450263
1.90528 -0.493449 0.454765
1.88487 -0.494487 0.450263
1.87389 -0.497904 0.448011
1.87232 -0.503789 0.448011
1.86133 -0.507107 0.44576
1.85972 -0.512952 0.44576
1.84872 -0.516172 0.443509
1.86584 -0.527277 0.448011
1.84544 -0.527778 0.443509
1.85313 -0.536281 0.44576
1.84209 -0.539362 0.443509
1.83104 -0.542379 0.441257
1.83866 -0.550926 0.443509
1.8276 -0.553873 0.441257
1.81653 -0.556757 0.439006
1.81478 -0.562461 0.439006
1.813 -0.56816 0.439006
1.80192 -0.57091 0.436755
1.80011 -0.576568 0.436755
1.7983 -0.58222 0.436755
1.79646 -0.587867 0.436755
1.78535 -0.590448 0.434503
1.79273 -0.599143 0.436755
1.78161 -0.601654 0.434503
1.77971 -0.607248 0.434503
1.77779 -0.612836 0.434503
1.77586 -0.618419 0.434503
1.76471 -0.620761 0.432252
1.76275 -0.626302 0.432252
1.76078 -0.631837 0.432252
1.75879 -0.637366 0.432252
1.74762 -0.639539 0.430001
1.75475 -0.648404 0.432252
1.7527 -0.653913 0.432252
1.75064 -0.659416 0.432252
1.73945 -0.66145 0.430001
1.73736 -0.666911 0.430001
1.73526 -0.672366 0.430001
1.72406 -0.674265 0.427749
1.72194 -0.679678 0.427749
1.71979 -0.685084 0.427749
1.70859 -0.68685 0.425498
1.71546 -0.695877 0.427749
1.70424 -0.697572 0.425498
1.70204 -0.702922 0.425498
1.69983 -0.708266 0.425498
1.69759 -0.713602 0.425498
1.68637 -0.715128 0.423247
1.69308 -0.724255 0.425498
1.69079 -0.72957 0.425498
1.68849 -0.734878 0.425498
1.67725 -0.736263 0.423247
1.67493 -0.741528 0.423247
1.67259 -0.746787 0.423247
1.67024 -0.752038 0.423247
1.659 -0.753253 0.420996
1.65662 -0.758461 0.420996
1.65423 -0.763662 0.420996
1.65182 -0.768855 0.420996
1.64058 -0.769901 0.418744
1.63815 -0.775052 0.418744
1.64451 -0.784389 0.420996
1.63325 -0.785329 0.418744
1.63078 -0.790456 0.418744
1.62829 -0.795575 0.418744
1.61704 -0.796382 0.416493
1.61453 -0.801458 0.416493
1.612 -0.806526 0.416493
1.60946 -0.811587 0.416493
1.6069 -0.816639 0.416493
1.60433 -0.821683 0.416493
1.60174 -0.826719 0.416493
1.59049 -0.827251 0.414242
1.59651 -0.836767 0.416493
1.57665 -0.832678 0.41199
1.58262 -0.842204 0.414242
1.57997 -0.847172 0.414242
1.5773 -0.852132 0.414242
1.56606 -0.852425 0.41199
1.56337 -0.85734 0.41199
1.56067 -0.862247 0.41199
1.55795 -0.867146 0.41199
1.55522 -0.872036 0.41199
1.55247 -0.876918 0.41199
1.54124 -0.876972 0.409739
1.53848 -0.88181 0.409739
1.54414 -0.89151 0.41199
1.54133 -0.896357 0.41199
1.5301 -0.89627 0.409739
1.52728 -0.901073 0.409739
1.52444 -0.905867 0.409739
1.52159 -0.910651 0.409739
1.51872 -0.915427 0.409739
1.50751 -0.915138 0.407488
1.50462 -0.919869 0.407488
1.50173 -0.924591 0.407488
1.49881 -0.929305 0.407488
1.49589 -0.934009 0.407488
1.4847 -0.933517 0.405236
1.48999 -0.943389 0.407488
1.47059 -0.93759 0.402985
1.47583 -0.947469 0.405236
1.48103 -0.95739 0.407488
1.46985 -0.956723 0.405236
1.46684 -0.961336 0.405236
1.46381 -0.965939 0.405236
1.45265 -0.965141 0.402985
1.45771 -0.975118 0.405236
1.45464 -0.979692 0.405236
1.44349 -0.978789 0.402985
1.44041 -0.983319 0.402985
1.43731 -0.98784 0.402985
1.43421 -0.99235 0.402985
1.43108 -0.996851 0.402985
1.42794 -1.00134 0.402985
1.42479 -1.00582 0.402985
1.42162 -1.01029 0.402985
1.41844 -1.01476 0.402985
1.40734 -1.01351 0.400734
1.41204 -1.02365 0.402985
1.40094 -1.02234 0.400734
1.39772 -1.02673 0.400734
1.39449 -1.03112 0.400734
1.39125 -1.03549 0.400734
1.38019 -1.03402 0.398482
1.36915 -1.03248 0.396231
1.35038 -1.025 0.391728
2.1107 -0.407985 0.41786
2.09014 -0.410827 0.414044
2.07921 -0.415468 0.412136
2.0779 -0.421998 0.412136
2.07656 -0.428524 0.412136
2.0656 -0.433031 0.410228
2.0643 -0.439158 0.410228
2.06292 -0.445641 0.410228
2.0615 -0.45212 0.410228
2.05049 -0.456461 0.40832
2.03947 -0.460737 0.406412
2.03793 -0.467498 0.406412
2.03645 -0.473898 0.406412
2.03496 -0.480293 0.406412
2.02397 -0.484046 0.404504
2.02244 -0.490402 0.404504
2.02089 -0.496753 0.404504
2.0098 -0.500726 0.402596
2.00821 -0.507038 0.402596
2.00661 -0.513344 0.402596
1.99549 -0.517183 0.400688
1.98436 -0.520957 0.39878
1.98271 -0.527188 0.39878
1.97157 -0.530862 0.396872
1.96042 -0.534472 0.394964
1.95873 -0.540628 0.394964
1.95702 -0.546779 0.394964
1.95529 -0.552924 0.394964
1.95355 -0.559064 0.394964
1.95178 -0.565199 0.394964
1.93116 -0.565807 0.391148
1.93878 -0.574661 0.393056
1.92756 -0.57793 0.391148
1.92574 -0.583983 0.391148
1.92389 -0.59003 0.391148
1.92203 -0.596071 0.391148
1.91078 -0.599169 0.38924
1.90889 -0.605169 0.38924
1.90698 -0.611163 0.38924
1.89571 -0.614126 0.387332
1.89377 -0.620078 0.387332
1.89182 -0.626025 0.387332
1.88053 -0.628852 0.385424
1.87855 -0.634756 0.385424
1.87654 -0.640655 0.385424
1.87452 -0.646547 0.385424
1.86321 -0.649203 0.383516
1.87042 -0.658312 0.385424
1.84985 -0.657609 0.381608
1.85701 -0.666734 0.383516
1.84568 -0.669219 0.381608
1.84356 -0.675014 0.381608
1.83223 -0.677398 0.3797
1.83009 -0.683151 0.3797
1.82794 -0.688897 0.3797
1.83494 -0.698127 0.381608
1.82357 -0.700369 0.3797
1.82136 -0.706094 0.3797
1.80999 -0.708236 0.377792
1.80776 -0.713918 0.377792
1.79639 -0.71596 0.375884
1.80324 -0.725263 0.377792
1.80095 -0.730924 0.377792
1.79865 -0.736578 0.377792
1.78725 -0.738477 0.375884
1.78492 -0.744088 0.375884
1.77353 -0.745886 0.373976
1.77117 -0.751454 0.373976
1.76881 -0.757015 0.373976
1.75741 -0.758677 0.372067
1.75501 -0.764194 0.372067
1.76159 -0.773651 0.373976
1.75018 -0.775206 0.372067
1.74773 -0.780701 0.372067
1.75422 -0.790219 0.373976
1.74279 -0.791667 0.372067
1.73137 -0.79305 0.370159
1.72887 -0.798485 0.370159
1.72636 -0.803913 0.370159
1.72382 -0.809332 0.370159
1.72127 -0.814744 0.370159
1.70984 -0.81592 0.368251
1.71612 -0.825543 0.370159
1.70468 -0.826647 0.368251
1.70208 -0.831998 0.368251
1.69065 -0.833003 0.366343
1.68802 -0.83831 0.366343
1.68538 -0.843609 0.366343
1.68272 -0.8489 0.366343
1.68005 -0.854182 0.366343
1.67736 -0.859456 0.366343
1.67465 -0.864721 0.366343
1.67192 -0.869978 0.366343
1.66918 -0.875226 0.366343
1.65775 -0.87588 0.364435
1.65499 -0.881083 0.364435
1.65221 -0.886278 0.364435
1.64942 -0.891465 0.364435
1.64661 -0.896642 0.364435
1.64378 -0.901811 0.364435
1.63235 -0.902222 0.362527
1.62951 -0.907345 0.362527
1.62665 -0.91246 0.362527
1.62378 -0.917566 0.362527
1.62089 -0.922663 0.362527
1.60946 -0.922867 0.360619
1.61506 -0.932829 0.362527
1.61212 -0.937898 0.362527
1.60916 -0.942958 0.362527
1.59774 -0.943019 0.360619
1.60321 -0.95305 0.362527
1.59178 -0.953039 0.360619
1.59719 -0.963104 0.362527
1.58576 -0.963022 0.360619
1.58273 -0.967999 0.360619
1.57968 -0.972966 0.360619
1.58496 -0.983099 0.362527
1.56521 -0.977672 0.358711
1.57044 -0.987811 0.360619
1.56733 -0.99274 0.360619
1.55593 -0.99238 0.358711
1.56106 -1.00257 0.360619
1.54966 -1.00214 0.358711
1.5465 -1.007 0.358711
1.55154 -1.01724 0.360619
1.54015 -1.0167 0.358711
1.54512 -1.02696 0.360619
1.53373 -1.02635 0.358711
1.5305 -1.03117 0.358711
1.52725 -1.03597 0.358711
1.52399 -1.04076 0.358711
1.51262 -1.03998 0.356803
1.51742 -1.05032 0.358711
1.50606 -1.04947 0.356803
1.51079 -1.05983 0.358711
1.49943 -1.05891 0.356803
1.4961 -1.06362 0.356803
1.48477 -1.0626 0.354895
1.49735 -1.07873 0.358711
1.48601 -1.07767 0.356803
1.48262 -1.08233 0.356803
1.47921 -1.08698 0.356803
1.47579 -1.09163 0.356803
1.47235 -1.09626 0.356803
1.4689 -1.10088 0.356803
1.44192 -1.08775 0.351079
1.43068 -1.08634 0.349171
2.0764 -0.394969 0.33488
2.07515 -0.40149 0.33488
2.07388 -0.408007 0.33488
2.07259 -0.41452 0.33488
2.08096 -0.422997 0.336445
2.06994 -0.427535 0.33488
2.05892 -0.432007 0.333316
2.06729 -0.440171 0.33488
2.05625 -0.444576 0.333316
2.03555 -0.446799 0.330186
2.03413 -0.453192 0.330186
2.02307 -0.457402 0.328621
2.03116 -0.466318 0.330186
2.02969 -0.472697 0.330186
2.02819 -0.479071 0.330186
2.00755 -0.480488 0.327056
2.00603 -0.486793 0.327056
2.00449 -0.493093 0.327056
2.00293 -0.499388 0.327056
1.99178 -0.503258 0.325491
1.99019 -0.509513 0.325491
1.97902 -0.513283 0.323926
1.9774 -0.519498 0.323926
1.96621 -0.523168 0.322362
1.96456 -0.529342 0.322362
1.96288 -0.535511 0.322362
1.95167 -0.539046 0.320797
1.95948 -0.547834 0.322362
1.94825 -0.551298 0.320797
1.9465 -0.557416 0.320797
1.93526 -0.560779 0.319232
1.93349 -0.566856 0.319232
1.94116 -0.575736 0.320797
1.92043 -0.576155 0.317667
1.91861 -0.582186 0.317667
1.91677 -0.58821 0.317667
1.90548 -0.591302 0.316102
1.91303 -0.600242 0.317667
1.90172 -0.603262 0.316102
1.89041 -0.606218 0.314537
1.8979 -0.615199 0.316102
1.89595 -0.621159 0.316102
1.88462 -0.624007 0.314537
1.88265 -0.629925 0.314537
1.8713 -0.632673 0.312972
1.86931 -0.638549 0.312972
1.86729 -0.644418 0.312972
1.86526 -0.650281 0.312972
1.8632 -0.656138 0.312972
1.85183 -0.658678 0.311408
1.84046 -0.661153 0.309843
1.84765 -0.6703 0.311408
1.84554 -0.676102 0.311408
1.83414 -0.67847 0.309843
1.82275 -0.680773 0.308278
1.82984 -0.68998 0.309843
1.81843 -0.692212 0.308278
1.81625 -0.697921 0.308278
1.81405 -0.703624 0.308278
1.82103 -0.71292 0.309843
1.81878 -0.718637 0.309843
1.80734 -0.720689 0.308278
1.80507 -0.726364 0.308278
1.81193 -0.735747 0.309843
1.79133 -0.733946 0.306713
1.78901 -0.73957 0.306713
1.77756 -0.741385 0.305148
1.77523 -0.746966 0.305148
1.77287 -0.752539 0.305148
1.7705 -0.758105 0.305148
1.75904 -0.759747 0.303583
1.7657 -0.769214 0.305148
1.74519 -0.766811 0.302018
1.74277 -0.77229 0.302018
1.74034 -0.777761 0.302018
1.73788 -0.783225 0.302018
1.74441 -0.792767 0.303583
1.73293 -0.794129 0.302018
1.73043 -0.799569 0.302018
1.72791 -0.805001 0.302018
1.71643 -0.806227 0.300453
1.71389 -0.811615 0.300453
1.70242 -0.81274 0.298889
1.70875 -0.822368 0.300453
1.70616 -0.827732 0.300453
1.70355 -0.833088 0.300453
1.69207 -0.834069 0.298889
1.68944 -0.83938 0.298889
1.68679 -0.844684 0.298889
1.68413 -0.849979 0.298889
1.67265 -0.850788 0.297324
1.66997 -0.856038 0.297324
1.67605 -0.865813 0.298889
1.66456 -0.866514 0.297324
1.66183 -0.871739 0.297324
1.65908 -0.876955 0.297324
1.65632 -0.882163 0.297324
1.65354 -0.887362 0.297324
1.64205 -0.887855 0.295759
1.63926 -0.893009 0.295759
1.63644 -0.898155 0.295759
1.63361 -0.903291 0.295759
1.63939 -0.913225 0.297324
1.63652 -0.918371 0.297324
1.61643 -0.913787 0.294194
1.61355 -0.91886 0.294194
1.61066 -0.923925 0.294194
1.60775 -0.928981 0.294194
1.61336 -0.938995 0.295759
1.6104 -0.944059 0.295759
1.59892 -0.944092 0.294194
1.59595 -0.94911 0.294194
1.59295 -0.954119 0.294194
1.58995 -0.959119 0.294194
1.58693 -0.964109 0.294194
1.58389 -0.96909 0.294194
1.57243 -0.96888 0.292629
1.56938 -0.973815 0.292629
1.57469 -0.983975 0.294194
1.57159 -0.988917 0.294194
1.55179 -0.983276 0.291064
1.55702 -0.993459 0.292629
1.55389 -0.998346 0.292629
1.55075 -1.00322 0.292629
1.54759 -1.00809 0.292629
1.53615 -1.00753 0.291064
1.54122 -1.01779 0.292629
1.52979 -1.01716 0.291064
1.52659 -1.02196 0.291064
1.53156 -1.03227 0.292629
1.52831 -1.03708 0.292629
1.51689 -1.0363 0.291064
1.51363 -1.04106 0.291064
1.51035 -1.04581 0.291064
1.50706 -1.05055 0.291064
1.50375 -1.05528 0.291064
1.50042 -1.06 0.291064
1.49709 -1.06471 0.291064
1.49373 -1.06941 0.291064
1.49037 -1.0741 0.291064
1.47899 -1.07297 0.289499
1.48359 -1.08344 0.291064
1.48018 -1.08809 0.291064
1.46881 -1.08686 0.289499
1.46539 -1.09147 0.289499
1.44615 -1.08422 0.28637
1.43485 -1.08281 0.284805
1.43145 -1.08731 0.284805
2.08671 -0.397307 0.259551
2.06597 -0.400087 0.257125
2.09392 -0.412328 0.260764
2.09261 -0.418905 0.260764
2.08156 -0.423498 0.259551
2.0705 -0.428025 0.258338
2.06914 -0.434528 0.258338
2.05814 -0.438596 0.257125
2.05675 -0.44506 0.257125
2.05534 -0.451519 0.257125
2.04422 -0.455814 0.255912
2.04278 -0.462234 0.255912
2.03156 -0.466783 0.2547
2.03975 -0.475416 0.255912
2.01893 -0.477254 0.253487
2.02716 -0.485555 0.2547
2.01597 -0.489578 0.253487
2.01443 -0.495909 0.253487
2.01286 -0.502235 0.253487
2.00165 -0.506123 0.252274
2.00005 -0.512409 0.252274
1.99843 -0.51869 0.252274
1.98719 -0.522442 0.251061
1.99513 -0.531236 0.252274
1.97428 -0.532333 0.249848
1.95345 -0.533304 0.247422
1.96133 -0.542083 0.248635
1.95962 -0.548242 0.248635
1.93879 -0.548987 0.24621
1.94659 -0.557809 0.247422
1.9353 -0.561158 0.24621
1.924 -0.564441 0.244997
1.93174 -0.573306 0.24621
1.9014 -0.57081 0.242571
1.9091 -0.579665 0.243784
1.90727 -0.585659 0.243784
1.89594 -0.588705 0.242571
1.86567 -0.585738 0.238932
1.91112 -0.606612 0.244997
1.89976 -0.60958 0.243784
1.88839 -0.612483 0.242571
1.88646 -0.618412 0.242571
1.88451 -0.624336 0.242571
1.88254 -0.630253 0.242571
1.88055 -0.636164 0.242571
1.87854 -0.642069 0.242571
1.86713 -0.644727 0.241358
1.8651 -0.65059 0.241358
1.86304 -0.656446 0.241358
1.86097 -0.662296 0.241358
1.85888 -0.668139 0.241358
1.84744 -0.670589 0.240145
1.85465 -0.679805 0.241358
1.82457 -0.675292 0.23772
1.83174 -0.684496 0.238932
1.81101 -0.683239 0.236507
1.81813 -0.692458 0.23772
1.80668 -0.694605 0.236507
1.81374 -0.703868 0.23772
1.80228 -0.705943 0.236507
1.80005 -0.711601 0.236507
1.78859 -0.713574 0.235294
1.79555 -0.722897 0.236507
1.78407 -0.724798 0.235294
1.7726 -0.726635 0.234081
1.77948 -0.735994 0.235294
1.78632 -0.745403 0.236507
1.77482 -0.74716 0.235294
1.75419 -0.744972 0.232868
1.76097 -0.754388 0.234081
1.7677 -0.763854 0.235294
1.76529 -0.769403 0.235294
1.77195 -0.77894 0.236507
1.76042 -0.78048 0.235294
1.76702 -0.790058 0.236507
1.76453 -0.795605 0.236507
1.75299 -0.797036 0.235294
1.75048 -0.80254 0.235294
1.73894 -0.80387 0.234081
1.7454 -0.813522 0.235294
1.73385 -0.81478 0.234081
1.73128 -0.820223 0.234081
1.7287 -0.825658 0.234081
1.72609 -0.831085 0.234081
1.72348 -0.836503 0.234081
1.72084 -0.841913 0.234081
1.69148 -0.834145 0.230443
1.67996 -0.835036 0.22923
1.6862 -0.844756 0.230443
1.68354 -0.850049 0.230443
1.68086 -0.855334 0.230443
1.6605 -0.851551 0.228017
1.68427 -0.870436 0.231655
1.67273 -0.871138 0.230443
1.64361 -0.862551 0.226804
1.67599 -0.886271 0.231655
1.64692 -0.877528 0.228017
1.6529 -0.887393 0.22923
1.65011 -0.892582 0.22923
1.64729 -0.897761 0.22923
1.63576 -0.898154 0.228017
1.65031 -0.912898 0.230443
1.62142 -0.903582 0.226804
1.61857 -0.908672 0.226804
1.64163 -0.928411 0.230443
1.63008 -0.928651 0.22923
1.62715 -0.933767 0.22923
1.62421 -0.938874 0.22923
1.62126 -0.943972 0.22923
1.61828 -0.949061 0.22923
1.60675 -0.949092 0.228017
1.60376 -0.954135 0.228017
1.60927 -0.96427 0.22923
1.59773 -0.964193 0.228017
1.59469 -0.969207 0.228017
1.59164 -0.974212 0.228017
1.58857 -0.979208 0.228017
1.58549 -0.984194 0.228017
1.58239 -0.98917 0.228017
1.57927 -0.994136 0.228017
1.57614 -0.999093 0.228017
1.56463 -0.998699 0.226804
1.54478 -0.992875 0.224378
1.54999 -1.00312 0.225591
1.55515 -1.0134 0.226804
1.52706 -1.00195 0.223165
1.54047 -1.01768 0.225591
1.529 -1.01702 0.224378
1.51755 -1.01629 0.223165
1.52258 -1.0266 0.224378
1.51934 -1.03138 0.224378
1.5079 -1.03055 0.223165
1.50466 -1.03528 0.223165
1.51771 -1.05131 0.225591
1.50626 -1.05039 0.224378
1.50296 -1.05512 0.224378
1.49153 -1.05411 0.223165
1.4963 -1.06454 0.224378
1.48487 -1.06346 0.223165
1.48958 -1.07392 0.224378
1.49423 -1.08443 0.225591
1.49082 -1.08912 0.225591
1.48739 -1.09379 0.225591
1.47597 -1.09256 0.224378
1.46457 -1.09126 0.223165
1.46113 -1.09585 0.223165
1.44976 -1.09446 0.221953
1.4226 -1.08099 0.218314
2.09301 -0.405703 0.185215
2.02331 -0.398791 0.179156
2.09042 -0.418846 0.185215
2.09886 -0.427399 0.18608
2.08775 -0.431972 0.185215
2.09613 -0.440578 0.18608
2.06558 -0.440561 0.183484
2.07393 -0.449157 0.184349
2.06278 -0.453531 0.183484
2.05162 -0.457839 0.182618
2.05017 -0.464282 0.182618
2.04862 -0.471078 0.182618
2.03743 -0.475249 0.181753
2.02623 -0.479353 0.180887
2.0248 -0.485363 0.180887
2.02326 -0.491722 0.180887
2.02171 -0.498076 0.180887
2.01047 -0.502011 0.180022
2.00888 -0.508325 0.180022
2.00727 -0.514633 0.180022
1.996 -0.518432 0.179156
1.99436 -0.5247 0.179156
1.98308 -0.528398 0.178291
1.97011 -0.538222 0.177425
2.00682 -0.555031 0.180887
1.97628 -0.553276 0.178291
1.98412 -0.562198 0.179156
1.97277 -0.565682 0.178291
1.98055 -0.574653 0.179156
1.95962 -0.57526 0.177425
1.96735 -0.58425 0.178291
1.9655 -0.590428 0.178291
1.96364 -0.596599 0.178291
1.95223 -0.599839 0.177425
1.94082 -0.603014 0.17656
1.94843 -0.612094 0.177425
1.90851 -0.606149 0.173963
1.92557 -0.618233 0.175694
1.91414 -0.621204 0.174829
1.91218 -0.627214 0.174829
1.90075 -0.630084 0.173963
1.89876 -0.636052 0.173963
1.89675 -0.642014 0.173963
1.8853 -0.644746 0.173098
1.88326 -0.650665 0.173098
1.88121 -0.656579 0.173098
1.87914 -0.662485 0.173098
1.87705 -0.668386 0.173098
1.86556 -0.670908 0.172232
1.88217 -0.683567 0.173963
1.85196 -0.679186 0.171367
1.84981 -0.685001 0.171367
1.83832 -0.68732 0.170501
1.84547 -0.69661 0.171367
1.86189 -0.709499 0.173098
1.82246 -0.701038 0.169636
1.82954 -0.710366 0.170501
1.8273 -0.71611 0.170501
1.8343 -0.725511 0.171367
1.82276 -0.727577 0.170501
1.81123 -0.729577 0.169636
1.81815 -0.739015 0.170501
1.80661 -0.740943 0.169636
1.81348 -0.750424 0.170501
1.81111 -0.756118 0.170501
1.79954 -0.757937 0.169636
1.79715 -0.763587 0.169636
1.78559 -0.765304 0.16877
1.76489 -0.763003 0.167039
1.77161 -0.772526 0.167905
1.76918 -0.778088 0.167905
1.76672 -0.783642 0.167905
1.75516 -0.785121 0.167039
1.75268 -0.790631 0.167039
1.75019 -0.796133 0.167039
1.74768 -0.801627 0.167039
1.73611 -0.802932 0.166174
1.73358 -0.808382 0.166174
1.73103 -0.813824 0.166174
1.72847 -0.819259 0.166174
1.72589 -0.824685 0.166174
1.72329 -0.830103 0.166174
1.72067 -0.835512 0.166174
1.71804 -0.840914 0.166174
1.70645 -0.841899 0.165308
1.68596 -0.838384 0.163577
1.67441 -0.839213 0.162712
1.71623 -0.866928 0.167039
1.67798 -0.854237 0.163577
1.69302 -0.868599 0.165308
1.69028 -0.873914 0.165308
1.68753 -0.87922 0.165308
1.69358 -0.889148 0.166174
1.69078 -0.894464 0.166174
1.67917 -0.895085 0.165308
1.67634 -0.900356 0.165308
1.66475 -0.900876 0.164443
1.67066 -0.910871 0.165308
1.66779 -0.916115 0.165308
1.6649 -0.92135 0.165308
1.6533 -0.921724 0.164443
1.65039 -0.926914 0.164443
1.63013 -0.922283 0.162712
1.63588 -0.932332 0.163577
1.63294 -0.937467 0.163577
1.62136 -0.937605 0.162712
1.61841 -0.942694 0.162712
1.62403 -0.952815 0.163577
1.62103 -0.957912 0.163577
1.60945 -0.957905 0.162712
1.60644 -0.962956 0.162712
1.59487 -0.96285 0.161846
1.60036 -0.973031 0.162712
1.59729 -0.978054 0.162712
1.59421 -0.983067 0.162712
1.59111 -0.98807 0.162712
1.59645 -0.998347 0.163577
1.58487 -0.998048 0.162712
1.57332 -0.997687 0.161846
1.57857 -1.00799 0.162712
1.55026 -0.996777 0.160115
1.54712 -1.00164 0.160115
1.569 -1.02282 0.162712
1.55745 -1.02228 0.161846
1.56254 -1.03266 0.162712
1.5427 -1.02652 0.160981
1.54775 -1.03691 0.161846
1.53622 -1.0362 0.160981
1.53296 -1.04102 0.160981
1.53791 -1.05145 0.161846
1.5346 -1.05628 0.161846
1.52308 -1.05542 0.160981
1.52793 -1.0659 0.161846
1.51642 -1.06497 0.160981
1.51307 -1.06973 0.160981
1.50158 -1.0687 0.160115
1.50632 -1.07921 0.160981
1.50292 -1.08394 0.160981
1.49144 -1.0828 0.160115
1.49608 -1.09336 0.160981
1.48461 -1.09215 0.160115
1.48918 -1.10274 0.160981
1.47772 -1.10146 0.160115
1.47425 -1.10609 0.160115
1.45487 -1.09871 0.158385
1.43555 -1.09122 0.156654
2.11761 -0.410855 0.111901
2.06732 -0.407841 0.109311
2.08561 -0.418261 0.110347
2.0745 -0.422817 0.109829
2.08294 -0.431357 0.110347
2.07181 -0.435843 0.109829
2.06074 -0.439903 0.109311
2.04959 -0.444259 0.108793
2.02867 -0.446404 0.107757
2.02726 -0.452775 0.107757
2.08426 -0.472386 0.110865
2.06322 -0.474816 0.109829
2.07145 -0.483565 0.110347
2.05048 -0.485469 0.109311
2.04903 -0.491551 0.109311
2.05718 -0.500346 0.109829
2.0459 -0.504415 0.109311
2.054 -0.513261 0.109829
2.05237 -0.519711 0.109829
2.04106 -0.523675 0.109311
2.0394 -0.530084 0.109311
2.00875 -0.528861 0.107757
1.99743 -0.532596 0.107239
1.99575 -0.538869 0.107239
1.98442 -0.542502 0.106721
1.9827 -0.548734 0.106721
1.97135 -0.552266 0.106202
1.96 -0.555732 0.105684
1.96784 -0.564641 0.106202
1.95647 -0.568036 0.105684
1.95467 -0.57418 0.105684
1.93371 -0.574628 0.104648
1.94146 -0.583575 0.105166
1.93007 -0.586767 0.104648
1.92821 -0.592827 0.104648
1.92634 -0.598882 0.104648
1.91492 -0.601936 0.10413
1.91302 -0.607949 0.10413
1.9111 -0.613956 0.10413
1.94716 -0.632294 0.106202
1.94516 -0.638408 0.106202
1.94315 -0.644516 0.106202
1.93164 -0.647444 0.105684
1.9296 -0.653509 0.105684
1.94643 -0.666034 0.106721
1.92546 -0.66562 0.105684
1.93278 -0.674958 0.106202
1.92124 -0.677705 0.105684
1.90969 -0.680386 0.105166
1.90754 -0.686382 0.105166
1.90538 -0.692371 0.105166
1.91257 -0.701794 0.105684
1.83544 -0.680042 0.10154
1.86135 -0.696302 0.103094
1.84047 -0.695089 0.102058
1.84761 -0.704425 0.102576
1.83607 -0.706639 0.102058
1.84315 -0.71602 0.102576
1.83159 -0.718162 0.102058
1.82933 -0.723912 0.102058
1.81777 -0.725952 0.10154
1.81548 -0.731659 0.10154
1.81317 -0.737359 0.10154
1.80161 -0.73926 0.101022
1.79005 -0.741096 0.100504
1.79693 -0.750566 0.101022
1.78536 -0.752329 0.100504
1.78298 -0.757934 0.100504
1.77142 -0.759596 0.099986
1.75986 -0.761193 0.099468
1.77576 -0.774705 0.100504
1.80074 -0.792346 0.102058
1.79824 -0.797999 0.102058
1.80484 -0.807724 0.102576
1.8023 -0.81339 0.102576
1.80882 -0.823184 0.103094
1.79715 -0.824698 0.102576
1.79455 -0.83034 0.102576
1.77383 -0.827529 0.10154
1.77122 -0.833098 0.10154
1.7686 -0.838658 0.10154
1.76595 -0.84421 0.10154
1.7633 -0.849754 0.10154
1.76062 -0.855289 0.10154
1.76689 -0.865208 0.102058
1.71043 -0.844234 0.09895
1.72565 -0.8585 0.099986
1.69617 -0.850488 0.098432
1.7024 -0.860317 0.09895
1.69969 -0.865661 0.09895
1.70584 -0.875556 0.099468
1.69422 -0.876323 0.09895
1.6826 -0.877025 0.098432
1.67983 -0.882307 0.098432
1.67706 -0.88758 0.098432
1.67426 -0.892844 0.098432
1.66265 -0.893373 0.097914
1.65983 -0.898592 0.097914
1.657 -0.903802 0.097914
1.66291 -0.913813 0.098432
1.65129 -0.914195 0.097914
1.64841 -0.919378 0.097914
1.63681 -0.919661 0.097395
1.63391 -0.924798 0.097395
1.63967 -0.934873 0.097914
1.65405 -0.949967 0.09895
1.65105 -0.955159 0.09895
1.65667 -0.965369 0.099468
1.65363 -0.970569 0.099468
1.65058 -0.975759 0.099468
1.63892 -0.97583 0.09895
1.62728 -0.975839 0.098432
1.62421 -0.980946 0.098432
1.62965 -0.991233 0.09895
1.61801 -0.991132 0.098432
1.62339 -1.00145 0.09895
1.61176 -1.00128 0.098432
1.61707 -1.01163 0.09895
1.59698 -1.00606 0.097914
1.60225 -1.01642 0.098432
1.5738 -1.00532 0.096877
1.57903 -1.01567 0.097395
1.56745 -1.01519 0.096877
1.56425 -1.02011 0.096877
1.56104 -1.02502 0.096877
1.54948 -1.02441 0.096359
1.55457 -1.03481 0.096877
1.54301 -1.03413 0.096359
1.53976 -1.03897 0.096359
1.54475 -1.04941 0.096877
1.52496 -1.04299 0.095841
1.5299 -1.05344 0.096359
1.52658 -1.05824 0.096359
1.51506 -1.05731 0.095841
1.5199 -1.06781 0.096359
1.50839 -1.06681 0.095841
1.50503 -1.07155 0.095841
1.50977 -1.08209 0.096359
1.50636 -1.08682 0.096359
1.49486 -1.08568 0.095841
1.49951 -1.09627 0.096359
1.48801 -1.09505 0.095841
1.48456 -1.09972 0.095841
1.4811 -1.10438 0.095841
1.46165 -1.09704 0.094805
1.4582 -1.10162 0.094805
1.43883 -1.09411 0.093769
2.12007 -0.411717 0.03712
2.10896 -0.416438 0.036949
2.10764 -0.423061 0.036949
2.1063 -0.429681 0.036949
2.09515 -0.434266 0.036777
2.09378 -0.440846 0.036777
2.09246 -0.447057 0.036777
2.09104 -0.453628 0.036777
2.07984 -0.458045 0.036605
2.0784 -0.464576 0.036605
2.06717 -0.468892 0.036433
2.06561 -0.475744 0.036433
2.0641 -0.482231 0.036433
2.05285 -0.486408 0.036261
2.03195 -0.487829 0.035918
2.04012 -0.496575 0.036089
2.02885 -0.500586 0.035918
2.02727 -0.506958 0.035918
2.01597 -0.510868 0.035746
2.02404 -0.519685 0.035918
2.0224 -0.526041 0.035918
2.01107 -0.529845 0.035746
1.99007 -0.531005 0.035402
1.98839 -0.537254 0.035402
1.9867 -0.543498 0.035402
1.98498 -0.549737 0.035402
1.97361 -0.553271 0.03523
1.97187 -0.559469 0.03523
1.9701 -0.565661 0.03523
1.96831 -0.571847 0.03523
1.94732 -0.572389 0.034886
1.94551 -0.578504 0.034886
1.94369 -0.584613 0.034886
1.94184 -0.590716 0.034886
1.93997 -0.596814 0.034886
1.92854 -0.599935 0.034715
1.92665 -0.605991 0.034715
1.93426 -0.615071 0.034886
1.93232 -0.621144 0.034886
1.92085 -0.624122 0.034715
1.92838 -0.633273 0.034886
1.91689 -0.636179 0.034715
1.91488 -0.642198 0.034715
1.90339 -0.645001 0.034543
1.90135 -0.650978 0.034543
1.90875 -0.660216 0.034715
1.89722 -0.662911 0.034543
1.8857 -0.665541 0.034371
1.8836 -0.671462 0.034371
1.88148 -0.677376 0.034371
1.87935 -0.683283 0.034371
1.87719 -0.689184 0.034371
1.86564 -0.691603 0.034199
1.86346 -0.69746 0.034199
1.85191 -0.699777 0.034027
1.8497 -0.705591 0.034027
1.83814 -0.707806 0.033855
1.83591 -0.713577 0.033855
1.83366 -0.719341 0.033855
1.83139 -0.725098 0.033855
1.8291 -0.730848 0.033855
1.81752 -0.732852 0.033683
1.80595 -0.73479 0.033512
1.80363 -0.74046 0.033512
1.8013 -0.746122 0.033512
1.79895 -0.751778 0.033512
1.79657 -0.757426 0.033512
1.79419 -0.763066 0.033512
1.79178 -0.768699 0.033512
1.78018 -0.770353 0.03334
1.78692 -0.779942 0.033512
1.78446 -0.785551 0.033512
1.77284 -0.787097 0.03334
1.77036 -0.792662 0.03334
1.76786 -0.79822 0.03334
1.76534 -0.80377 0.03334
1.76281 -0.809312 0.03334
1.75119 -0.810646 0.033168
1.74863 -0.816143 0.033168
1.74606 -0.821633 0.033168
1.74347 -0.827114 0.033168
1.74086 -0.832587 0.033168
1.72923 -0.83371 0.032996
1.7266 -0.839138 0.032996
1.73294 -0.848957 0.033168
1.7213 -0.84997 0.032996
1.70967 -0.850919 0.032824
1.69805 -0.851802 0.032652
1.69536 -0.857133 0.032652
1.69266 -0.862455 0.032652
1.69884 -0.872335 0.032824
1.69609 -0.877668 0.032824
1.68446 -0.878369 0.032652
1.67284 -0.879006 0.03248
1.67007 -0.884257 0.03248
1.66728 -0.889499 0.03248
1.66448 -0.894733 0.03248
1.66166 -0.899957 0.03248
1.65883 -0.905173 0.03248
1.65597 -0.91038 0.03248
1.65311 -0.915578 0.03248
1.64149 -0.915895 0.032309
1.6386 -0.921047 0.032309
1.65311 -0.936044 0.032652
1.65016 -0.941233 0.032652
1.63852 -0.941431 0.03248
1.63556 -0.946574 0.03248
1.63257 -0.951707 0.03248
1.6382 -0.961894 0.032652
1.61796 -0.956856 0.032309
1.62353 -0.967051 0.03248
1.61191 -0.967004 0.032309
1.61742 -0.977233 0.03248
1.6058 -0.977112 0.032309
1.61125 -0.987376 0.03248
1.59963 -0.987182 0.032309
1.59652 -0.992203 0.032309
1.5934 -0.997214 0.032309
1.5818 -0.996884 0.032137
1.5871 -1.00721 0.032309
1.57551 -1.0068 0.032137
1.57233 -1.01175 0.032137
1.56915 -1.01668 0.032137
1.56595 -1.02161 0.032137
1.55437 -1.02103 0.031965
1.55116 -1.02591 0.031965
1.55625 -1.03632 0.032137
1.54468 -1.03564 0.031965
1.54971 -1.04608 0.032137
1.53814 -1.04532 0.031965
1.53485 -1.05015 0.031965
1.53154 -1.05496 0.031965
1.52822 -1.05977 0.031965
1.52489 -1.06457 0.031965
1.51335 -1.0636 0.031793
1.51817 -1.07413 0.031965
1.51479 -1.07889 0.031965
1.51139 -1.08364 0.031965
1.50798 -1.08839 0.031965
1.51264 -1.099 0.032137
1.50918 -1.10374 0.032137
1.5057 -1.10848 0.032137
1.49418 -1.10725 0.031965
1.49069 -1.11194 0.031965
1.4792 -1.11061 0.031793
1.46773 -1.10923 0.031621
1.44832 -1.10172 0.031277
