2.28246 -0.626124 -0.633115
2.22463 -0.617782 -0.61761
2.25988 -0.635224 -0.627947
2.24858 -0.639678 -0.625363
2.24656 -0.646739 -0.625363
2.23525 -0.651092 -0.622779
2.23319 -0.658111 -0.622779
2.24037 -0.667883 -0.625363
2.24751 -0.677707 -0.627947
2.23613 -0.681946 -0.625363
2.24321 -0.691815 -0.627947
2.24102 -0.698859 -0.627947
2.23882 -0.705896 -0.627947
2.22738 -0.709992 -0.625363
2.22514 -0.716986 -0.625363
2.23206 -0.726964 -0.627947
2.22977 -0.733973 -0.627947
2.21829 -0.737925 -0.625363
2.2068 -0.741812 -0.622779
2.16787 -0.736314 -0.612442
2.17481 -0.745877 -0.615026
2.1632 -0.749921 -0.612442
2.15172 -0.75352 -0.609858
2.14934 -0.760276 -0.609858
2.13784 -0.763775 -0.607274
2.13543 -0.770487 -0.607274
2.13314 -0.77682 -0.607274
2.12162 -0.780183 -0.60469
2.11916 -0.786844 -0.60469
2.11667 -0.793498 -0.60469
2.11417 -0.800144 -0.60469
2.11165 -0.806782 -0.60469
2.09995 -0.810302 -0.602106
2.08839 -0.813389 -0.599521
2.09496 -0.823115 -0.602106
2.11032 -0.836814 -0.607274
2.11665 -0.847029 -0.609858
2.11398 -0.853674 -0.609858
2.11129 -0.860311 -0.609858
2.10858 -0.86694 -0.609858
2.088 -0.866157 -0.60469
2.10309 -0.880171 -0.609858
2.09141 -0.883017 -0.607274
2.08863 -0.889582 -0.607274
2.08582 -0.89614 -0.607274
2.07413 -0.898847 -0.60469
2.0713 -0.905358 -0.60469
2.02425 -0.892377 -0.591769
2.03909 -0.906581 -0.596937
2.02741 -0.90903 -0.594353
2.01575 -0.911415 -0.591769
2.02166 -0.921751 -0.594353
2.0012 -0.920027 -0.589185
2.00707 -0.930372 -0.591769
2.00413 -0.936673 -0.591769
2.00118 -0.942965 -0.591769
1.99821 -0.949247 -0.591769
1.9865 -0.951347 -0.589185
1.98351 -0.957583 -0.589185
1.98049 -0.96381 -0.589185
1.97745 -0.970027 -0.589185
1.97439 -0.976234 -0.589185
1.96267 -0.978124 -0.586601
1.96822 -0.988621 -0.589185
1.98234 -1.00353 -0.594353
1.98778 -1.01414 -0.596937
1.976 -1.01596 -0.594353
1.98137 -1.02661 -0.596937
1.96958 -1.02836 -0.594353
1.96634 -1.03454 -0.594353
1.96308 -1.04071 -0.594353
1.9598 -1.04687 -0.594353
1.94799 -1.04845 -0.591769
1.94469 -1.05456 -0.591769
1.94984 -1.0653 -0.594353
1.93802 -1.06676 -0.591769
1.87552 -1.04005 -0.57368
1.89755 -1.06007 -0.581432
1.89421 -1.06603 -0.581432
1.89085 -1.07197 -0.581432
1.87908 -1.07311 -0.578848
1.88408 -1.08383 -0.581432
1.88066 -1.08974 -0.581432
1.87723 -1.09565 -0.581432
1.86545 -1.09664 -0.578848
1.862 -1.1025 -0.578848
1.85852 -1.10834 -0.578848
1.85503 -1.11418 -0.578848
1.84326 -1.115 -0.576264
1.848 -1.12581 -0.578848
1.83622 -1.12656 -0.576264
1.84089 -1.1374 -0.578848
1.8209 -1.13297 -0.57368
1.82552 -1.14381 -0.576264
1.81374 -1.14439 -0.57368
1.81829 -1.15526 -0.576264
1.80652 -1.15576 -0.57368
1.80288 -1.16143 -0.57368
1.79112 -1.16183 -0.571096
1.80363 -1.17802 -0.576264
1.78378 -1.17306 -0.571096
1.77203 -1.17333 -0.568512
1.76834 -1.17889 -0.568512
1.77265 -1.18982 -0.571096
1.7689 -1.19538 -0.571096
1.75715 -1.1955 -0.568512
1.75359 -1.20071 -0.568512
1.75777 -1.2117 -0.571096
1.76189 -1.22272 -0.57368
1.78971 -1.25038 -0.584017
1.76997 -1.24488 -0.578848
1.78182 -1.2616 -0.584017
1.76998 -1.26158 -0.581432
1.75794 -1.26181 -0.578848
1.7618 -1.27299 -0.581432
1.75779 -1.27852 -0.581432
1.74597 -1.27833 -0.578848
1.74972 -1.28954 -0.581432
1.73791 -1.28927 -0.578848
1.74159 -1.3005 -0.581432
1.73749 -1.30597 -0.581432
1.70256 -1.28811 -0.571096
1.69082 -1.2876 -0.568512
1.6791 -1.28703 -0.565928
1.6827 -1.2982 -0.568512
1.67861 -1.30348 -0.568512
1.6669 -1.30279 -0.565928
1.65521 -1.30205 -0.563343
1.64353 -1.30125 -0.560759
2.3147 -0.658922 -0.555789
2.2658 -0.652705 -0.544538
2.30116 -0.670726 -0.553539
2.28035 -0.67244 -0.549038
2.26889 -0.676815 -0.546788
2.27608 -0.686755 -0.549038
2.26459 -0.691058 -0.546788
2.26241 -0.698169 -0.546788
2.2602 -0.705273 -0.546788
2.25798 -0.71237 -0.546788
2.25573 -0.71946 -0.546788
2.25345 -0.726543 -0.546788
2.2419 -0.7306 -0.544538
2.23959 -0.73764 -0.544538
2.23726 -0.744672 -0.544538
2.22568 -0.74859 -0.542288
2.21409 -0.752444 -0.540038
2.22106 -0.762172 -0.542288
2.21852 -0.769533 -0.542288
2.21609 -0.776499 -0.542288
2.20446 -0.780207 -0.540038
2.21117 -0.790408 -0.542288
2.21784 -0.800659 -0.544538
2.21546 -0.807236 -0.544538
2.21291 -0.814192 -0.544538
2.20121 -0.817747 -0.542288
2.19863 -0.824658 -0.542288
2.19603 -0.831562 -0.542288
2.1934 -0.838456 -0.542288
2.19061 -0.845725 -0.542288
2.18794 -0.852603 -0.542288
2.1854 -0.859091 -0.542288
2.10118 -0.833614 -0.522036
2.12569 -0.851076 -0.528787
2.13204 -0.8614 -0.531037
2.1203 -0.864415 -0.528787
2.12659 -0.874779 -0.531037
2.11483 -0.87772 -0.528787
2.12105 -0.888123 -0.531037
2.10029 -0.887199 -0.526537
2.0975 -0.893793 -0.526537
2.09468 -0.900378 -0.526537
2.09184 -0.906954 -0.526537
2.08898 -0.913521 -0.526537
2.07718 -0.916148 -0.524287
2.06539 -0.918709 -0.522036
2.07139 -0.929181 -0.524287
2.05958 -0.931668 -0.522036
2.07437 -0.946221 -0.526537
2.08024 -0.956805 -0.528787
2.06839 -0.959236 -0.526537
2.07419 -0.969856 -0.528787
2.07113 -0.976368 -0.528787
2.07685 -0.987052 -0.531037
2.06496 -0.989362 -0.528787
2.06184 -0.995844 -0.528787
2.0587 -1.00232 -0.528787
2.04679 -1.00449 -0.526537
2.03489 -1.00659 -0.524287
2.03172 -1.01298 -0.524287
1.97629 -0.993108 -0.510786
1.99055 -1.00812 -0.515286
1.99605 -1.01879 -0.517536
1.99284 -1.02506 -0.517536
1.98096 -1.02683 -0.515286
1.97772 -1.03305 -0.515286
1.97447 -1.03926 -0.515286
1.97119 -1.04546 -0.515286
1.9679 -1.05164 -0.515286
1.96459 -1.05782 -0.515286
1.96125 -1.06399 -0.515286
1.9579 -1.07014 -0.515286
1.94599 -1.07159 -0.513036
1.94262 -1.0777 -0.513036
1.93072 -1.07904 -0.510786
1.9443 -1.09466 -0.515286
1.91542 -1.08634 -0.508535
1.93738 -1.10686 -0.515286
1.95079 -1.12266 -0.519786
1.93882 -1.12389 -0.517536
1.93528 -1.12998 -0.517536
1.93172 -1.13605 -0.517536
1.91976 -1.13715 -0.515286
1.91618 -1.14318 -0.515286
1.92093 -1.15421 -0.517536
1.92563 -1.16528 -0.519786
1.91364 -1.16626 -0.517536
1.90996 -1.17226 -0.517536
1.90627 -1.17826 -0.517536
1.84466 -1.1482 -0.501785
1.86581 -1.16951 -0.508535
1.87036 -1.18057 -0.510786
1.85842 -1.18121 -0.508535
1.8547 -1.18704 -0.508535
1.85096 -1.19287 -0.508535
1.84721 -1.19867 -0.508535
1.83528 -1.19914 -0.506285
1.83964 -1.21026 -0.508535
1.82771 -1.21065 -0.506285
1.81579 -1.21098 -0.504035
1.82006 -1.22211 -0.506285
1.81621 -1.22782 -0.506285
1.80429 -1.22804 -0.504035
1.81672 -1.2444 -0.508535
1.80478 -1.24457 -0.506285
1.80886 -1.25579 -0.508535
1.80491 -1.26146 -0.508535
1.80891 -1.27274 -0.510786
1.8049 -1.27841 -0.510786
1.80087 -1.28408 -0.510786
1.7966 -1.29004 -0.510786
1.79254 -1.29568 -0.510786
1.78847 -1.3013 -0.510786
1.77651 -1.30116 -0.508535
1.78025 -1.31252 -0.510786
1.7683 -1.31229 -0.508535
1.76417 -1.31784 -0.508535
1.75223 -1.31752 -0.506285
1.74808 -1.32302 -0.506285
1.70516 -1.29899 -0.495034
1.72427 -1.32212 -0.501785
1.72011 -1.32753 -0.501785
1.71593 -1.33293 -0.501785
1.71173 -1.33831 -0.501785
1.69986 -1.33766 -0.499535
1.67274 -1.32484 -0.492784
1.6838 -1.34224 -0.497285
2.36274 -0.697184 -0.481145
2.33232 -0.696182 -0.475394
2.35831 -0.712016 -0.481145
2.34668 -0.716555 -0.479228
2.34441 -0.723924 -0.479228
2.3515 -0.734211 -0.481145
2.34918 -0.741595 -0.481145
2.32579 -0.750314 -0.477311
2.32342 -0.757617 -0.477311
2.29307 -0.755696 -0.471561
2.29999 -0.765998 -0.473477
2.28827 -0.770089 -0.471561
2.26726 -0.770955 -0.467727
2.28353 -0.784053 -0.471561
2.24382 -0.778749 -0.463893
2.27841 -0.798783 -0.471561
2.24814 -0.796108 -0.46581
2.25487 -0.806472 -0.467727
2.25232 -0.813552 -0.467727
2.27756 -0.830316 -0.473477
2.26573 -0.834077 -0.471561
2.2539 -0.837771 -0.469644
2.25126 -0.844848 -0.469644
2.24859 -0.851916 -0.469644
2.25507 -0.862482 -0.471561
2.22474 -0.859346 -0.46581
2.23117 -0.869896 -0.467727
2.21944 -0.87292 -0.46581
2.20757 -0.876267 -0.463893
2.2048 -0.883198 -0.463893
2.20202 -0.890121 -0.463893
2.19921 -0.897034 -0.463893
2.20546 -0.907674 -0.46581
2.16634 -0.899543 -0.458142
2.18161 -0.913929 -0.461976
2.16065 -0.913137 -0.458142
2.17582 -0.927618 -0.461976
2.16388 -0.930572 -0.460059
2.15194 -0.933459 -0.458142
2.14001 -0.936281 -0.456225
2.12808 -0.939037 -0.454308
2.15202 -0.95769 -0.460059
2.11318 -0.948371 -0.452391
2.12807 -0.963099 -0.456225
2.10718 -0.96163 -0.452391
2.12198 -0.976451 -0.456225
2.11 -0.978982 -0.454308
2.1158 -0.989764 -0.456225
2.10381 -0.99222 -0.454308
2.10068 -0.998824 -0.454308
2.09753 -1.00542 -0.454308
2.09436 -1.012 -0.454308
2.08235 -1.01428 -0.452391
2.08796 -1.02514 -0.454308
2.08473 -1.0317 -0.454308
2.06392 -1.02948 -0.450474
2.06944 -1.04037 -0.452391
2.06616 -1.04686 -0.452391
2.0716 -1.05781 -0.454308
2.04749 -1.06177 -0.450474
2.02675 -1.05911 -0.446641
2.04946 -1.07919 -0.452391
2.02872 -1.07642 -0.448558
2.03399 -1.08742 -0.450474
2.02192 -1.08915 -0.448558
2.00986 -1.09081 -0.446641
2.02365 -1.10654 -0.450474
1.99437 -1.09868 -0.444724
1.99949 -1.1097 -0.446641
1.98743 -1.11119 -0.444724
1.96683 -1.1078 -0.44089
1.92919 -1.0946 -0.433222
1.98539 -1.13474 -0.446641
1.98181 -1.14097 -0.446641
1.98671 -1.15212 -0.448558
1.98308 -1.15835 -0.448558
1.97943 -1.16458 -0.448558
1.96732 -1.16579 -0.446641
1.96365 -1.17196 -0.446641
1.95996 -1.17813 -0.446641
1.95625 -1.18428 -0.446641
1.94414 -1.18531 -0.444724
1.9404 -1.19141 -0.444724
1.9283 -1.19234 -0.442807
1.92455 -1.19839 -0.442807
1.91246 -1.19922 -0.44089
1.91698 -1.21046 -0.442807
1.90489 -1.21121 -0.44089
1.90934 -1.22248 -0.442807
1.90549 -1.22847 -0.442807
1.87692 -1.21842 -0.437056
1.88951 -1.23505 -0.44089
1.88563 -1.24098 -0.44089
1.86535 -1.23606 -0.437056
1.87779 -1.2528 -0.44089
1.8657 -1.25322 -0.438973
1.86175 -1.25908 -0.438973
1.8659 -1.27045 -0.44089
1.83783 -1.25933 -0.435139
1.81771 -1.25396 -0.431305
1.81376 -1.25966 -0.431305
1.84197 -1.28785 -0.438973
1.83791 -1.29363 -0.438973
1.83384 -1.29939 -0.438973
1.83774 -1.31085 -0.44089
1.83338 -1.31693 -0.44089
1.83719 -1.32844 -0.442807
1.82507 -1.32843 -0.44089
1.83672 -1.34576 -0.444724
1.83249 -1.35152 -0.444724
1.81247 -1.34557 -0.44089
1.8161 -1.35713 -0.442807
1.79614 -1.35103 -0.438973
1.78406 -1.35074 -0.437056
1.772 -1.35039 -0.435139
1.76775 -1.35595 -0.435139
1.75571 -1.3555 -0.433222
1.75145 -1.36101 -0.433222
1.75489 -1.37255 -0.435139
1.74286 -1.37199 -0.433222
1.73854 -1.37746 -0.433222
1.74188 -1.38903 -0.435139
2.40128 -0.725445 -0.399003
2.35176 -0.718557 -0.391149
2.39667 -0.740518 -0.399003
2.38491 -0.745099 -0.397432
2.37314 -0.749613 -0.395861
2.37077 -0.757065 -0.395861
2.35898 -0.761475 -0.39429
2.35658 -0.768883 -0.39429
2.35415 -0.776282 -0.39429
2.3517 -0.783674 -0.39429
2.34923 -0.791058 -0.39429
2.35608 -0.801616 -0.395861
2.33501 -0.802185 -0.392719
2.33234 -0.809924 -0.392719
2.32978 -0.817247 -0.392719
2.3272 -0.824562 -0.392719
2.3246 -0.83187 -0.392719
2.3034 -0.832455 -0.389578
2.3102 -0.84267 -0.391149
2.32337 -0.864053 -0.39429
2.32989 -0.87482 -0.395861
2.31789 -0.878634 -0.39429
2.3059 -0.882383 -0.392719
2.30296 -0.890024 -0.392719
2.27255 -0.886488 -0.388007
2.30667 -0.907692 -0.39429
2.29463 -0.911289 -0.392719
2.27342 -0.911145 -0.389578
2.26139 -0.91458 -0.388007
2.27679 -0.929143 -0.391149
2.20994 -0.90997 -0.380152
2.24355 -0.932063 -0.386436
2.24061 -0.939107 -0.386436
2.22855 -0.942295 -0.384865
2.20742 -0.941543 -0.381723
2.21352 -0.952376 -0.383294
2.21957 -0.963257 -0.384865
2.20749 -0.966265 -0.383294
2.19541 -0.969207 -0.381723
2.18333 -0.972082 -0.380152
2.17126 -0.974891 -0.378581
2.17718 -0.985781 -0.380152
2.16509 -0.988514 -0.378581
2.17094 -0.999441 -0.380152
2.17675 -1.01041 -0.381723
2.18251 -1.02143 -0.383294
2.19715 -1.03672 -0.386436
2.17605 -1.03513 -0.383294
2.15498 -1.03342 -0.380152
2.1695 -1.04878 -0.383294
2.1662 -1.05559 -0.383294
2.15401 -1.05804 -0.381723
2.15952 -1.06918 -0.383294
2.14732 -1.07155 -0.381723
2.17041 -1.0916 -0.386436
2.14935 -1.08949 -0.383294
2.14592 -1.09623 -0.383294
2.081 -1.07132 -0.372298
2.09516 -1.08695 -0.37544
2.07423 -1.08438 -0.372298
2.07955 -1.09549 -0.373869
2.0761 -1.10202 -0.373869
2.06391 -1.10388 -0.372298
2.06044 -1.11036 -0.372298
2.06562 -1.12154 -0.373869
2.05342 -1.12328 -0.372298
2.04988 -1.12973 -0.372298
2.03769 -1.13137 -0.370727
2.04274 -1.14259 -0.372298
2.03054 -1.14415 -0.370727
2.03552 -1.1554 -0.372298
2.03188 -1.16179 -0.372298
2.03678 -1.17309 -0.373869
2.03309 -1.17949 -0.373869
2.04642 -1.19583 -0.377011
2.0001 -1.17721 -0.369156
2.03887 -1.20867 -0.377011
2.00962 -1.19988 -0.372298
2.03123 -1.22145 -0.377011
2.00204 -1.21248 -0.372298
2.00666 -1.22391 -0.373869
2.01122 -1.23537 -0.37544
1.98213 -1.2261 -0.370727
1.99503 -1.24276 -0.373869
1.99112 -1.24903 -0.373869
1.92039 -1.21308 -0.361302
1.9499 -1.24031 -0.367585
1.94599 -1.24643 -0.367585
1.93377 -1.24718 -0.366014
1.93812 -1.25863 -0.367585
1.93416 -1.26471 -0.367585
1.92193 -1.26535 -0.366014
1.92618 -1.27684 -0.367585
1.92216 -1.28289 -0.367585
1.90992 -1.28341 -0.366014
1.8977 -1.28387 -0.364444
1.90182 -1.29539 -0.366014
1.90611 -1.30661 -0.367585
1.88574 -1.30137 -0.364444
1.88975 -1.31292 -0.366014
1.9018 -1.33017 -0.369156
1.89762 -1.33614 -0.369156
1.90952 -1.35352 -0.372298
1.88114 -1.3423 -0.367585
1.87668 -1.34853 -0.367585
1.88044 -1.36021 -0.369156
1.90011 -1.38355 -0.373869
1.88779 -1.38367 -0.372298
1.87548 -1.38374 -0.370727
1.88698 -1.4014 -0.373869
1.84302 -1.37775 -0.366014
1.86236 -1.40135 -0.370727
1.83433 -1.38931 -0.366014
1.8221 -1.38908 -0.364444
1.79422 -1.37676 -0.359731
1.81334 -1.4005 -0.364444
1.79333 -1.39406 -0.361302
1.8045 -1.41186 -0.364444
1.7923 -1.41141 -0.362873
1.78012 -1.4109 -0.361302
1.76023 -1.40417 -0.35816
2.3659 -0.747782 -0.305505
2.40136 -0.767294 -0.310393
2.3706 -0.765683 -0.306727
2.37762 -0.776207 -0.307949
2.36574 -0.780563 -0.306727
2.36328 -0.787991 -0.306727
2.35139 -0.792243 -0.305505
2.34889 -0.799626 -0.305505
2.33712 -0.803365 -0.304283
2.33444 -0.811111 -0.304283
2.33188 -0.818441 -0.304283
2.31994 -0.822446 -0.303061
2.31735 -0.829731 -0.303061
2.31473 -0.837007 -0.303061
2.30291 -0.840468 -0.301839
2.30957 -0.851131 -0.303061
2.29759 -0.854921 -0.301839
2.29489 -0.862135 -0.301839
2.29217 -0.86934 -0.301839
2.28943 -0.876537 -0.301839
2.28651 -0.884124 -0.301839
2.28372 -0.891303 -0.301839
2.27183 -0.894439 -0.300617
2.26901 -0.901572 -0.300617
2.26617 -0.908696 -0.300617
2.2541 -0.912088 -0.299395
2.25122 -0.919165 -0.299395
2.23915 -0.922452 -0.298173
2.23624 -0.929482 -0.298173
2.23331 -0.936503 -0.298173
2.22121 -0.939647 -0.296951
2.22738 -0.950517 -0.298173
2.2335 -0.961434 -0.299395
2.25778 -0.980304 -0.303061
2.2365 -0.979429 -0.300617
2.23341 -0.986451 -0.300617
2.2303 -0.993462 -0.300617
2.23623 -1.00453 -0.301839
2.22402 -1.00746 -0.300617
2.22987 -1.01856 -0.301839
2.19962 -1.01311 -0.298173
2.21443 -1.02837 -0.300617
2.20219 -1.03112 -0.299395
2.16304 -1.02108 -0.294507
2.15983 -1.02787 -0.294507
2.15659 -1.03465 -0.294507
2.15333 -1.04142 -0.294507
2.14112 -1.04383 -0.293285
2.13783 -1.05055 -0.293285
2.13452 -1.05726 -0.293285
2.13119 -1.06396 -0.293285
2.12784 -1.07065 -0.293285
2.11561 -1.07284 -0.292063
2.11223 -1.07949 -0.292063
2.1 -1.08157 -0.290841
2.08779 -1.08359 -0.289619
2.08437 -1.09015 -0.289619
2.0985 -1.10594 -0.292063
2.10378 -1.11719 -0.293285
2.11776 -1.13315 -0.295729
2.11419 -1.1398 -0.295729
2.1106 -1.14644 -0.295729
2.09828 -1.1483 -0.294507
2.09466 -1.15489 -0.294507
2.09102 -1.16146 -0.294507
2.0787 -1.16318 -0.293285
2.07504 -1.1697 -0.293285
2.07135 -1.17621 -0.293285
2.05903 -1.17779 -0.292063
2.03812 -1.17434 -0.289619
2.02584 -1.17576 -0.288397
2.01357 -1.1771 -0.287175
2.01841 -1.18846 -0.288397
2.00613 -1.18973 -0.287175
2.01091 -1.20112 -0.288397
1.99862 -1.20231 -0.287175
1.99483 -1.20859 -0.287175
1.98255 -1.20968 -0.285953
1.9872 -1.2211 -0.287175
1.98335 -1.22733 -0.287175
1.97106 -1.22831 -0.285953
1.96719 -1.2345 -0.285953
1.95492 -1.23537 -0.284731
1.94265 -1.23618 -0.283509
1.94711 -1.24763 -0.284731
1.95152 -1.25912 -0.285953
1.96421 -1.27606 -0.288397
1.96849 -1.28765 -0.289619
1.95615 -1.28837 -0.288397
1.96036 -1.3 -0.289619
1.95627 -1.30615 -0.289619
1.96039 -1.31783 -0.290841
1.96446 -1.32954 -0.292063
1.92747 -1.31335 -0.287175
1.93175 -1.32468 -0.288397
1.93575 -1.33638 -0.289619
1.93154 -1.34245 -0.289619
1.89478 -1.32576 -0.284731
1.88249 -1.32599 -0.283509
1.87832 -1.33189 -0.283509
1.87413 -1.33779 -0.283509
1.86968 -1.34399 -0.283509
1.86545 -1.34986 -0.283509
1.8612 -1.35572 -0.283509
1.84892 -1.35569 -0.282286
1.85264 -1.36738 -0.283509
1.84037 -1.36728 -0.282286
1.83607 -1.37305 -0.282286
1.83174 -1.37882 -0.282286
1.8274 -1.38456 -0.282286
1.83094 -1.39631 -0.283509
1.81867 -1.39602 -0.282286
1.81427 -1.40172 -0.282286
1.80986 -1.40742 -0.282286
1.79761 -1.40698 -0.281064
1.79318 -1.41262 -0.281064
1.78874 -1.41824 -0.281064
1.77652 -1.41767 -0.279842
1.77205 -1.42324 -0.279842
2.4479 -0.782638 -0.22728
2.43595 -0.787261 -0.226399
2.424 -0.791817 -0.225518
2.43096 -0.802551 -0.226399
2.41898 -0.807031 -0.225518
2.41643 -0.814627 -0.225518
2.41386 -0.822214 -0.225518
2.40864 -0.837364 -0.225518
2.406 -0.844927 -0.225518
2.39395 -0.849152 -0.224637
2.40064 -0.860028 -0.225518
2.39793 -0.867565 -0.225518
2.38599 -0.87126 -0.224637
2.38324 -0.878751 -0.224637
2.3898 -0.889709 -0.225518
2.36835 -0.890203 -0.223756
2.36554 -0.897639 -0.223756
2.3348 -0.894377 -0.221113
2.34111 -0.905708 -0.221994
2.33826 -0.913059 -0.221994
2.32627 -0.916342 -0.221113
2.33263 -0.927325 -0.221994
2.32047 -0.93094 -0.221113
2.3083 -0.934487 -0.220232
2.30535 -0.941734 -0.220232
2.29317 -0.945176 -0.219351
2.29019 -0.952376 -0.219351
2.28719 -0.959566 -0.219351
2.28416 -0.966747 -0.219351
2.27195 -0.970006 -0.21847
2.25974 -0.973199 -0.217589
2.25668 -0.980293 -0.217589
2.25358 -0.987378 -0.217589
2.25958 -0.998479 -0.21847
2.25643 -1.00557 -0.21847
2.25326 -1.01266 -0.21847
2.241 -1.01562 -0.217589
2.22874 -1.01851 -0.216708
2.22553 -1.02551 -0.216708
2.22229 -1.0325 -0.216708
2.201 -1.03102 -0.214947
2.19775 -1.03793 -0.214947
2.20347 -1.04911 -0.215827
2.19118 -1.05172 -0.214947
2.18787 -1.0586 -0.214947
2.18453 -1.06547 -0.214947
2.17223 -1.06793 -0.214066
2.17779 -1.07917 -0.214947
2.17439 -1.08601 -0.214947
2.16207 -1.08835 -0.214066
2.16753 -1.09965 -0.214947
2.15519 -1.10192 -0.214066
2.14286 -1.10412 -0.213185
2.14823 -1.11544 -0.214066
2.13589 -1.11756 -0.213185
2.14118 -1.12891 -0.214066
2.12882 -1.13096 -0.213185
2.11648 -1.13294 -0.212304
2.11291 -1.13959 -0.212304
2.10056 -1.14146 -0.211423
2.09697 -1.14806 -0.211423
2.10207 -1.15945 -0.212304
2.08971 -1.16121 -0.211423
2.08605 -1.16777 -0.211423
2.0737 -1.16942 -0.210542
2.07868 -1.18085 -0.211423
2.07495 -1.18738 -0.211423
2.07121 -1.19389 -0.211423
2.06745 -1.20039 -0.211423
2.06367 -1.20688 -0.211423
2.07704 -1.22347 -0.213185
2.06462 -1.2249 -0.212304
2.06076 -1.23138 -0.212304
2.05688 -1.23785 -0.212304
2.05298 -1.24431 -0.212304
2.04906 -1.25075 -0.212304
2.05361 -1.2624 -0.213185
2.04963 -1.26884 -0.213185
2.05409 -1.28055 -0.214066
2.03318 -1.2764 -0.212304
2.03758 -1.28811 -0.213185
2.02512 -1.28915 -0.212304
2.00429 -1.28476 -0.210542
1.99187 -1.28564 -0.209661
1.97947 -1.28647 -0.20878
1.97542 -1.29268 -0.20878
1.97135 -1.29888 -0.20878
1.96726 -1.30507 -0.20878
1.96315 -1.31124 -0.20878
1.95902 -1.3174 -0.20878
1.95487 -1.32355 -0.20878
1.95071 -1.32968 -0.20878
1.94675 -1.33547 -0.20878
1.94255 -1.34158 -0.20878
1.93832 -1.34767 -0.20878
1.93408 -1.35375 -0.20878
1.92167 -1.35408 -0.207899
1.9291 -1.37805 -0.209661
1.94094 -1.39573 -0.211423
1.92847 -1.39598 -0.210542
1.91603 -1.39617 -0.209661
1.91163 -1.40218 -0.209661
1.91523 -1.4141 -0.210542
1.90278 -1.41416 -0.209661
1.91428 -1.43207 -0.211423
1.89386 -1.42609 -0.209661
1.88937 -1.43203 -0.209661
1.88486 -1.43796 -0.209661
1.88034 -1.44388 -0.209661
1.89155 -1.46196 -0.211423
1.8555 -1.44343 -0.207899
1.85096 -1.44925 -0.207899
1.8464 -1.45506 -0.207899
1.83401 -1.45466 -0.207018
1.81386 -1.44799 -0.205256
1.8093 -1.45368 -0.205256
2.48177 -0.828462 -0.137362
2.46023 -0.829871 -0.136314
2.45761 -0.837596 -0.136314
2.44552 -0.842062 -0.135789
2.4523 -0.853021 -0.136314
2.43076 -0.8541 -0.135265
2.43748 -0.865073 -0.135789
2.43475 -0.872726 -0.135789
2.40383 -0.870173 -0.134217
2.41999 -0.884156 -0.135265
2.41721 -0.891754 -0.135265
2.39567 -0.892372 -0.134217
2.39286 -0.899893 -0.134217
2.39002 -0.907406 -0.134217
2.38716 -0.91491 -0.134217
2.3748 -0.919217 -0.133692
2.3719 -0.926673 -0.133692
2.35985 -0.930045 -0.133168
2.36619 -0.941145 -0.133692
2.40956 -0.967173 -0.136314
2.41577 -0.978487 -0.136838
2.40344 -0.982293 -0.136314
2.40034 -0.989839 -0.136314
2.388 -0.993539 -0.135789
2.38487 -1.00104 -0.135789
2.38171 -1.00852 -0.135789
2.37853 -1.016 -0.135789
2.37533 -1.02347 -0.135789
2.38126 -1.03491 -0.136314
2.31397 -1.01432 -0.132644
2.29251 -1.01351 -0.131595
2.29843 -1.02477 -0.132119
2.28609 -1.02789 -0.131595
2.28285 -1.03507 -0.131595
2.27959 -1.04223 -0.131595
2.2763 -1.04939 -0.131595
2.26394 -1.05233 -0.131071
2.26967 -1.06367 -0.131595
2.23923 -1.058 -0.130022
2.24491 -1.06932 -0.130547
2.24154 -1.07637 -0.130547
2.22916 -1.07906 -0.130022
2.23473 -1.09043 -0.130547
2.24025 -1.10186 -0.131071
2.26362 -1.1222 -0.132644
2.26009 -1.1293 -0.132644
2.25653 -1.13639 -0.132644
2.25294 -1.14348 -0.132644
2.24934 -1.15055 -0.132644
2.22796 -1.14846 -0.131595
2.22434 -1.15545 -0.131595
2.2207 -1.16244 -0.131595
2.22587 -1.17407 -0.132119
2.22217 -1.18105 -0.132119
2.17444 -1.16446 -0.129498
2.17077 -1.17128 -0.129498
2.16708 -1.1781 -0.129498
2.15461 -1.1801 -0.128974
2.15089 -1.18686 -0.128974
2.14715 -1.19362 -0.128974
2.14339 -1.20036 -0.128974
2.13091 -1.20218 -0.128449
2.12712 -1.20887 -0.128449
2.12331 -1.21554 -0.128449
2.11083 -1.21722 -0.127925
2.09836 -1.21883 -0.127401
2.10314 -1.23046 -0.127925
2.09066 -1.23199 -0.127401
2.10396 -1.24874 -0.128449
2.11717 -1.26559 -0.129498
2.09607 -1.26194 -0.128449
2.0921 -1.26852 -0.128449
2.09662 -1.28029 -0.128974
2.08408 -1.28164 -0.128449
2.08005 -1.28818 -0.128449
2.07599 -1.29471 -0.128449
2.06346 -1.29591 -0.127925
2.05938 -1.30239 -0.127925
2.04685 -1.30349 -0.127401
2.04275 -1.30991 -0.127401
2.04701 -1.32174 -0.127925
2.0261 -1.31728 -0.126877
2.0136 -1.31816 -0.126352
2.02612 -1.33547 -0.127401
2.00528 -1.33079 -0.126352
2.00109 -1.33708 -0.126352
1.99688 -1.34336 -0.126352
1.98438 -1.34403 -0.125828
1.98839 -1.35588 -0.126352
1.97613 -1.35613 -0.125828
1.97186 -1.36233 -0.125828
1.96757 -1.36852 -0.125828
1.97144 -1.38042 -0.126352
1.95893 -1.38085 -0.125828
1.95458 -1.387 -0.125828
1.96622 -1.40508 -0.126877
1.94559 -1.39959 -0.125828
1.93309 -1.39984 -0.125304
1.92061 -1.40002 -0.124779
1.92426 -1.41196 -0.125304
1.91981 -1.418 -0.125304
1.91535 -1.42402 -0.125304
1.91087 -1.43003 -0.125304
1.90636 -1.43603 -0.125304
1.89389 -1.43597 -0.124779
1.88936 -1.44192 -0.124779
1.89275 -1.45393 -0.125304
1.88817 -1.45987 -0.125304
1.88357 -1.46579 -0.125304
1.87896 -1.4717 -0.125304
1.86648 -1.47142 -0.124779
1.86968 -1.48348 -0.125304
1.8494 -1.47688 -0.124255
1.84475 -1.48269 -0.124255
2.51456 -0.866322 -0.045713
2.51182 -0.874218 -0.045713
2.49948 -0.879224 -0.045541
2.48728 -0.883725 -0.045369
2.48465 -0.891101 -0.045369
2.50064 -0.905712 -0.045713
2.48839 -0.910129 -0.045541
2.50428 -0.92487 -0.045885
2.51073 -0.936226 -0.046057
2.49842 -0.940587 -0.045885
2.5048 -0.951983 -0.046057
2.49246 -0.956266 -0.045885
2.49877 -0.967702 -0.046057
2.4864 -0.971908 -0.045885
2.47403 -0.976045 -0.045713
2.48025 -0.987511 -0.045885
2.38435 -0.958021 -0.044167
2.39986 -0.97302 -0.04451
2.40605 -0.984341 -0.044682
2.40295 -0.991895 -0.044682
2.39059 -0.995595 -0.04451
2.38745 -1.0031 -0.04451
2.37508 -1.00669 -0.044338
2.3811 -1.01808 -0.04451
2.36871 -1.0216 -0.044338
2.35632 -1.02505 -0.044167
2.35309 -1.03244 -0.044167
2.35897 -1.04388 -0.044338
2.34655 -1.04721 -0.044167
2.35237 -1.05868 -0.044338
2.34903 -1.06606 -0.044338
2.37295 -1.08592 -0.044854
2.36952 -1.09337 -0.044854
2.36608 -1.10081 -0.044854
2.36261 -1.10823 -0.044854
2.35911 -1.11565 -0.044854
2.3556 -1.12306 -0.044854
2.34304 -1.12612 -0.044682
2.33949 -1.13348 -0.044682
2.33592 -1.14082 -0.044682
2.28747 -1.12607 -0.043823
2.27497 -1.12881 -0.043651
2.28035 -1.14042 -0.043823
2.26783 -1.14308 -0.043651
2.26423 -1.1502 -0.043651
2.2517 -1.15275 -0.043479
2.24807 -1.15982 -0.043479
2.24442 -1.16688 -0.043479
2.23188 -1.16928 -0.043307
2.2282 -1.17629 -0.043307
2.22449 -1.18328 -0.043307
2.22076 -1.19026 -0.043307
2.20822 -1.19248 -0.043135
2.21324 -1.20419 -0.043307
2.20945 -1.21114 -0.043307
2.22314 -1.22774 -0.043651
2.24548 -1.24931 -0.044167
2.24154 -1.25635 -0.044167
2.23759 -1.26339 -0.044167
2.22492 -1.26547 -0.043995
2.22093 -1.27245 -0.043995
2.1996 -1.26943 -0.043651
2.1956 -1.27633 -0.043651
2.18295 -1.27817 -0.043479
2.17893 -1.28502 -0.043479
2.18348 -1.29697 -0.043651
2.11075 -1.26276 -0.042276
2.1239 -1.2797 -0.04262
2.11987 -1.28637 -0.04262
2.12435 -1.29824 -0.042792
2.11174 -1.29966 -0.04262
2.11615 -1.31156 -0.042792
2.10354 -1.3129 -0.04262
2.09094 -1.31419 -0.042448
2.09525 -1.32609 -0.04262
2.09107 -1.33267 -0.04262
2.07004 -1.32843 -0.042276
2.07426 -1.34036 -0.042448
2.06166 -1.34141 -0.042276
2.06579 -1.35336 -0.042448
2.06988 -1.36535 -0.04262
2.06558 -1.37185 -0.04262
2.10282 -1.40612 -0.043479
2.0901 -1.40714 -0.043307
2.08591 -1.41333 -0.043307
2.08972 -1.42551 -0.043479
2.08523 -1.43207 -0.043479
2.08895 -1.4443 -0.043651
2.06799 -1.43943 -0.043307
2.07164 -1.45166 -0.043479
2.06707 -1.45816 -0.043479
2.05433 -1.45886 -0.043307
1.98466 -1.41878 -0.041932
1.99643 -1.43669 -0.042276
1.99165 -1.44331 -0.042276
1.97903 -1.44366 -0.042104
1.97449 -1.44987 -0.042104
1.96992 -1.45607 -0.042104
1.97336 -1.46822 -0.042276
1.95273 -1.46242 -0.041932
1.94813 -1.46855 -0.041932
1.9435 -1.47467 -0.041932
1.93886 -1.48076 -0.041932
1.94213 -1.49294 -0.042104
1.92161 -1.4868 -0.041761
1.92482 -1.49897 -0.041932
1.91223 -1.49884 -0.041761
1.91536 -1.51103 -0.041932
1.91061 -1.51705 -0.041932
1.90583 -1.52304 -0.041932
1.89325 -1.52275 -0.041761
1.87291 -1.51611 -0.041417
2.59921 -1.38435 0.572412
2.59485 -1.39251 0.572412
2.53865 -1.37265 0.560963
2.51709 -1.37122 0.557147
2.50416 -1.3744 0.555239
2.49983 -1.38226 0.555239
2.4869 -1.38533 0.553331
2.48254 -1.39314 0.553331
2.47815 -1.40093 0.553331
2.46521 -1.40385 0.551423
2.4693 -1.41647 0.553331
2.46484 -1.42422 0.553331
2.46035 -1.43196 0.553331
2.46431 -1.44465 0.555239
2.4513 -1.44739 0.553331
2.44674 -1.45508 0.553331
2.459 -1.47285 0.557147
2.46277 -1.48564 0.559055
2.47487 -1.50356 0.562871
2.60621 -1.36771 0.466329
2.58443 -1.36665 0.463199
2.5627 -1.36548 0.460069
2.51488 -1.35016 0.452245
2.50194 -1.35336 0.45068
2.489 -1.35649 0.449115
2.48473 -1.3643 0.449115
2.48043 -1.3721 0.449115
2.46748 -1.37507 0.44755
2.46315 -1.38282 0.44755
2.4502 -1.38569 0.445986
2.43725 -1.38849 0.444421
2.44144 -1.40106 0.445986
2.41993 -1.39883 0.442856
2.42406 -1.4114 0.444421
2.43665 -1.429 0.44755
2.43215 -1.43665 0.44755
2.43611 -1.44933 0.449115
2.43154 -1.45698 0.449115
2.43541 -1.46971 0.45068
2.43922 -1.48249 0.452245
2.47667 -1.51592 0.460069
2.4719 -1.5237 0.460069
2.58836 -1.41122 0.360218
2.56651 -1.40979 0.357792
2.53602 -1.40342 0.354154
2.52292 -1.40655 0.352941
2.50984 -1.40961 0.351728
2.5054 -1.41749 0.351728
2.49231 -1.42043 0.350515
2.50505 -1.43814 0.352941
2.49193 -1.44104 0.351728
2.49597 -1.45385 0.352941
2.48282 -1.45666 0.351728
2.47824 -1.46446 0.351728
2.46509 -1.46716 0.350515
2.46899 -1.48 0.351728
2.45583 -1.48262 0.350515
2.48508 -1.51095 0.355367
2.48032 -1.51875 0.355367
2.47554 -1.52654 0.355367
2.4876 -1.54478 0.357792
2.48273 -1.55259 0.357792
2.47784 -1.56038 0.357792
2.46454 -1.56284 0.356579
2.46799 -1.57592 0.357792
2.43304 -1.57521 0.354154
2.64644 -1.02861 0.246664
2.62482 -1.02919 0.244933
2.62158 -1.03743 0.244933
2.60905 -1.04196 0.244068
2.60577 -1.05015 0.244068
2.59322 -1.05458 0.243202
2.59911 -1.0665 0.244068
2.59575 -1.07466 0.244068
2.59236 -1.08281 0.244068
2.59813 -1.09482 0.244933
2.57634 -1.09518 0.243202
2.58204 -1.1072 0.244068
2.56026 -1.1074 0.242337
2.5659 -1.11942 0.243202
2.55326 -1.12346 0.242337
2.54061 -1.12743 0.241471
2.53705 -1.13541 0.241471
2.52439 -1.13928 0.240606
2.5208 -1.1472 0.240606
2.52624 -1.15927 0.241471
2.51354 -1.16302 0.240606
2.50988 -1.17091 0.240606
2.50619 -1.17879 0.240606
2.49347 -1.18239 0.239741
2.48974 -1.19021 0.239741
2.47702 -1.1937 0.238875
2.47325 -1.20148 0.238875
2.46947 -1.20924 0.238875
2.46566 -1.217 0.238875
2.46182 -1.22474 0.238875
2.45796 -1.23247 0.238875
2.45408 -1.24018 0.238875
2.45017 -1.24788 0.238875
2.43737 -1.25103 0.23801
2.43343 -1.25868 0.23801
2.41179 -1.25711 0.236279
2.41665 -1.26931 0.237144
2.40385 -1.27224 0.236279
2.40863 -1.28447 0.237144
2.39581 -1.28731 0.236279
2.39175 -1.29483 0.236279
2.38767 -1.30234 0.236279
2.38357 -1.30984 0.236279
2.36201 -1.30767 0.234548
2.35789 -1.31508 0.234548
2.36243 -1.32736 0.235413
2.36692 -1.33968 0.236279
2.34539 -1.33724 0.234548
2.33254 -1.33965 0.233682
2.3197 -1.34198 0.232817
2.31547 -1.34926 0.232817
2.31981 -1.36157 0.233682
2.30695 -1.36378 0.232817
2.31121 -1.37612 0.233682
2.29833 -1.37825 0.232817
2.30252 -1.39061 0.233682
2.28963 -1.39266 0.232817
2.28524 -1.39985 0.232817
2.28083 -1.40702 0.232817
2.26794 -1.40892 0.231951
2.2635 -1.41604 0.231951
2.26747 -1.42845 0.232817
2.25456 -1.43023 0.231951
2.25845 -1.44267 0.232817
2.24553 -1.44437 0.231951
2.24098 -1.45142 0.231951
2.23641 -1.45845 0.231951
2.23181 -1.46547 0.231951
2.21889 -1.46698 0.231086
2.21427 -1.47394 0.231086
2.2179 -1.48644 0.231951
2.19671 -1.48225 0.23022
2.20028 -1.49475 0.231086
2.19584 -1.50127 0.231086
2.19931 -1.51381 0.231951
2.17817 -1.50936 0.23022
2.18159 -1.5219 0.231086
2.1768 -1.52874 0.231086
2.18012 -1.54133 0.231951
2.16715 -1.54239 0.231086
2.16229 -1.54919 0.231086
2.15714 -1.55635 0.231086
2.14418 -1.55727 0.23022
2.13928 -1.564 0.23022
2.13436 -1.57071 0.23022
2.1214 -1.57148 0.229355
2.13243 -1.59004 0.231086
2.11946 -1.59075 0.23022
2.11445 -1.5974 0.23022
2.10149 -1.59801 0.229355
2.09646 -1.6046 0.229355
2.09141 -1.61118 0.229355
2.08634 -1.61775 0.229355
2.08124 -1.62429 0.229355
2.08397 -1.63698 0.23022
2.071 -1.63734 0.229355
2.06584 -1.64383 0.229355
2.06844 -1.65654 0.23022
2.06323 -1.66303 0.23022
2.05026 -1.66323 0.229355
2.01415 -1.64446 0.225893
2.01668 -1.65711 0.226758
2.63373 -0.939382 0.145057
2.60258 -0.937498 0.143503
2.62794 -0.955453 0.145057
2.61555 -0.960263 0.144539
2.62189 -0.971946 0.145057
2.60011 -0.973177 0.144021
2.60638 -0.98487 0.144539
2.60328 -0.993054 0.144539
2.59083 -0.997639 0.144021
2.5875 -1.00622 0.144021
2.58451 -1.0139 0.144021
2.57202 -1.01834 0.143503
2.56881 -1.02641 0.143503
2.55631 -1.03074 0.142985
2.55306 -1.03877 0.142985
2.54978 -1.04678 0.142985
2.52803 -1.04715 0.141949
2.53394 -1.05893 0.142467
2.5214 -1.06301 0.141949
2.51805 -1.07092 0.141949
2.51467 -1.07883 0.141949
2.50211 -1.08276 0.141431
2.49869 -1.09061 0.141431
2.48611 -1.09443 0.140913
2.48266 -1.10224 0.140913
2.47919 -1.11003 0.140913
2.46659 -1.11371 0.140395
2.47216 -1.12559 0.140913
2.46862 -1.13335 0.140913
2.45598 -1.1369 0.140395
2.4524 -1.14461 0.140395
2.43975 -1.14806 0.139876
2.43613 -1.15572 0.139876
2.42348 -1.15906 0.139358
2.41983 -1.16667 0.139358
2.41615 -1.17426 0.139358
2.41245 -1.18185 0.139358
2.39977 -1.185 0.13884
2.39604 -1.19253 0.13884
2.38335 -1.19557 0.138322
2.39741 -1.21207 0.139358
2.37579 -1.21053 0.138322
2.37198 -1.21799 0.138322
2.36814 -1.22543 0.138322
2.36428 -1.23286 0.138322
2.36039 -1.24029 0.138322
2.34766 -1.24302 0.137804
2.35255 -1.25509 0.138322
2.3398 -1.25775 0.137804
2.33584 -1.26509 0.137804
2.33186 -1.27242 0.137804
2.31909 -1.27493 0.137286
2.32381 -1.28705 0.137804
2.31104 -1.28948 0.137286
2.30697 -1.29673 0.137286
2.30289 -1.30397 0.137286
2.29011 -1.30625 0.136768
2.29465 -1.31842 0.137286
2.28186 -1.32062 0.136768
2.26907 -1.32275 0.13625
2.27351 -1.33493 0.136768
2.26931 -1.34206 0.136768
2.26508 -1.34919 0.136768
2.25227 -1.35116 0.13625
2.23946 -1.35306 0.135732
2.24373 -1.36528 0.13625
2.23943 -1.37233 0.13625
2.22661 -1.37411 0.135732
2.22228 -1.3811 0.135732
2.21793 -1.38807 0.135732
2.20511 -1.38971 0.135214
2.20917 -1.40198 0.135732
2.19634 -1.40354 0.135214
2.19192 -1.41043 0.135214
2.18748 -1.41731 0.135214
2.18301 -1.42417 0.135214
2.17853 -1.43103 0.135214
2.17402 -1.43786 0.135214
2.16118 -1.43915 0.134696
2.16494 -1.45149 0.135214
2.1521 -1.4527 0.134696
2.15578 -1.46507 0.135214
2.15142 -1.47146 0.135214
2.14679 -1.47821 0.135214
2.14214 -1.48495 0.135214
2.13746 -1.49167 0.135214
2.12459 -1.49264 0.134696
2.12805 -1.50507 0.135214
2.12331 -1.51175 0.135214
2.11017 -1.51296 0.134696
2.08921 -1.50789 0.13366
2.10062 -1.52619 0.134696
2.09581 -1.53278 0.134696
2.09099 -1.53936 0.134696
2.07812 -1.53997 0.134178
2.07327 -1.54649 0.134178
2.0684 -1.553 0.134178
2.06351 -1.55949 0.134178
2.0586 -1.56597 0.134178
2.05367 -1.57243 0.134178
2.04872 -1.57887 0.134178
2.04375 -1.5853 0.134178
2.03876 -1.59171 0.134178
2.03375 -1.59811 0.134178
2.02089 -1.59829 0.13366
2.02367 -1.61085 0.134178
2.01081 -1.61096 0.13366
2.00574 -1.61727 0.13366
1.97738 -1.60468 0.132106
1.95686 -1.59825 0.131069
2.60482 -0.911176 0.047432
2.60195 -0.919355 0.047432
2.59905 -0.927524 0.047432
2.58671 -0.932295 0.04726
2.59333 -0.943384 0.047432
2.58097 -0.948079 0.04726
2.57798 -0.956182 0.04726
2.57496 -0.964276 0.04726
2.57192 -0.972361 0.04726
2.55017 -0.973306 0.046916
2.5471 -0.981313 0.046916
2.54383 -0.989754 0.046916
2.53158 -0.993644 0.046744
2.52844 -1.00159 0.046744
2.52529 -1.00953 0.046744
2.51283 -1.01372 0.046572
2.50037 -1.01784 0.046401
2.49716 -1.02569 0.046401
2.49393 -1.03353 0.046401
2.45377 -1.02593 0.045713
2.48738 -1.04918 0.046401
2.48408 -1.05699 0.046401
2.48993 -1.06873 0.046572
2.49573 -1.08052 0.046744
2.474 -1.08035 0.046401
2.47975 -1.09215 0.046572
2.46717 -1.09587 0.046401
2.45459 -1.09953 0.046229
2.44201 -1.10312 0.046057
2.39303 -1.09007 0.045198
2.41686 -1.1101 0.045713
2.41336 -1.11768 0.045713
2.40077 -1.12103 0.045541
2.40629 -1.13283 0.045713
2.40272 -1.14038 0.045713
2.3901 -1.14361 0.045541
2.3865 -1.15111 0.045541
2.38287 -1.1586 0.045541
2.37024 -1.16168 0.045369
2.36658 -1.16912 0.045369
2.36289 -1.17655 0.045369
2.35025 -1.17948 0.045198
2.34653 -1.18686 0.045198
2.33388 -1.18969 0.045026
2.33903 -1.20158 0.045198
2.353 -1.21812 0.045541
2.32257 -1.21163 0.045026
2.3276 -1.22357 0.045198
2.31491 -1.2262 0.045026
2.31987 -1.23817 0.045198
2.31597 -1.24546 0.045198
2.30325 -1.24796 0.045026
2.29932 -1.25519 0.045026
2.25156 -1.23832 0.044167
2.28264 -1.26477 0.044854
2.27866 -1.27193 0.044854
2.27465 -1.27909 0.044854
2.27062 -1.28622 0.044854
2.26657 -1.29335 0.044854
2.25382 -1.29548 0.044682
2.24974 -1.30256 0.044682
2.24564 -1.30962 0.044682
2.25014 -1.32173 0.044854
2.24597 -1.32879 0.044854
2.2332 -1.33072 0.044682
2.22901 -1.33773 0.044682
2.21624 -1.33956 0.04451
2.20348 -1.34132 0.044338
2.20778 -1.35346 0.04451
2.21202 -1.36564 0.044682
2.20772 -1.37258 0.044682
2.19492 -1.3742 0.04451
2.19059 -1.38109 0.04451
2.19468 -1.39333 0.044682
2.1903 -1.40022 0.044682
2.17748 -1.40168 0.04451
2.18146 -1.41395 0.044682
2.177 -1.42079 0.044682
2.13911 -1.40566 0.043995
2.12634 -1.40686 0.043823
2.14687 -1.43016 0.044338
2.13407 -1.43133 0.044167
2.12956 -1.43803 0.044167
2.12503 -1.44471 0.044167
2.12073 -1.45101 0.044167
2.11617 -1.45767 0.044167
2.11158 -1.46431 0.044167
2.09877 -1.46521 0.043995
2.09415 -1.4718 0.043995
2.08952 -1.47837 0.043995
2.08487 -1.48493 0.043995
2.07181 -1.486 0.043823
2.07523 -1.49836 0.043995
2.05434 -1.49311 0.043651
2.05771 -1.50546 0.043823
2.06102 -1.51785 0.043995
2.06427 -1.53027 0.044167
2.05945 -1.53675 0.044167
2.05462 -1.54321 0.044167
2.04976 -1.54966 0.044167
2.04488 -1.55609 0.044167
2.01617 -1.54427 0.043651
2.01922 -1.5567 0.043823
2.01432 -1.56303 0.043823
2.0094 -1.56935 0.043823
1.98874 -1.5633 0.043479
1.9995 -1.58195 0.043823
1.9867 -1.58199 0.043651
1.98952 -1.59448 0.043823
1.96116 -1.58189 0.043307
1.94842 -1.58174 0.043135
