1.91024 -0.215956 -0.514245
1.87117 -0.217495 -0.503908
1.86088 -0.222226 -0.501324
1.86018 -0.228071 -0.501324
1.84987 -0.232708 -0.49874
1.84913 -0.238519 -0.49874
1.82921 -0.241795 -0.493572
1.81887 -0.246244 -0.490987
1.81809 -0.251957 -0.490987
1.80772 -0.256312 -0.488403
1.78779 -0.259217 -0.483235
1.78692 -0.265144 -0.483235
1.78608 -0.270757 -0.483235
1.77567 -0.274889 -0.480651
1.7748 -0.280466 -0.480651
1.76437 -0.284502 -0.478067
1.76352 -0.289736 -0.478067
1.76255 -0.295582 -0.478067
1.76161 -0.301118 -0.478067
1.75114 -0.304993 -0.475483
1.74066 -0.308806 -0.472898
1.7587 -0.317707 -0.478067
1.75769 -0.323231 -0.478067
1.75667 -0.328751 -0.478067
1.74613 -0.332461 -0.475483
1.74508 -0.337945 -0.475483
1.72505 -0.339693 -0.470314
1.72398 -0.345111 -0.470314
1.72289 -0.350525 -0.470314
1.71232 -0.35398 -0.46773
1.70174 -0.357373 -0.465146
1.70061 -0.362717 -0.465146
1.69946 -0.368058 -0.465146
1.6983 -0.373395 -0.465146
1.69712 -0.378729 -0.465146
1.6865 -0.381925 -0.462562
1.68529 -0.387221 -0.462562
1.71229 -0.399092 -0.470314
1.72043 -0.406692 -0.472898
1.66799 -0.455998 -0.462562
1.64793 -0.456083 -0.457394
1.64649 -0.461258 -0.457394
1.62645 -0.461158 -0.452225
1.6157 -0.463601 -0.449641
1.58641 -0.460594 -0.441889
1.58495 -0.465575 -0.441889
1.58348 -0.470552 -0.441889
1.57274 -0.472744 -0.439305
1.57125 -0.477682 -0.439305
1.56051 -0.479777 -0.43672
1.55899 -0.484677 -0.43672
1.55746 -0.489573 -0.43672
1.54671 -0.491537 -0.434136
1.55427 -0.49962 -0.43672
1.5435 -0.501515 -0.434136
1.54192 -0.506362 -0.434136
1.53115 -0.50816 -0.431552
1.52955 -0.512968 -0.431552
1.52793 -0.517771 -0.431552
1.5263 -0.522569 -0.431552
1.52465 -0.527361 -0.431552
1.55034 -0.541708 -0.439305
1.56685 -0.553006 -0.444473
1.60151 -0.570901 -0.454809
1.51017 -0.62029 -0.43672
1.49929 -0.621333 -0.434136
1.47059 -0.614861 -0.426384
1.45975 -0.615723 -0.4238
1.44003 -0.612741 -0.418631
1.4381 -0.617262 -0.418631
1.42729 -0.617939 -0.416047
1.41649 -0.618554 -0.413463
1.42338 -0.626895 -0.416047
1.4214 -0.631363 -0.416047
1.41049 -0.632123 -0.413463
1.39969 -0.632572 -0.410879
1.40649 -0.640972 -0.413463
1.39569 -0.641354 -0.410879
1.39367 -0.645736 -0.410879
1.39163 -0.650111 -0.410879
1.38084 -0.650363 -0.408295
1.38752 -0.658842 -0.410879
1.38544 -0.663198 -0.410879
1.37465 -0.663348 -0.408295
1.37256 -0.667664 -0.408295
1.37046 -0.671973 -0.408295
1.38566 -0.684835 -0.413463
1.41809 -0.706414 -0.4238
1.40723 -0.706531 -0.421216
1.38415 -0.790464 -0.426384
1.34816 -0.775541 -0.416047
1.32887 -0.770318 -0.410879
1.30976 -0.764747 -0.405711
1.30735 -0.768857 -0.405711
1.29661 -0.768038 -0.403127
1.29419 -0.772107 -0.403127
1.29176 -0.776169 -0.403127
1.28932 -0.780224 -0.403127
1.28686 -0.78427 -0.403127
1.27616 -0.783256 -0.400542
1.27369 -0.787261 -0.400542
1.26301 -0.786154 -0.397958
1.26053 -0.790118 -0.397958
1.24974 -0.789136 -0.395374
1.24725 -0.793058 -0.395374
1.24462 -0.79719 -0.395374
1.24224 -0.800879 -0.395374
1.23972 -0.804778 -0.395374
1.23719 -0.808668 -0.395374
1.24271 -0.817862 -0.397958
1.23208 -0.816426 -0.395374
1.23755 -0.825654 -0.397958
1.23495 -0.829538 -0.397958
1.23234 -0.833413 -0.397958
1.22971 -0.837281 -0.397958
1.21911 -0.835678 -0.395374
1.21648 -0.839504 -0.395374
1.2059 -0.837809 -0.39279
1.19534 -0.836057 -0.390206
1.19271 -0.839808 -0.390206
1.19795 -0.849137 -0.39279
1.20299 -0.858718 -0.395374
1.21598 -0.873767 -0.400542
1.86138 -0.187103 -0.43203
1.81233 -0.187925 -0.420779
1.81173 -0.193618 -0.420779
1.81111 -0.199309 -0.420779
1.81047 -0.204997 -0.420779
1.80982 -0.210684 -0.420779
1.80915 -0.216369 -0.420779
1.80846 -0.222051 -0.420779
1.83676 -0.231385 -0.42753
1.84569 -0.238402 -0.42978
1.85459 -0.245478 -0.43203
1.84415 -0.249994 -0.42978
1.82405 -0.253108 -0.42528
1.84254 -0.261577 -0.42978
1.83207 -0.265964 -0.42753
1.82154 -0.270606 -0.42528
1.80141 -0.273403 -0.420779
1.80055 -0.279061 -0.420779
1.79004 -0.283194 -0.418529
1.79876 -0.290369 -0.420779
1.78827 -0.294123 -0.418529
1.73924 -0.291986 -0.407278
1.72871 -0.295805 -0.405028
1.70858 -0.297887 -0.400528
1.71723 -0.304957 -0.402778
1.70667 -0.308617 -0.400528
1.7057 -0.313977 -0.400528
1.69512 -0.31754 -0.398278
1.70369 -0.324688 -0.400528
1.68353 -0.32633 -0.396028
1.6825 -0.331618 -0.396028
1.68145 -0.336902 -0.396028
1.68038 -0.342182 -0.396028
1.66975 -0.345486 -0.393777
1.6782 -0.352734 -0.396028
1.67708 -0.358004 -0.396028
1.6569 -0.359143 -0.391527
1.65577 -0.364347 -0.391527
1.70216 -0.380166 -0.402778
1.71046 -0.387665 -0.405028
1.71873 -0.39522 -0.407278
1.70799 -0.398404 -0.405028
1.6688 -0.394796 -0.396028
1.6865 -0.404582 -0.400528
1.68522 -0.409878 -0.400528
1.66493 -0.410796 -0.396028
1.65418 -0.413661 -0.393777
1.67177 -0.423643 -0.398278
1.64211 -0.421623 -0.391527
1.64078 -0.42678 -0.391527
1.63943 -0.431933 -0.391527
1.61924 -0.432057 -0.387027
1.60847 -0.4346 -0.384777
1.6071 -0.439651 -0.384777
1.58693 -0.439497 -0.380276
1.57615 -0.44185 -0.378026
1.57476 -0.4468 -0.378026
1.56398 -0.449056 -0.375776
1.57192 -0.456685 -0.378026
1.58917 -0.467117 -0.382527
1.57836 -0.46933 -0.380276
1.58621 -0.477093 -0.382527
1.5847 -0.482073 -0.382527
1.57387 -0.484184 -0.380276
1.57234 -0.489127 -0.380276
1.5615 -0.49114 -0.378026
1.56923 -0.498996 -0.380276
1.56757 -0.504197 -0.380276
1.56598 -0.509119 -0.380276
1.56437 -0.514036 -0.380276
1.5535 -0.515878 -0.378026
1.54264 -0.517656 -0.375776
1.51332 -0.513113 -0.369026
1.50248 -0.514708 -0.366776
1.50086 -0.519425 -0.366776
1.49002 -0.520922 -0.364525
1.51594 -0.535334 -0.371276
1.51425 -0.540094 -0.371276
1.48504 -0.534942 -0.364525
1.48336 -0.539605 -0.364525
1.47251 -0.540902 -0.362275
1.4708 -0.545526 -0.362275
1.46908 -0.550144 -0.362275
1.45823 -0.551311 -0.360025
1.45649 -0.555889 -0.360025
1.45464 -0.560716 -0.360025
1.44379 -0.56175 -0.357775
1.45109 -0.569844 -0.360025
1.44023 -0.57081 -0.357775
1.43843 -0.575332 -0.357775
1.42758 -0.576201 -0.355525
1.43479 -0.584359 -0.357775
1.469 -0.603678 -0.366776
1.48509 -0.615753 -0.371276
1.48315 -0.620416 -0.371276
1.48119 -0.625072 -0.371276
1.46129 -0.622089 -0.366776
1.46829 -0.630522 -0.369026
1.44842 -0.627386 -0.364525
1.4643 -0.639735 -0.369026
1.45336 -0.640403 -0.366776
1.43353 -0.637052 -0.362275
1.4492 -0.649775 -0.366776
1.42939 -0.646296 -0.362275
1.43622 -0.654825 -0.364525
1.43415 -0.659334 -0.364525
1.43208 -0.663836 -0.364525
1.42116 -0.664207 -0.362275
1.39262 -0.656208 -0.355525
1.39935 -0.664761 -0.357775
1.39726 -0.669154 -0.357775
1.36882 -0.660832 -0.351024
1.35798 -0.660865 -0.348774
1.3559 -0.665128 -0.348774
1.3538 -0.669385 -0.348774
1.34297 -0.669289 -0.346524
1.34086 -0.673504 -0.346524
1.33874 -0.677713 -0.346524
1.3366 -0.681916 -0.346524
1.32567 -0.681888 -0.344274
1.32352 -0.686049 -0.344274
1.33 -0.694715 -0.346524
1.31919 -0.694351 -0.344274
1.317 -0.698492 -0.344274
1.32339 -0.707219 -0.346524
1.31258 -0.706753 -0.344274
1.31036 -0.710873 -0.344274
1.30812 -0.714987 -0.344274
1.30586 -0.719093 -0.344274
1.31212 -0.727918 -0.346524
1.30983 -0.732037 -0.346524
1.29903 -0.731368 -0.344274
1.29673 -0.735445 -0.344274
1.29441 -0.739515 -0.344274
1.31741 -0.758158 -0.351024
1.32332 -0.767411 -0.353275
1.32932 -0.776479 -0.355525
1.31847 -0.77571 -0.353275
1.30765 -0.774881 -0.351024
1.30521 -0.778986 -0.351024
1.30275 -0.783082 -0.351024
1.30029 -0.787171 -0.351024
1.30613 -0.796324 -0.353275
1.29531 -0.795325 -0.351024
1.29281 -0.799391 -0.351024
1.29029 -0.803448 -0.351024
1.28776 -0.807498 -0.351024
1.2686 -0.801357 -0.346524
1.2743 -0.810567 -0.348774
1.2634 -0.809532 -0.346524
1.27737 -0.823839 -0.351024
1.2666 -0.822541 -0.348774
1.26401 -0.826516 -0.348774
1.26141 -0.830483 -0.348774
1.24255 -0.823675 -0.344274
1.20754 -0.805939 -0.335273
1.22118 -0.820597 -0.339774
1.21859 -0.82443 -0.339774
1.20794 -0.822769 -0.337524
1.20535 -0.826559 -0.337524
1.19473 -0.824807 -0.335273
1.18413 -0.822995 -0.333023
1.17356 -0.821125 -0.330773
1.17097 -0.824808 -0.330773
1.17633 -0.834118 -0.333023
1.20527 -0.860664 -0.342024
1.82825 -0.160916 -0.358463
1.83751 -0.16755 -0.36038
1.84675 -0.174244 -0.362296
1.83642 -0.179092 -0.36038
1.82609 -0.183877 -0.358463
1.80598 -0.187585 -0.354629
1.80538 -0.193258 -0.354629
1.80476 -0.198929 -0.354629
1.79438 -0.203492 -0.352712
1.77423 -0.206855 -0.348878
1.77357 -0.212428 -0.348878
1.78264 -0.219196 -0.350795
1.7722 -0.223567 -0.348878
1.79096 -0.231651 -0.352712
1.78049 -0.235987 -0.350795
1.77002 -0.240259 -0.348878
1.76925 -0.245819 -0.348878
1.75875 -0.249995 -0.346961
1.74825 -0.254107 -0.345044
1.7474 -0.259903 -0.345044
1.74657 -0.265391 -0.345044
1.73603 -0.269372 -0.343127
1.74487 -0.27636 -0.345044
1.72461 -0.278709 -0.34121
1.74315 -0.287014 -0.345044
1.73251 -0.291166 -0.343127
1.72191 -0.29495 -0.34121
1.72098 -0.300358 -0.34121
1.71036 -0.304046 -0.339294
1.71906 -0.311166 -0.34121
1.74703 -0.3219 -0.346961
1.72671 -0.323769 -0.343127
1.73533 -0.331031 -0.345044
1.70537 -0.330874 -0.339294
1.68507 -0.33243 -0.33546
1.69364 -0.339652 -0.337377
1.68295 -0.343011 -0.33546
1.60498 -0.332375 -0.320124
1.64234 -0.345497 -0.327792
1.64125 -0.350655 -0.327792
1.62095 -0.351648 -0.323958
1.63901 -0.36096 -0.327792
1.63787 -0.366107 -0.327792
1.63671 -0.371251 -0.327792
1.63554 -0.376391 -0.327792
1.63435 -0.381527 -0.327792
1.62359 -0.384399 -0.325875
1.62237 -0.389498 -0.325875
1.63068 -0.396914 -0.327792
1.61983 -0.399966 -0.325875
1.61856 -0.405053 -0.325875
1.61728 -0.410136 -0.325875
1.59697 -0.41033 -0.322041
1.60517 -0.417817 -0.323958
1.61334 -0.42536 -0.325875
1.59303 -0.425362 -0.322041
1.61064 -0.435488 -0.325875
1.60926 -0.440546 -0.325875
1.60787 -0.4456 -0.325875
1.61591 -0.4533 -0.327792
1.58616 -0.450332 -0.322041
1.56587 -0.449893 -0.318207
1.57387 -0.45755 -0.320124
1.56301 -0.459722 -0.318207
1.57097 -0.467429 -0.320124
1.56949 -0.472362 -0.320124
1.59616 -0.485865 -0.325875
1.55711 -0.479327 -0.318207
1.54622 -0.481299 -0.316291
1.57279 -0.494994 -0.322041
1.54317 -0.491005 -0.316291
1.55088 -0.499126 -0.318207
1.5213 -0.494888 -0.312457
1.49177 -0.490468 -0.306706
1.49953 -0.498247 -0.308623
1.48866 -0.499832 -0.306706
1.47778 -0.501353 -0.304789
1.4762 -0.505993 -0.304789
1.48388 -0.51384 -0.306706
1.47299 -0.515258 -0.304789
1.48062 -0.523153 -0.306706
1.47897 -0.527802 -0.306706
1.46807 -0.529118 -0.304789
1.4664 -0.533727 -0.304789
1.45551 -0.534946 -0.302872
1.46302 -0.54293 -0.304789
1.46131 -0.547524 -0.304789
1.45958 -0.552112 -0.304789
1.45784 -0.556695 -0.304789
1.46514 -0.565058 -0.306706
1.45421 -0.566097 -0.304789
1.44329 -0.567074 -0.302872
1.43238 -0.567988 -0.300955
1.43059 -0.572485 -0.300955
1.43789 -0.580651 -0.302872
1.46332 -0.596276 -0.308623
1.46144 -0.600871 -0.308623
1.45955 -0.605459 -0.308623
1.43953 -0.602463 -0.304789
1.44667 -0.6108 -0.306706
1.45377 -0.619188 -0.308623
1.43379 -0.616003 -0.304789
1.44985 -0.62831 -0.308623
1.42989 -0.625 -0.304789
1.42792 -0.629489 -0.304789
1.41696 -0.629984 -0.302872
1.41487 -0.63468 -0.302872
1.42181 -0.643167 -0.304789
1.41978 -0.64763 -0.304789
1.40882 -0.647986 -0.302872
1.40678 -0.652409 -0.302872
1.39583 -0.652668 -0.300955
1.39378 -0.65705 -0.300955
1.32079 -0.627722 -0.28562
1.36307 -0.653072 -0.295205
1.33449 -0.644546 -0.289454
1.32364 -0.644439 -0.287537
1.33923 -0.657242 -0.291371
1.33716 -0.661446 -0.291371
1.33507 -0.665643 -0.291371
1.33298 -0.669834 -0.291371
1.33087 -0.674019 -0.291371
1.32 -0.673734 -0.289454
1.33521 -0.68709 -0.293288
1.32433 -0.686763 -0.291371
1.32217 -0.69092 -0.291371
1.31131 -0.690497 -0.289454
1.30913 -0.694614 -0.289454
1.3156 -0.70335 -0.291371
1.30474 -0.702825 -0.289454
1.30253 -0.706921 -0.289454
1.3003 -0.711009 -0.289454
1.28946 -0.710355 -0.287537
1.29581 -0.719165 -0.289454
1.28498 -0.718443 -0.287537
1.28271 -0.722476 -0.287537
1.28044 -0.726502 -0.287537
1.27815 -0.730521 -0.287537
1.26734 -0.729636 -0.28562
1.26491 -0.733835 -0.28562
1.25413 -0.732854 -0.283703
1.26874 -0.746747 -0.287537
1.25794 -0.745724 -0.28562
1.24717 -0.744641 -0.283703
1.24482 -0.748555 -0.283703
1.25086 -0.757546 -0.28562
1.24009 -0.756362 -0.283703
1.23771 -0.760254 -0.283703
1.22697 -0.758975 -0.281786
1.23291 -0.768016 -0.283703
1.23049 -0.771885 -0.283703
1.21963 -0.770718 -0.281786
1.2172 -0.774546 -0.281786
1.21462 -0.778578 -0.281786
1.21231 -0.782179 -0.281786
1.20985 -0.785983 -0.281786
1.21558 -0.795153 -0.283703
1.20488 -0.793569 -0.281786
1.20238 -0.797351 -0.281786
1.19987 -0.801124 -0.281786
1.18921 -0.799414 -0.279869
1.17856 -0.797645 -0.277952
1.18416 -0.80687 -0.279869
1.18162 -0.810587 -0.279869
1.17907 -0.814295 -0.279869
1.16844 -0.812392 -0.277952
1.1498 -0.804803 -0.274118
1.15529 -0.814064 -0.276035
1.17675 -0.834725 -0.281786
1.24585 -0.889967 -0.299038
1.80125 -0.147457 -0.287471
1.81062 -0.153952 -0.289041
1.81013 -0.159639 -0.289041
1.79979 -0.164427 -0.287471
1.76976 -0.167292 -0.282758
1.79872 -0.175732 -0.287471
1.81781 -0.183364 -0.290612
1.78775 -0.186008 -0.2859
1.81662 -0.194782 -0.290612
1.78655 -0.197237 -0.2859
1.77611 -0.201734 -0.284329
1.80489 -0.210749 -0.289041
1.81403 -0.217594 -0.290612
1.80353 -0.222085 -0.289041
1.81263 -0.228988 -0.290612
1.8119 -0.234681 -0.290612
1.78178 -0.236474 -0.2859
1.8006 -0.244731 -0.289041
1.78026 -0.247665 -0.2859
1.7697 -0.251865 -0.284329
1.74935 -0.254579 -0.281187
1.71919 -0.256015 -0.276474
1.70861 -0.259929 -0.274904
1.69803 -0.26378 -0.273333
1.68744 -0.267566 -0.271762
1.69634 -0.274443 -0.273333
1.68577 -0.277869 -0.271762
1.6751 -0.281819 -0.270191
1.68394 -0.288749 -0.271762
1.66357 -0.290639 -0.26862
1.65293 -0.294134 -0.267049
1.66171 -0.301086 -0.26862
1.66076 -0.306305 -0.26862
1.65008 -0.309699 -0.267049
1.6685 -0.318586 -0.270191
1.6578 -0.321943 -0.26862
1.62771 -0.32141 -0.263907
1.68479 -0.338184 -0.273333
1.70307 -0.347423 -0.276474
1.66329 -0.344754 -0.270191
1.68153 -0.354047 -0.273333
1.68041 -0.359328 -0.273333
1.66962 -0.36251 -0.271762
1.68776 -0.372005 -0.274904
1.68658 -0.377305 -0.274904
1.64687 -0.373857 -0.26862
1.68418 -0.387895 -0.274904
1.64449 -0.384197 -0.26862
1.66249 -0.393915 -0.271762
1.65164 -0.396829 -0.270191
1.66958 -0.406691 -0.273333
1.63946 -0.405118 -0.26862
1.65734 -0.415065 -0.271762
1.57945 -0.400835 -0.259195
1.58774 -0.408254 -0.260766
1.5769 -0.410751 -0.259195
1.5565 -0.410664 -0.256053
1.56474 -0.418101 -0.257624
1.55389 -0.420435 -0.256053
1.54304 -0.422706 -0.254482
1.53218 -0.424912 -0.252911
1.54986 -0.435062 -0.256053
1.52948 -0.434531 -0.252911
1.52811 -0.439333 -0.252911
1.51724 -0.441373 -0.25134
1.51585 -0.446138 -0.25134
1.5239 -0.453716 -0.252911
1.51301 -0.455653 -0.25134
1.52102 -0.463282 -0.252911
1.51012 -0.465151 -0.25134
1.49922 -0.466956 -0.24977
1.50717 -0.47463 -0.25134
1.49626 -0.476366 -0.24977
1.54167 -0.496462 -0.257624
1.5495 -0.504359 -0.259195
1.52914 -0.503052 -0.256053
1.5463 -0.514085 -0.259195
1.52595 -0.51265 -0.256053
1.53368 -0.520616 -0.257624
1.53204 -0.525432 -0.257624
1.52105 -0.527009 -0.256053
1.50075 -0.52526 -0.252911
1.52702 -0.539847 -0.257624
1.50672 -0.538 -0.254482
1.5236 -0.549431 -0.257624
1.51259 -0.550835 -0.256053
1.51085 -0.555585 -0.256053
1.48132 -0.550015 -0.25134
1.47959 -0.554666 -0.25134
1.48707 -0.562808 -0.252911
1.49452 -0.571001 -0.254482
1.45577 -0.561733 -0.248199
1.43559 -0.559135 -0.245057
1.41544 -0.556416 -0.241915
1.44123 -0.571786 -0.246628
1.42109 -0.56897 -0.243486
1.41929 -0.573431 -0.243486
1.39919 -0.570431 -0.240344
1.4248 -0.586095 -0.245057
1.39558 -0.579211 -0.240344
1.39376 -0.583592 -0.240344
1.40101 -0.591811 -0.241915
1.39006 -0.592338 -0.240344
1.38819 -0.596702 -0.240344
1.37725 -0.597132 -0.238773
1.38442 -0.605412 -0.240344
1.37347 -0.605773 -0.238773
1.38059 -0.614099 -0.240344
1.36953 -0.61463 -0.238773
1.36759 -0.61893 -0.238773
1.36564 -0.623223 -0.238773
1.35471 -0.623382 -0.237203
1.35274 -0.627635 -0.237203
1.34182 -0.627697 -0.235632
1.3577 -0.640335 -0.238773
1.4092 -0.670041 -0.248199
1.40709 -0.674465 -0.248199
1.40496 -0.678882 -0.248199
1.40282 -0.683293 -0.248199
1.40067 -0.687697 -0.248199
1.4162 -0.700854 -0.25134
1.37864 -0.687667 -0.245057
1.39412 -0.700867 -0.248199
1.39192 -0.705243 -0.248199
1.39849 -0.714104 -0.24977
1.38733 -0.714217 -0.248199
1.38508 -0.718572 -0.248199
1.38282 -0.72292 -0.248199
1.38054 -0.72726 -0.248199
1.36952 -0.726963 -0.246628
1.37594 -0.73592 -0.248199
1.36493 -0.735554 -0.246628
1.35393 -0.735126 -0.245057
1.35162 -0.739376 -0.245057
1.35794 -0.748385 -0.246628
1.29514 -0.71909 -0.235632
1.28426 -0.718334 -0.234061
1.26478 -0.712669 -0.230919
1.26254 -0.716639 -0.230919
1.27743 -0.730406 -0.234061
1.26657 -0.729487 -0.23249
1.26414 -0.733683 -0.23249
1.27036 -0.742635 -0.234061
1.25951 -0.741611 -0.23249
1.26567 -0.750602 -0.234061
1.23787 -0.739382 -0.229348
1.23554 -0.743267 -0.229348
1.25009 -0.75738 -0.23249
1.23927 -0.756159 -0.230919
1.22848 -0.754878 -0.229348
1.2345 -0.763931 -0.230919
1.23209 -0.767805 -0.230919
1.22131 -0.766423 -0.229348
1.22711 -0.775746 -0.230919
1.21633 -0.774294 -0.229348
1.21376 -0.778323 -0.229348
1.21144 -0.781921 -0.229348
1.21726 -0.791104 -0.230919
1.20651 -0.789517 -0.229348
1.18753 -0.782436 -0.226206
1.19329 -0.791623 -0.227777
1.18259 -0.789882 -0.226206
1.20469 -0.810127 -0.230919
1.18578 -0.802834 -0.227777
1.19957 -0.81768 -0.230919
1.18071 -0.810268 -0.227777
1.17004 -0.80836 -0.226206
1.1756 -0.817671 -0.227777
1.1892 -0.832689 -0.230919
1.7826 -0.118088 -0.219963
1.77232 -0.123 -0.218741
1.76203 -0.127849 -0.217519
1.74182 -0.131886 -0.215075
1.73151 -0.136577 -0.213853
1.73107 -0.142016 -0.213853
1.73061 -0.147453 -0.213853
1.72026 -0.152016 -0.212631
1.77907 -0.162848 -0.219963
1.79831 -0.170307 -0.222408
1.77801 -0.174022 -0.219963
1.77746 -0.179607 -0.219963
1.76701 -0.184162 -0.218741
1.76643 -0.189712 -0.218741
1.76582 -0.19526 -0.218741
1.75534 -0.199685 -0.217519
1.73499 -0.202893 -0.215075
1.75405 -0.21071 -0.217519
1.73368 -0.21379 -0.215075
1.72315 -0.21799 -0.213853
1.7323 -0.224679 -0.215075
1.70207 -0.226198 -0.211409
1.66201 -0.22619 -0.206521
1.67112 -0.23278 -0.207743
1.65073 -0.235228 -0.205299
1.63034 -0.237551 -0.202855
1.62955 -0.242956 -0.202855
1.62878 -0.248074 -0.202855
1.62799 -0.25319 -0.202855
1.61738 -0.256747 -0.201633
1.61657 -0.261827 -0.201633
1.62558 -0.268238 -0.202855
1.61489 -0.271979 -0.201633
1.61403 -0.277051 -0.201633
1.61315 -0.28212 -0.201633
1.60248 -0.285446 -0.200411
1.59181 -0.288708 -0.199189
1.58114 -0.291905 -0.197967
1.59972 -0.300536 -0.200411
1.63777 -0.313013 -0.205299
1.63677 -0.318157 -0.205299
1.65524 -0.327146 -0.207743
1.67367 -0.336254 -0.210187
1.65315 -0.33754 -0.207743
1.64236 -0.340715 -0.206521
1.62186 -0.34178 -0.204077
1.6499 -0.353105 -0.207743
1.62938 -0.354071 -0.205299
1.64765 -0.363464 -0.207743
1.60775 -0.359965 -0.202855
1.60662 -0.365014 -0.202855
1.57645 -0.363372 -0.199189
1.61396 -0.377361 -0.204077
1.59345 -0.37785 -0.201633
1.6019 -0.385174 -0.202855
1.54283 -0.376101 -0.195523
1.5223 -0.37645 -0.193079
1.52111 -0.38123 -0.193079
1.51991 -0.386007 -0.193079
1.49946 -0.385834 -0.190635
1.48864 -0.388039 -0.189413
1.49701 -0.395247 -0.190635
1.48617 -0.397385 -0.189413
1.4945 -0.404646 -0.190635
1.49322 -0.409339 -0.190635
1.48236 -0.411374 -0.189413
1.49062 -0.418713 -0.190635
1.47975 -0.42068 -0.189413
1.47842 -0.425326 -0.189413
1.47707 -0.429969 -0.189413
1.4662 -0.431803 -0.188191
1.46483 -0.436407 -0.188191
1.46345 -0.441007 -0.188191
1.46206 -0.445602 -0.188191
1.46065 -0.450193 -0.188191
1.44976 -0.451827 -0.186969
1.44833 -0.456379 -0.186969
1.4658 -0.466952 -0.189413
1.46425 -0.47181 -0.189413
1.46276 -0.476408 -0.189413
1.45183 -0.477898 -0.188191
1.45974 -0.485589 -0.189413
1.42998 -0.480685 -0.185747
1.43786 -0.488367 -0.186969
1.42693 -0.489661 -0.185747
1.42538 -0.494141 -0.185747
1.41446 -0.495336 -0.184525
1.41289 -0.499777 -0.184525
1.41132 -0.504214 -0.184525
1.40973 -0.508645 -0.184525
1.3988 -0.509673 -0.183303
1.39719 -0.514065 -0.183303
1.39557 -0.518452 -0.183303
1.38464 -0.519348 -0.182081
1.40156 -0.530725 -0.184525
1.40916 -0.53867 -0.185747
1.39811 -0.539765 -0.184525
1.40565 -0.547758 -0.185747
1.40392 -0.552172 -0.185747
1.39296 -0.552918 -0.184525
1.39121 -0.557291 -0.184525
1.39866 -0.565379 -0.185747
1.39688 -0.56977 -0.185747
1.39508 -0.574155 -0.185747
1.39327 -0.578535 -0.185747
1.38229 -0.579075 -0.184525
1.38961 -0.587278 -0.185747
1.40601 -0.599425 -0.188191
1.395 -0.599919 -0.186969
1.3749 -0.596399 -0.184525
1.38212 -0.604694 -0.185747
1.38021 -0.609033 -0.185747
1.36922 -0.60933 -0.184525
1.37625 -0.617933 -0.185747
1.36526 -0.61816 -0.184525
1.37234 -0.626568 -0.185747
1.32528 -0.610123 -0.179637
1.31436 -0.610105 -0.178415
1.32142 -0.618438 -0.179637
1.3105 -0.618351 -0.178415
1.31751 -0.626729 -0.179637
1.29764 -0.622282 -0.177193
1.29568 -0.626355 -0.177193
1.2937 -0.630423 -0.177193
1.29172 -0.634484 -0.177193
1.28082 -0.634135 -0.175971
1.26994 -0.633724 -0.174749
1.26795 -0.637711 -0.174749
1.26594 -0.641691 -0.174749
1.25508 -0.64115 -0.173527
1.25294 -0.645308 -0.173527
1.25972 -0.653813 -0.174749
1.24886 -0.653168 -0.173527
1.25559 -0.661715 -0.174749
1.2535 -0.665657 -0.174749
1.2514 -0.669591 -0.174749
1.24056 -0.668809 -0.173527
1.24717 -0.677441 -0.174749
1.24504 -0.681355 -0.174749
1.24289 -0.685264 -0.174749
1.26676 -0.703623 -0.178415
1.29053 -0.722139 -0.182081
1.31419 -0.740811 -0.185747
1.27733 -0.725332 -0.180859
1.27505 -0.729341 -0.180859
1.26415 -0.728388 -0.179637
1.25315 -0.727593 -0.178415
1.25942 -0.736537 -0.179637
1.2571 -0.74049 -0.179637
1.2377 -0.734307 -0.177193
1.23538 -0.738192 -0.177193
1.23306 -0.742069 -0.177193
1.23921 -0.751084 -0.178415
1.22837 -0.749802 -0.177193
1.22601 -0.753657 -0.177193
1.24051 -0.767954 -0.179637
1.22967 -0.766596 -0.178415
1.21885 -0.765179 -0.177193
1.23309 -0.779826 -0.179637
1.21389 -0.773033 -0.177193
1.20296 -0.771696 -0.175971
1.20901 -0.780645 -0.177193
1.17326 -0.7628 -0.172305
1.15425 -0.75561 -0.169861
1.16016 -0.764695 -0.171083
1.14948 -0.762847 -0.169861
1.14708 -0.766455 -0.169861
1.1282 -0.758975 -0.167417
1.13402 -0.768081 -0.168639
1.13161 -0.77164 -0.168639
1.12099 -0.769574 -0.167417
1.12674 -0.778735 -0.168639
1.14872 -0.799277 -0.172305
1.77052 -0.095268 -0.156805
1.75032 -0.099697 -0.155043
1.74006 -0.104597 -0.154162
1.73972 -0.110064 -0.154162
1.72942 -0.114868 -0.153282
1.70918 -0.118918 -0.15152
1.71873 -0.12501 -0.152401
1.71833 -0.130409 -0.152401
1.70798 -0.135021 -0.15152
1.69762 -0.13957 -0.150639
1.69718 -0.144903 -0.150639
1.69671 -0.150234 -0.150639
1.70615 -0.156473 -0.15152
1.68582 -0.159951 -0.149758
1.6754 -0.164274 -0.148877
1.67487 -0.169537 -0.148877
1.67433 -0.174797 -0.148877
1.67377 -0.180057 -0.148877
1.6732 -0.185314 -0.148877
1.65281 -0.188314 -0.147115
1.66211 -0.194665 -0.147996
1.6516 -0.198696 -0.147115
1.63119 -0.201441 -0.145353
1.72938 -0.219084 -0.154162
1.72868 -0.224516 -0.154162
1.71809 -0.228632 -0.153282
1.71736 -0.234028 -0.153282
1.71662 -0.239422 -0.153282
1.71586 -0.244814 -0.153282
1.69532 -0.247623 -0.15152
1.70439 -0.254419 -0.152401
1.70358 -0.259772 -0.152401
1.69291 -0.26359 -0.15152
1.68224 -0.267344 -0.150639
1.68139 -0.272627 -0.150639
1.68053 -0.277908 -0.150639
1.66982 -0.28153 -0.149758
1.67875 -0.288462 -0.150639
1.59934 -0.279992 -0.143591
1.56903 -0.27977 -0.140949
1.55834 -0.282918 -0.140068
1.56724 -0.289623 -0.140949
1.56633 -0.294545 -0.140949
1.56539 -0.299464 -0.140949
1.56444 -0.304381 -0.140949
1.54394 -0.305428 -0.139187
1.55273 -0.31224 -0.140068
1.55175 -0.317117 -0.140068
1.54099 -0.319965 -0.139187
1.53998 -0.324805 -0.139187
1.53895 -0.329641 -0.139187
1.52817 -0.332357 -0.138306
1.53685 -0.339304 -0.139187
1.51633 -0.339774 -0.137425
1.51526 -0.344536 -0.137425
1.50446 -0.347056 -0.136544
1.51306 -0.35405 -0.137425
1.54102 -0.365702 -0.140068
1.5786 -0.379863 -0.143591
1.58701 -0.387458 -0.144472
1.58579 -0.392442 -0.144472
1.57488 -0.394999 -0.143591
1.57363 -0.399945 -0.143591
1.56272 -0.402402 -0.14271
1.57109 -0.409824 -0.143591
1.56017 -0.412213 -0.14271
1.56849 -0.419687 -0.143591
1.55754 -0.422008 -0.14271
1.57542 -0.432169 -0.144472
1.55486 -0.431786 -0.14271
1.5535 -0.436668 -0.14271
1.5617 -0.444272 -0.143591
1.54115 -0.443665 -0.141829
1.53975 -0.448504 -0.141829
1.53833 -0.45334 -0.141829
1.47008 -0.43825 -0.135663
1.45916 -0.43999 -0.134782
1.42919 -0.435855 -0.132139
1.42781 -0.440343 -0.132139
1.43593 -0.447792 -0.13302
1.42501 -0.449305 -0.132139
1.41403 -0.451001 -0.131258
1.43156 -0.461555 -0.13302
1.41116 -0.459877 -0.131258
1.40971 -0.464308 -0.131258
1.4177 -0.47188 -0.132139
1.39733 -0.469981 -0.130377
1.40527 -0.477573 -0.131258
1.39435 -0.478751 -0.130377
1.39284 -0.483129 -0.130377
1.39131 -0.487502 -0.130377
1.38977 -0.491871 -0.130377
1.37884 -0.492882 -0.129496
1.37728 -0.497211 -0.129496
1.37572 -0.501535 -0.129496
1.38348 -0.509296 -0.130377
1.38187 -0.51364 -0.130377
1.38958 -0.521478 -0.131258
1.43451 -0.543487 -0.135663
1.442 -0.551801 -0.136544
1.43097 -0.552739 -0.135663
1.44779 -0.564469 -0.137425
1.4182 -0.558072 -0.134782
1.44421 -0.573554 -0.137425
1.42391 -0.570677 -0.135663
1.44058 -0.582617 -0.137425
1.43874 -0.58714 -0.137425
1.41847 -0.584072 -0.135663
1.43502 -0.596168 -0.137425
1.40559 -0.589122 -0.134782
1.42208 -0.601294 -0.136544
1.40186 -0.597942 -0.134782
1.39997 -0.602343 -0.134782
1.39807 -0.606738 -0.134782
1.37791 -0.603139 -0.13302
1.38512 -0.611488 -0.133901
1.37409 -0.611785 -0.13302
1.38114 -0.62042 -0.133901
1.35196 -0.612425 -0.131258
1.28661 -0.587698 -0.125092
1.28476 -0.591737 -0.125092
1.29193 -0.599966 -0.125973
1.29906 -0.608246 -0.126854
1.28813 -0.608072 -0.125973
1.28621 -0.612115 -0.125973
1.28428 -0.616153 -0.125973
1.26441 -0.611511 -0.124211
1.28039 -0.62421 -0.125973
1.26054 -0.619443 -0.124211
1.25859 -0.6234 -0.124211
1.24771 -0.622902 -0.12333
1.25465 -0.631296 -0.124211
1.24377 -0.630729 -0.12333
1.25054 -0.639385 -0.124211
1.24853 -0.64331 -0.124211
1.2465 -0.647229 -0.124211
1.24446 -0.651142 -0.124211
1.22479 -0.645757 -0.122449
1.23155 -0.654275 -0.12333
1.22949 -0.658141 -0.12333
1.22741 -0.662 -0.12333
1.21658 -0.661097 -0.122449
1.26692 -0.693617 -0.127735
1.29962 -0.716838 -0.131258
1.30607 -0.725755 -0.132139
1.29509 -0.724989 -0.131258
1.29281 -0.729054 -0.131258
1.29051 -0.733112 -0.131258
1.27091 -0.727268 -0.129496
1.29438 -0.746407 -0.132139
1.2748 -0.740463 -0.130377
1.28107 -0.749494 -0.131258
1.27012 -0.748458 -0.130377
1.26777 -0.752445 -0.130377
1.2654 -0.756424 -0.130377
1.26301 -0.760395 -0.130377
1.26062 -0.76436 -0.130377
1.24971 -0.763125 -0.129496
1.25579 -0.772265 -0.130377
1.25336 -0.776206 -0.130377
1.25091 -0.78014 -0.130377
1.24832 -0.784284 -0.130377
1.23743 -0.782876 -0.129496
1.23483 -0.786975 -0.129496
1.22397 -0.785471 -0.128616
1.19653 -0.772884 -0.125973
1.15234 -0.749485 -0.121568
1.14998 -0.753101 -0.121568
1.13929 -0.751227 -0.120687
1.13693 -0.754802 -0.120687
1.12627 -0.752835 -0.119806
1.13216 -0.761931 -0.120687
1.12152 -0.759896 -0.119806
1.12735 -0.769029 -0.120687
1.14136 -0.783845 -0.122449
1.13889 -0.787427 -0.122449
1.72614 -0.071441 -0.090701
1.74586 -0.077753 -0.09175
1.71569 -0.08181 -0.090177
1.71542 -0.0872 -0.090177
1.69519 -0.091512 -0.089128
1.6949 -0.096837 -0.089128
1.70455 -0.102762 -0.089652
1.69426 -0.107484 -0.089128
1.70387 -0.11347 -0.089652
1.69355 -0.118127 -0.089128
1.72305 -0.125626 -0.090701
1.71269 -0.130281 -0.090177
1.69236 -0.134083 -0.089128
1.71183 -0.141039 -0.090177
1.71138 -0.146416 -0.090177
1.71091 -0.151792 -0.090177
1.71043 -0.157166 -0.090177
1.69999 -0.161594 -0.089652
1.72928 -0.169863 -0.091225
1.64926 -0.167235 -0.087031
1.71825 -0.179686 -0.090701
1.66803 -0.179734 -0.08808
1.68731 -0.187175 -0.089128
1.62718 -0.185682 -0.085982
1.64643 -0.19312 -0.087031
1.6359 -0.197097 -0.086507
1.63527 -0.202235 -0.086507
1.63463 -0.207371 -0.086507
1.63397 -0.212506 -0.086507
1.6234 -0.216319 -0.085982
1.62271 -0.221418 -0.085982
1.61211 -0.225133 -0.085458
1.60151 -0.228785 -0.084934
1.59086 -0.232649 -0.08441
1.59013 -0.237646 -0.08441
1.5795 -0.241133 -0.083885
1.57873 -0.246094 -0.083885
1.56809 -0.249483 -0.083361
1.5673 -0.254409 -0.083361
1.55664 -0.2577 -0.082837
1.59521 -0.269237 -0.084934
1.61404 -0.277633 -0.085982
1.64267 -0.287874 -0.087555
1.61226 -0.287769 -0.085982
1.61135 -0.292832 -0.085982
1.60061 -0.296077 -0.085458
1.59967 -0.301104 -0.085458
1.60852 -0.308006 -0.085982
1.60755 -0.313058 -0.085982
1.61635 -0.320046 -0.086507
1.59576 -0.321181 -0.085458
1.59474 -0.326193 -0.085458
1.58393 -0.329169 -0.084934
1.59266 -0.336207 -0.085458
1.57207 -0.337022 -0.08441
1.571 -0.341959 -0.08441
1.57967 -0.349047 -0.084934
1.53959 -0.345267 -0.082837
1.51902 -0.345671 -0.081788
1.51793 -0.350441 -0.081788
1.48765 -0.348377 -0.080215
1.50598 -0.357664 -0.081264
1.48543 -0.357717 -0.080215
1.48424 -0.362641 -0.080215
1.48309 -0.367302 -0.080215
1.47224 -0.369529 -0.079691
1.48075 -0.376613 -0.080215
1.46989 -0.378772 -0.079691
1.44937 -0.378343 -0.078643
1.45783 -0.385447 -0.079167
1.45661 -0.390025 -0.079167
1.44574 -0.391986 -0.078643
1.43487 -0.393882 -0.078118
1.43363 -0.398388 -0.078118
1.44198 -0.405594 -0.078643
1.42149 -0.404654 -0.077594
1.42021 -0.409118 -0.077594
1.40933 -0.410783 -0.07707
1.44635 -0.426507 -0.079167
1.49285 -0.445321 -0.081788
1.48188 -0.447125 -0.081264
1.48047 -0.451778 -0.081264
1.48859 -0.459371 -0.081788
1.48714 -0.464045 -0.081788
1.48567 -0.468715 -0.081788
1.47459 -0.470603 -0.081264
1.46361 -0.472167 -0.08074
1.46211 -0.476763 -0.08074
1.46061 -0.481354 -0.08074
1.44962 -0.482785 -0.080215
1.45756 -0.490522 -0.08074
1.44655 -0.491883 -0.080215
1.445 -0.496426 -0.080215
1.45287 -0.504237 -0.08074
1.44185 -0.505495 -0.080215
1.42143 -0.503355 -0.079167
1.41984 -0.507818 -0.079167
1.43702 -0.519061 -0.080215
1.39786 -0.509885 -0.078118
1.35877 -0.500468 -0.076021
1.34783 -0.501253 -0.075497
1.34625 -0.505485 -0.075497
1.34465 -0.509712 -0.075497
1.3243 -0.507027 -0.074448
1.33202 -0.514785 -0.074973
1.3397 -0.522596 -0.075497
1.32876 -0.523144 -0.074973
1.32711 -0.527316 -0.074973
1.32545 -0.531483 -0.074973
1.32377 -0.535644 -0.074973
1.31283 -0.536025 -0.074448
1.32038 -0.543951 -0.074973
1.31866 -0.548096 -0.074973
1.30772 -0.548374 -0.074448
1.31519 -0.556371 -0.074973
1.31344 -0.5605 -0.074973
1.31167 -0.564623 -0.074973
1.30989 -0.568741 -0.074973
1.3081 -0.572853 -0.074973
1.29716 -0.572926 -0.074448
1.29535 -0.576998 -0.074448
1.30254 -0.585384 -0.074973
1.33707 -0.605962 -0.07707
1.34425 -0.61431 -0.077594
1.33324 -0.614351 -0.07707
1.33131 -0.618536 -0.07707
1.3384 -0.626952 -0.077594
1.31836 -0.622624 -0.076545
1.3164 -0.626763 -0.076545
1.33243 -0.639538 -0.077594
1.31244 -0.635022 -0.076545
1.32839 -0.647897 -0.077594
1.32634 -0.652067 -0.077594
1.31534 -0.651797 -0.07707
1.32222 -0.660388 -0.077594
1.31122 -0.660048 -0.07707
1.30914 -0.664164 -0.07707
1.29804 -0.663954 -0.076545
1.29595 -0.668029 -0.076545
1.27612 -0.66289 -0.075497
1.29172 -0.676158 -0.076545
1.28076 -0.675554 -0.076021
1.27863 -0.679574 -0.076021
1.25008 -0.669445 -0.074448
1.22161 -0.659143 -0.072875
1.21075 -0.658208 -0.072351
1.20868 -0.662008 -0.072351
1.21534 -0.670627 -0.072875
1.21323 -0.674441 -0.072875
1.2111 -0.678249 -0.072875
1.20896 -0.682051 -0.072875
1.20682 -0.685846 -0.072875
1.21332 -0.694595 -0.0734
1.19371 -0.688634 -0.072351
1.20018 -0.697398 -0.072875
1.18936 -0.696121 -0.072351
1.18717 -0.699854 -0.072351
1.19355 -0.708679 -0.072875
1.18275 -0.707299 -0.072351
1.18052 -0.711012 -0.072351
1.17828 -0.714717 -0.072351
1.18455 -0.723621 -0.072875
1.16526 -0.716873 -0.071827
1.163 -0.720531 -0.071827
1.16073 -0.724181 -0.071827
1.15833 -0.728026 -0.071827
1.1476 -0.726321 -0.071303
1.14518 -0.730122 -0.071303
1.13448 -0.728321 -0.070778
1.13231 -0.731684 -0.070778
1.12164 -0.729792 -0.070254
1.11099 -0.727839 -0.06973
1.10869 -0.731326 -0.06973
1.11471 -0.74033 -0.070254
1.10408 -0.738278 -0.06973
1.10175 -0.741742 -0.06973
1.09115 -0.739597 -0.069205
1.11357 -0.759908 -0.070778
1.11117 -0.763403 -0.070778
1.15805 -0.800974 -0.073924
1.70886 -0.055196 -0.029387
1.70867 -0.060564 -0.029387
1.68849 -0.065161 -0.029043
1.68828 -0.070465 -0.029043
1.68805 -0.075768 -0.029043
1.6878 -0.081071 -0.029043
1.66757 -0.085351 -0.0287
1.69725 -0.092217 -0.029215
1.73688 -0.099843 -0.029903
1.73655 -0.1053 -0.029903
1.76615 -0.112664 -0.030418
1.75581 -0.117544 -0.030246
1.73548 -0.121661 -0.029903
1.72512 -0.126382 -0.029731
1.73468 -0.132563 -0.029903
1.72429 -0.137219 -0.029731
1.72385 -0.142635 -0.029731
1.71344 -0.147194 -0.029559
1.73288 -0.154351 -0.029903
1.71248 -0.157957 -0.029559
1.68211 -0.160488 -0.029043
1.69155 -0.166752 -0.029215
1.66118 -0.169029 -0.0287
1.63081 -0.171117 -0.028184
1.62032 -0.175165 -0.028012
1.60982 -0.179148 -0.02784
1.60925 -0.184205 -0.02784
1.60867 -0.189259 -0.02784
1.60806 -0.194312 -0.02784
1.5876 -0.196902 -0.027497
1.59689 -0.20315 -0.027669
1.59625 -0.208166 -0.027669
1.57576 -0.210532 -0.027325
1.56519 -0.214126 -0.027153
1.56451 -0.219042 -0.027153
1.56381 -0.223956 -0.027153
1.5631 -0.228868 -0.027153
1.55248 -0.232297 -0.026981
1.54182 -0.235932 -0.026809
1.54107 -0.240775 -0.026809
1.55023 -0.246919 -0.026981
1.59879 -0.259806 -0.02784
1.60783 -0.266463 -0.028012
1.6267 -0.274844 -0.028356
1.60607 -0.27684 -0.028012
1.62489 -0.285343 -0.028356
1.59446 -0.285165 -0.02784
1.59356 -0.290173 -0.02784
1.6123 -0.298822 -0.028184
1.5917 -0.30018 -0.02784
1.59075 -0.305179 -0.02784
1.58978 -0.310175 -0.02784
1.57899 -0.313222 -0.027669
1.58781 -0.320158 -0.02784
1.5672 -0.32113 -0.027497
1.56618 -0.326052 -0.027497
1.55537 -0.328902 -0.027325
1.55433 -0.333787 -0.027325
1.5142 -0.330148 -0.026637
1.48387 -0.328422 -0.026122
1.47307 -0.33089 -0.02595
1.47202 -0.335517 -0.02595
1.46122 -0.337887 -0.025778
1.46989 -0.344759 -0.02595
1.4688 -0.349375 -0.02595
1.45797 -0.351643 -0.025778
1.43744 -0.351472 -0.025434
1.45573 -0.360797 -0.025778
1.45453 -0.365622 -0.025778
1.44368 -0.367722 -0.025606
1.44252 -0.372256 -0.025606
1.43167 -0.374257 -0.025434
1.42082 -0.376194 -0.025263
1.42929 -0.383245 -0.025434
1.41843 -0.385114 -0.025263
1.42686 -0.392218 -0.025434
1.41598 -0.394018 -0.025263
1.42436 -0.401175 -0.025434
1.4231 -0.405648 -0.025434
1.46024 -0.421201 -0.026122
1.45891 -0.425787 -0.026122
1.47675 -0.43603 -0.026466
1.47537 -0.440668 -0.026466
1.4644 -0.442409 -0.026294
1.45345 -0.444086 -0.026122
1.4807 -0.457505 -0.026637
1.46017 -0.456191 -0.026294
1.4492 -0.457764 -0.026122
1.4668 -0.468398 -0.026466
1.44629 -0.466861 -0.026122
1.43523 -0.468551 -0.02595
1.41476 -0.466792 -0.025606
1.43226 -0.47756 -0.02595
1.42128 -0.478864 -0.025778
1.41976 -0.483327 -0.025778
1.41824 -0.487785 -0.025778
1.4167 -0.492238 -0.025778
1.42458 -0.499998 -0.02595
1.41358 -0.50113 -0.025778
1.38376 -0.495457 -0.025263
1.34458 -0.486202 -0.024575
1.33366 -0.486994 -0.024403
1.33212 -0.491181 -0.024403
1.33057 -0.495364 -0.024403
1.32901 -0.499541 -0.024403
1.32743 -0.503714 -0.024403
1.31651 -0.504305 -0.024231
1.30559 -0.504833 -0.02406
1.31322 -0.512796 -0.024231
1.3116 -0.516919 -0.024231
1.30997 -0.521037 -0.024231
1.29905 -0.521426 -0.02406
1.29741 -0.525504 -0.02406
1.29575 -0.529577 -0.02406
1.29408 -0.533646 -0.02406
1.2924 -0.537708 -0.02406
1.29992 -0.545636 -0.024231
1.2982 -0.549717 -0.024231
1.28727 -0.549865 -0.02406
1.28554 -0.553906 -0.02406
1.29296 -0.561927 -0.024231
1.26372 -0.553944 -0.023716
1.28941 -0.57004 -0.024231
1.33327 -0.594446 -0.025091
1.33129 -0.598864 -0.025091
1.3203 -0.598913 -0.024919
1.3275 -0.607217 -0.025091
1.33467 -0.615572 -0.025263
1.32366 -0.615546 -0.025091
1.31267 -0.615457 -0.024919
1.29265 -0.611031 -0.024575
1.29975 -0.619391 -0.024747
1.31582 -0.63213 -0.025091
1.29583 -0.627545 -0.024747
1.30284 -0.635999 -0.024919
1.30083 -0.640089 -0.024919
1.2809 -0.635287 -0.024575
1.29678 -0.64825 -0.024919
1.29474 -0.65232 -0.024919
1.29269 -0.656385 -0.024919
1.28172 -0.655888 -0.024747
1.27965 -0.659911 -0.024747
1.26858 -0.659539 -0.024575
1.25765 -0.658881 -0.024403
1.26442 -0.667497 -0.024575
1.227 -0.652683 -0.023888
1.20732 -0.647088 -0.023544
1.19648 -0.646127 -0.023372
1.19445 -0.649883 -0.023372
1.18363 -0.648826 -0.0232
1.18159 -0.652541 -0.0232
1.18827 -0.661111 -0.023372
1.17746 -0.659952 -0.0232
1.18409 -0.668564 -0.023372
1.18199 -0.672281 -0.023372
1.17987 -0.675991 -0.023372
1.16908 -0.674696 -0.0232
1.1756 -0.683391 -0.023372
1.1647 -0.682232 -0.0232
1.17116 -0.690968 -0.023372
1.16039 -0.689536 -0.0232
1.15822 -0.693178 -0.0232
1.15603 -0.696814 -0.0232
1.14529 -0.695253 -0.023028
1.15163 -0.704063 -0.0232
1.14942 -0.707678 -0.0232
1.13869 -0.706016 -0.023028
1.13646 -0.70959 -0.023028
1.14269 -0.718479 -0.0232
1.13198 -0.716717 -0.023028
1.12117 -0.71509 -0.022857
1.12733 -0.724012 -0.023028
1.12505 -0.72755 -0.023028
1.11438 -0.725625 -0.022857
1.12046 -0.734604 -0.023028
1.11814 -0.738121 -0.023028
1.10749 -0.736095 -0.022857
1.09687 -0.73401 -0.022685
1.10285 -0.743039 -0.022857
1.10878 -0.752113 -0.023028
1.10641 -0.755593 -0.023028
1.02332 -0.456468 0.300087
1.0218 -0.459859 0.300087
1.01155 -0.459075 0.2975
1.01889 -0.46627 0.300087
1.00865 -0.465421 0.2975
0.998426 -0.464513 0.294913
1.00571 -0.47175 0.2975
1.00422 -0.474907 0.2975
1.00272 -0.478059 0.2975
0.99251 -0.477023 0.294913
0.999699 -0.48435 0.2975
0.980813 -0.47901 0.292326
0.98797 -0.486356 0.294913
0.977784 -0.485164 0.292326
0.984894 -0.492554 0.294913
0.983342 -0.495645 0.294913
0.98178 -0.498732 0.294913
0.980209 -0.501814 0.294913
0.970043 -0.500462 0.292326
0.968378 -0.503676 0.292326
0.975346 -0.5112 0.294913
0.965194 -0.509751 0.292326
0.963588 -0.51278 0.292326
0.961972 -0.515805 0.292326
0.960347 -0.518825 0.292326
0.958712 -0.521839 0.292326
0.957068 -0.524848 0.292326
0.955415 -0.527852 0.292326
0.945311 -0.526154 0.289739
0.952079 -0.533845 0.292326
0.941987 -0.532083 0.289739
0.948706 -0.539816 0.292326
0.938625 -0.537991 0.289739
0.945296 -0.545767 0.292326
0.935226 -0.543878 0.289739
0.925083 -0.542092 0.287153
0.931695 -0.549906 0.289739
0.929962 -0.55283 0.289739
0.928221 -0.555749 0.289739
0.926471 -0.558662 0.289739
0.924711 -0.56157 0.289739
0.922942 -0.564472 0.289739
0.921164 -0.567369 0.289739
0.919377 -0.57026 0.289739
0.901196 -0.562911 0.284566
0.891246 -0.560596 0.281979
0.88132 -0.558225 0.279392
0.871321 -0.555948 0.276805
0.885824 -0.569126 0.281979
0.908363 -0.587646 0.289739
1.33481 -0.161766 0.310681
1.33429 -0.165958 0.310681
1.31443 -0.167683 0.306179
1.30424 -0.170549 0.303927
1.31335 -0.175939 0.306179
1.30314 -0.17874 0.303927
1.30257 -0.182833 0.303927
1.2827 -0.184155 0.299425
1.29176 -0.189599 0.301676
1.28152 -0.192211 0.299425
1.28088 -0.196459 0.299425
1.28988 -0.20199 0.301676
1.27965 -0.20428 0.299425
1.27901 -0.208299 0.299425
1.27834 -0.212316 0.299425
1.26806 -0.214705 0.297173
1.25775 -0.21725 0.294922
1.25706 -0.221201 0.294922
1.24677 -0.22343 0.292671
1.25564 -0.229094 0.294922
1.24534 -0.231259 0.292671
1.2446 -0.23517 0.292671
1.24386 -0.239079 0.292671
1.2431 -0.242986 0.292671
1.24233 -0.24689 0.292671
1.24155 -0.250791 0.292671
1.23121 -0.252732 0.290419
1.23041 -0.256598 0.290419
1.2296 -0.260462 0.290419
1.22878 -0.264324 0.290419
1.21842 -0.266104 0.288168
1.21758 -0.269931 0.288168
1.21672 -0.273754 0.288168
1.21586 -0.277575 0.288168
1.21498 -0.281394 0.288168
1.21409 -0.285209 0.288168
1.21319 -0.289022 0.288168
1.2028 -0.290544 0.285917
1.20188 -0.294322 0.285917
1.20095 -0.298096 0.285917
1.19996 -0.302077 0.285917
1.18956 -0.303437 0.283665
1.19804 -0.30961 0.285917
1.18763 -0.310905 0.283665
1.19607 -0.317132 0.285917
1.18566 -0.318361 0.283665
1.19405 -0.324641 0.285917
1.18363 -0.325804 0.283665
1.17322 -0.326906 0.281414
1.18156 -0.333235 0.283665
1.17114 -0.334271 0.281414
1.17008 -0.337949 0.281414
1.17837 -0.344356 0.283665
1.16794 -0.345294 0.281414
1.16685 -0.348961 0.281414
1.16575 -0.352625 0.281414
1.15531 -0.353436 0.279163
1.16351 -0.359943 0.281414
1.15307 -0.360688 0.279163
1.16122 -0.367246 0.281414
1.1415 -0.364958 0.276912
1.14035 -0.368543 0.276912
1.13912 -0.372322 0.276912
1.13795 -0.375899 0.276912
1.13676 -0.379472 0.276912
1.13556 -0.383041 0.276912
1.13435 -0.386607 0.276912
1.13313 -0.390169 0.276912
1.1319 -0.393727 0.276912
1.11227 -0.390821 0.272409
1.12022 -0.397572 0.27466
1.1098 -0.397802 0.272409
1.09938 -0.39797 0.270158
1.11643 -0.408112 0.27466
1.106 -0.408243 0.272409
1.11384 -0.415119 0.27466
1.10341 -0.415184 0.272409
1.1021 -0.418649 0.272409
1.10078 -0.422109 0.272409
1.09945 -0.425565 0.272409
1.09803 -0.429209 0.272409
1.08761 -0.429081 0.270158
1.08626 -0.432495 0.270158
1.0849 -0.435906 0.270158
1.08352 -0.439312 0.270158
1.08214 -0.442714 0.270158
1.08074 -0.446111 0.270158
1.07034 -0.445758 0.267906
1.07792 -0.452893 0.270158
1.05855 -0.448672 0.265655
1.06609 -0.455826 0.267906
1.05571 -0.455314 0.265655
1.05427 -0.458629 0.265655
1.06175 -0.465853 0.267906
1.05137 -0.465244 0.265655
1.0588 -0.472515 0.267906
1.05723 -0.476024 0.267906
1.05573 -0.479343 0.267906
1.04536 -0.478601 0.265655
1.05269 -0.485967 0.267906
1.04233 -0.48516 0.265655
1.0408 -0.488432 0.265655
1.03926 -0.491699 0.265655
1.02892 -0.490767 0.263404
1.02737 -0.493997 0.263404
1.02581 -0.497222 0.263404
1.02424 -0.500443 0.263404
1.02267 -0.503658 0.263404
1.02108 -0.506868 0.263404
1.01077 -0.505714 0.261152
1.01787 -0.513274 0.263404
1.01626 -0.516469 0.263404
1.00596 -0.515218 0.261152
1.01299 -0.522844 0.263404
1.00261 -0.521703 0.261152
1.00959 -0.529375 0.263404
0.999312 -0.527992 0.261152
1.00625 -0.535708 0.263404
0.995974 -0.534261 0.261152
0.994291 -0.537387 0.261152
0.992598 -0.540508 0.261152
0.982353 -0.538937 0.258901
0.989182 -0.546734 0.261152
0.978947 -0.545099 0.258901
0.97723 -0.548172 0.258901
0.975503 -0.551239 0.258901
0.973766 -0.554301 0.258901
0.97202 -0.557357 0.258901
0.970264 -0.560408 0.258901
0.968499 -0.563454 0.258901
0.966625 -0.566662 0.258901
0.96484 -0.569696 0.258901
0.963046 -0.572724 0.258901
0.961242 -0.575747 0.258901
0.959428 -0.578764 0.258901
0.957605 -0.581775 0.258901
0.955773 -0.584781 0.258901
0.945636 -0.582669 0.25665
0.95208 -0.590775 0.258901
0.950219 -0.593763 0.258901
0.940102 -0.591556 0.25665
0.930009 -0.589291 0.254398
0.919837 -0.58713 0.252147
0.917988 -0.590017 0.252147
0.91613 -0.592898 0.252147
0.938752 -0.611731 0.258901
0.920533 -0.603987 0.254398
1.70755 0.040539 0.331999
1.69785 0.035268 0.330091
1.68814 0.029761 0.328183
1.68823 0.024163 0.328183
1.6883 0.018859 0.328183
1.67853 0.01377 0.326275
1.62948 0.008248 0.316734
1.64913 0.002878 0.32055
1.63932 -0.002289 0.318642
1.6393 -0.007153 0.318642
1.62946 -0.012229 0.316734
1.62941 -0.017348 0.316734
1.62935 -0.022467 0.316734
1.61945 -0.027702 0.314826
1.62917 -0.032988 0.316734
1.62906 -0.038106 0.316734
1.6093 -0.042703 0.312918
1.61897 -0.04805 0.314826
1.55014 -0.050882 0.30147
1.60883 -0.057868 0.312918
1.54979 -0.06062 0.30147
1.57901 -0.066732 0.307194
1.52976 -0.069466 0.297654
1.55895 -0.0757 0.303378
1.5293 -0.079077 0.297654
1.52904 -0.083881 0.297654
1.51897 -0.088115 0.295746
1.51869 -0.092887 0.295746
1.51839 -0.097657 0.295746
1.50828 -0.101766 0.293838
1.50795 -0.106504 0.293838
1.50761 -0.111241 0.293838
1.48768 -0.114471 0.290022
1.49709 -0.119927 0.29193
1.48693 -0.123816 0.290022
1.47675 -0.127641 0.288114
1.47634 -0.13228 0.288114
1.46615 -0.13601 0.286206
1.47548 -0.141553 0.288114
1.47503 -0.146188 0.288114
1.4648 -0.149822 0.286206
1.45456 -0.153394 0.284298
1.45407 -0.157963 0.284298
1.46332 -0.163621 0.286206
1.45305 -0.167096 0.284298
1.45252 -0.17166 0.284298
1.45197 -0.176222 0.284298
1.44167 -0.179569 0.28239
1.4411 -0.184098 0.28239
1.43078 -0.18735 0.280482
1.43018 -0.191844 0.280482
1.42957 -0.196336 0.280482
1.41923 -0.19946 0.278574
1.4186 -0.203917 0.278574
1.41795 -0.208373 0.278574
1.40754 -0.211615 0.276666
1.39717 -0.214546 0.274758
1.41588 -0.221974 0.278574
1.40549 -0.224871 0.276666
1.39512 -0.22746 0.274758
1.3944 -0.231842 0.274758
1.39363 -0.236465 0.274758
1.3832 -0.239169 0.27285
1.38244 -0.243514 0.27285
1.38167 -0.247855 0.27285
1.38089 -0.252195 0.27285
1.38009 -0.256532 0.27285
1.36963 -0.259042 0.270941
1.36881 -0.263344 0.270941
1.36798 -0.267642 0.270941
1.36713 -0.271939 0.270941
1.35665 -0.274287 0.269033
1.36539 -0.280523 0.270941
1.3549 -0.282806 0.269033
1.354 -0.287061 0.269033
1.3435 -0.289247 0.267125
1.35217 -0.295562 0.269033
1.35124 -0.299809 0.269033
1.34071 -0.301896 0.267125
1.33976 -0.306107 0.267125
1.33879 -0.310314 0.267125
1.33781 -0.314518 0.267125
1.32726 -0.316443 0.265217
1.3358 -0.322918 0.267125
1.32525 -0.324776 0.265217
1.31464 -0.326801 0.263309
1.32312 -0.333328 0.265217
1.30305 -0.332627 0.261401
1.3115 -0.339176 0.263309
1.30093 -0.340807 0.261401
1.30934 -0.34741 0.263309
1.29876 -0.348975 0.261401
1.29766 -0.353053 0.261401
1.28708 -0.354521 0.259493
1.28596 -0.358563 0.259493
1.28483 -0.362601 0.259493
1.28368 -0.366636 0.259493
1.27309 -0.367941 0.257585
1.28135 -0.374694 0.259493
1.28017 -0.378718 0.259493
1.28838 -0.385552 0.261401
1.25898 -0.381066 0.255677
1.27654 -0.390766 0.259493
1.26593 -0.391872 0.257585
1.2647 -0.395847 0.257585
1.25409 -0.396856 0.255677
1.25283 -0.400794 0.255677
1.2515 -0.404947 0.255677
1.25022 -0.408876 0.255677
1.23961 -0.409721 0.253769
1.24763 -0.416724 0.255677
1.24631 -0.420641 0.255677
1.23569 -0.421386 0.253769
1.24364 -0.428463 0.255677
1.24229 -0.432368 0.255677
1.24093 -0.436269 0.255677
1.2303 -0.436881 0.253769
1.22892 -0.440743 0.253769
1.22753 -0.444602 0.253769
1.21691 -0.445084 0.251861
1.22471 -0.452306 0.253769
1.20489 -0.449292 0.249953
1.21266 -0.456534 0.251861
1.20204 -0.456854 0.249953
1.2006 -0.460628 0.249953
1.19907 -0.464606 0.249953
1.1976 -0.468371 0.249953
1.19613 -0.472131 0.249953
1.20376 -0.479519 0.251861
1.20224 -0.483299 0.251861
1.18253 -0.479693 0.248045
1.19918 -0.490843 0.251861
1.17949 -0.487114 0.248045
1.18701 -0.494592 0.249953
1.1945 -0.502123 0.251861
1.17484 -0.498208 0.248045
1.17327 -0.501897 0.248045
1.1807 -0.509469 0.249953
1.1611 -0.505341 0.246137
1.16849 -0.512932 0.248045
1.16688 -0.516601 0.248045
1.17421 -0.524266 0.249953
1.16351 -0.524125 0.248045
1.15293 -0.523718 0.246137
1.15127 -0.527337 0.246137
1.15852 -0.535068 0.248045
1.14794 -0.534561 0.246137
1.14625 -0.538164 0.246137
1.14456 -0.541763 0.246137
1.14285 -0.545356 0.246137
1.12344 -0.540433 0.242321
1.1394 -0.552526 0.246137
1.13766 -0.556103 0.246137
1.1271 -0.555335 0.244229
1.13414 -0.56324 0.246137
1.12359 -0.562406 0.244229
1.11305 -0.561512 0.242321
1.12878 -0.573903 0.246137
1.11824 -0.572971 0.244229
1.10761 -0.57217 0.242321
1.11451 -0.58018 0.244229
1.12138 -0.588238 0.246137
1.11085 -0.587171 0.244229
1.11766 -0.595272 0.246137
1.10714 -0.594139 0.244229
1.10526 -0.597614 0.244229
1.10338 -0.601084 0.244229
1.10149 -0.604547 0.244229
1.09958 -0.608004 0.244229
1.08909 -0.606679 0.242321
1.09574 -0.614901 0.244229
1.0938 -0.618341 0.244229
1.0748 -0.612059 0.240413
1.0899 -0.625201 0.244229
1.07093 -0.6188 0.240413
1.07735 -0.627287 0.242321
1.07538 -0.630668 0.242321
1.07339 -0.634044 0.242321
1.07139 -0.637413 0.242321
1.06097 -0.63573 0.240413
1.05896 -0.63906 0.240413
1.06534 -0.647482 0.242321
1.0633 -0.650825 0.242321
1.06125 -0.654163 0.242321
1.05919 -0.657493 0.242321
1.05712 -0.660818 0.242321
1.04673 -0.658906 0.240413
1.05283 -0.667631 0.242321
1.04245 -0.665652 0.240413
1.04024 -0.669105 0.240413
1.03825 -0.672189 0.240413
1.0608 -0.691529 0.246137
1.05863 -0.694858 0.246137
1.64854 0.054111 0.261332
1.62895 0.04863 0.258202
1.63897 0.043777 0.259767
1.63909 0.038628 0.259767
1.62933 0.033561 0.258202
1.62942 0.028441 0.258202
1.62951 0.023038 0.258202
1.62957 0.017919 0.258202
1.61974 0.013005 0.256637
1.61978 0.007916 0.256637
1.60004 0.002513 0.253508
1.60992 -0.002529 0.255072
1.59015 -0.007216 0.251943
1.59012 -0.012211 0.251943
1.59995 -0.017314 0.253508
1.58013 -0.022064 0.250378
1.58005 -0.027304 0.250378
1.57008 -0.032066 0.248813
1.56998 -0.036999 0.248813
1.57973 -0.042194 0.250378
1.54997 -0.046273 0.245683
1.55969 -0.051468 0.247248
1.55952 -0.056367 0.247248
1.54946 -0.060879 0.245683
1.54926 -0.065746 0.245683
1.53918 -0.070163 0.244118
1.53895 -0.074998 0.244118
1.54858 -0.080344 0.245683
1.52859 -0.084123 0.242554
1.53818 -0.089499 0.244118
1.52803 -0.093726 0.242554
1.52773 -0.098526 0.242554
1.52741 -0.103325 0.242554
1.51723 -0.107426 0.240989
1.51688 -0.112192 0.240989
1.51652 -0.116956 0.240989
1.5063 -0.12093 0.239424
1.50592 -0.125661 0.239424
1.49567 -0.129539 0.237859
1.49526 -0.134238 0.237859
1.49483 -0.138934 0.237859
1.49439 -0.14363 0.237859
1.4841 -0.147348 0.236294
1.49346 -0.153017 0.237859
1.48314 -0.15667 0.236294
1.48265 -0.161329 0.236294
1.48213 -0.165986 0.236294
1.4816 -0.170641 0.236294
1.47125 -0.174134 0.234729
1.46089 -0.177564 0.233164
1.46033 -0.182152 0.233164
1.45975 -0.186739 0.233164
1.44936 -0.19004 0.2316
1.44876 -0.194592 0.2316
1.43835 -0.197797 0.230035
1.43772 -0.202315 0.230035
1.43708 -0.206831 0.230035
1.42665 -0.209907 0.22847
1.43572 -0.216107 0.230035
1.41551 -0.217614 0.226905
1.41482 -0.22206 0.226905
1.42386 -0.228066 0.22847
1.41343 -0.230699 0.226905
1.4127 -0.235138 0.226905
1.41191 -0.239821 0.226905
1.41115 -0.244256 0.226905
1.40065 -0.246973 0.22534
1.39987 -0.251372 0.22534
1.39907 -0.255768 0.22534
1.39826 -0.260162 0.22534
1.38773 -0.262717 0.223775
1.3869 -0.267075 0.223775
1.38605 -0.271431 0.223775
1.3852 -0.275784 0.223775
1.38432 -0.280134 0.223775
1.37376 -0.282492 0.22221
1.38253 -0.288827 0.223775
1.37196 -0.291118 0.22221
1.37104 -0.295427 0.22221
1.36046 -0.297622 0.220646
1.36916 -0.304036 0.22221
1.35856 -0.306164 0.220646
1.35759 -0.310431 0.220646
1.35661 -0.314694 0.220646
1.35561 -0.318955 0.220646
1.345 -0.320919 0.219081
1.34398 -0.325143 0.219081
1.34295 -0.329364 0.219081
1.34185 -0.333815 0.219081
1.3408 -0.338029 0.219081
1.33016 -0.339795 0.217516
1.32909 -0.343973 0.217516
1.31844 -0.345642 0.215951
1.3269 -0.352317 0.217516
1.31625 -0.353919 0.215951
1.32466 -0.360647 0.217516
1.314 -0.362182 0.215951
1.31285 -0.366308 0.215951
1.3117 -0.370431 0.215951
1.30103 -0.371836 0.214386
1.29985 -0.375921 0.214386
1.29867 -0.380003 0.214386
1.29747 -0.384081 0.214386
1.29625 -0.388155 0.214386
1.28558 -0.389363 0.212821
1.28435 -0.393399 0.212821
1.2831 -0.397432 0.212821
1.29127 -0.404413 0.214386
1.28058 -0.405486 0.212821
1.26989 -0.406496 0.211256
1.26854 -0.410705 0.211256
1.26724 -0.414688 0.211256
1.27531 -0.421769 0.212821
1.27398 -0.425773 0.212821
1.27264 -0.429773 0.212821
1.26193 -0.43058 0.211256
1.26057 -0.434542 0.211256
1.24987 -0.435252 0.209691
1.25782 -0.442454 0.211256
1.24712 -0.443097 0.209691
1.23642 -0.443677 0.208127
1.23502 -0.447559 0.208127
1.24288 -0.454831 0.209691
1.24145 -0.458733 0.209691
1.23075 -0.459178 0.208127
1.2293 -0.463043 0.208127
1.21861 -0.463392 0.206562
1.21714 -0.467218 0.206562
1.2248 -0.474822 0.208127
1.2233 -0.478667 0.208127
1.22179 -0.482508 0.208127
1.20192 -0.47903 0.204997
1.20957 -0.486489 0.206562
1.20804 -0.490287 0.206562
1.20649 -0.49408 0.206562
1.20493 -0.497868 0.206562
1.20336 -0.501651 0.206562
1.19267 -0.501599 0.204997
1.19109 -0.505344 0.204997
1.1895 -0.509083 0.204997
1.1879 -0.512818 0.204997
1.18628 -0.516547 0.204997
1.18465 -0.520271 0.204997
1.18301 -0.52399 0.204997
1.17234 -0.523676 0.203432
1.1796 -0.531619 0.204997
1.16893 -0.531236 0.203432
1.16726 -0.534905 0.203432
1.15661 -0.534427 0.201867
1.16387 -0.542229 0.203432
1.16217 -0.545883 0.203432
1.15152 -0.545304 0.201867
1.1498 -0.548919 0.201867
1.15697 -0.556811 0.203432
1.15521 -0.560443 0.203432
1.14457 -0.559731 0.201867
1.14281 -0.563324 0.201867
1.13219 -0.562517 0.200302
1.13925 -0.570493 0.201867
1.12863 -0.569619 0.200302
1.13564 -0.57764 0.201867
1.13382 -0.581205 0.201867
1.12311 -0.580427 0.200302
1.13004 -0.588515 0.201867
1.11944 -0.587472 0.200302
1.12632 -0.595603 0.201867
1.12445 -0.599139 0.201867
1.11386 -0.597996 0.200302
1.12066 -0.606192 0.201867
1.11008 -0.604983 0.200302
1.10817 -0.608468 0.200302
1.1149 -0.616727 0.201867
1.10433 -0.615418 0.200302
1.10239 -0.618885 0.200302
1.10044 -0.622345 0.200302
1.09848 -0.625799 0.200302
1.09651 -0.629247 0.200302
1.08597 -0.627746 0.198737
1.08389 -0.631343 0.198737
1.09042 -0.639743 0.200302
1.0714 -0.633116 0.197173
1.07789 -0.641531 0.198737
1.07587 -0.644914 0.198737
1.07384 -0.64829 0.198737
1.07179 -0.651661 0.198737
1.07816 -0.660182 0.200302
1.05927 -0.653198 0.197173
1.0656 -0.661733 0.198737
1.05515 -0.659841 0.197173
1.06143 -0.668415 0.198737
1.05086 -0.666641 0.197173
1.04876 -0.669939 0.197173
1.03823 -0.668068 0.195608
1.02795 -0.665777 0.194043
1.02586 -0.669003 0.194043
1.05677 -0.693907 0.200302
1.03811 -0.686329 0.197173
1.67707 0.03923 0.204973
1.65733 0.033848 0.202547
1.6872 0.029155 0.206185
1.66744 0.023283 0.20376
1.6675 0.018045 0.20376
1.66755 0.013098 0.20376
1.65765 0.007812 0.202547
1.65767 0.002314 0.202547
1.64774 -0.002876 0.201334
1.64773 -0.007765 0.201334
1.63777 -0.012863 0.200121
1.63772 -0.018008 0.200121
1.63766 -0.023153 0.200121
1.63757 -0.028584 0.200121
1.63747 -0.033728 0.200121
1.62743 -0.038637 0.198908
1.60746 -0.043216 0.196483
1.60732 -0.048266 0.196483
1.60716 -0.053315 0.196483
1.59706 -0.058003 0.19527
1.59687 -0.06302 0.19527
1.59667 -0.068037 0.19527
1.58653 -0.072599 0.194057
1.57638 -0.077098 0.192844
1.58604 -0.082566 0.194057
1.57586 -0.087001 0.192844
1.56567 -0.091373 0.191631
1.56538 -0.096291 0.191631
1.56507 -0.101208 0.191631
1.56474 -0.106125 0.191631
1.5545 -0.110337 0.190418
1.55414 -0.11522 0.190418
1.55377 -0.120102 0.190418
1.5435 -0.124187 0.189205
1.5431 -0.129035 0.189205
1.54269 -0.133882 0.189205
1.54226 -0.138728 0.189205
1.53193 -0.142652 0.187993
1.53147 -0.147464 0.187993
1.531 -0.152275 0.187993
1.52064 -0.15607 0.18678
1.51027 -0.159802 0.185567
1.51963 -0.165622 0.18678
1.50924 -0.169288 0.185567
1.5087 -0.174029 0.185567
1.50815 -0.178768 0.185567
1.50758 -0.183505 0.185567
1.49714 -0.18701 0.184354
1.49655 -0.191712 0.184354
1.49594 -0.196413 0.184354
1.49531 -0.201112 0.184354
1.48484 -0.204454 0.183141
1.48419 -0.209118 0.183141
1.4737 -0.212364 0.181928
1.47303 -0.216993 0.181928
1.4723 -0.221876 0.181928
1.46179 -0.224991 0.180715
1.46107 -0.229582 0.180715
1.45054 -0.232599 0.179503
1.45964 -0.238503 0.180715
1.4491 -0.241456 0.179503
1.44829 -0.24626 0.179503
1.44751 -0.250808 0.179503
1.45649 -0.25708 0.180715
1.43613 -0.258142 0.17829
1.43531 -0.262653 0.17829
1.43448 -0.267161 0.17829
1.44339 -0.273514 0.179503
1.42303 -0.27429 0.177077
1.4319 -0.280668 0.17829
1.41154 -0.281285 0.175864
1.41065 -0.285718 0.175864
1.40975 -0.290149 0.175864
1.40883 -0.294576 0.175864
1.4079 -0.299001 0.175864
1.39725 -0.30133 0.174651
1.3866 -0.303595 0.173438
1.40501 -0.312256 0.175864
1.38466 -0.312301 0.173438
1.374 -0.314435 0.172225
1.38267 -0.320995 0.173438
1.38166 -0.325337 0.173438
1.38063 -0.329676 0.173438
1.36994 -0.331676 0.172225
1.36889 -0.335978 0.172225
1.3774 -0.342914 0.173438
1.35707 -0.342383 0.171013
1.3656 -0.349103 0.172225
1.3645 -0.353391 0.172225
1.34418 -0.352638 0.1698
1.34306 -0.35686 0.1698
1.34194 -0.361077 0.1698
1.35037 -0.3679 0.171013
1.33007 -0.366862 0.168587
1.33847 -0.373708 0.1698
1.32774 -0.375212 0.168587
1.32656 -0.379381 0.168587
1.32536 -0.383547 0.168587
1.32414 -0.387709 0.168587
1.32292 -0.391867 0.168587
1.33119 -0.39887 0.1698
1.32043 -0.400171 0.168587
1.32866 -0.407226 0.1698
1.31789 -0.40846 0.168587
1.32607 -0.415566 0.1698
1.30584 -0.413734 0.167374
1.30453 -0.417835 0.167374
1.29369 -0.419099 0.166161
1.29237 -0.423161 0.166161
1.28161 -0.424101 0.164948
1.2991 -0.434421 0.167374
1.28833 -0.435323 0.166161
1.27756 -0.436161 0.164948
1.28557 -0.443409 0.166161
1.27479 -0.444179 0.164948
1.27339 -0.448182 0.164948
1.28133 -0.455505 0.166161
1.28923 -0.462882 0.167374
1.27844 -0.463547 0.166161
1.27698 -0.467561 0.166161
1.26619 -0.468128 0.164948
1.27402 -0.475575 0.166161
1.26323 -0.476075 0.164948
1.25245 -0.476511 0.163735
1.25095 -0.480444 0.163735
1.24934 -0.484589 0.163735
1.24782 -0.488512 0.163735
1.24628 -0.492429 0.163735
1.2355 -0.492666 0.162523
1.24316 -0.50025 0.163735
1.24158 -0.504153 0.163735
1.23081 -0.504288 0.162523
1.23839 -0.511944 0.163735
1.22761 -0.512011 0.162523
1.23515 -0.519715 0.163735
1.23351 -0.523593 0.163735
1.22273 -0.523558 0.162523
1.22108 -0.527397 0.162523
1.21942 -0.531231 0.162523
1.20865 -0.531066 0.16131
1.22513 -0.542903 0.163735
1.22342 -0.54675 0.163735
1.2035 -0.542644 0.16131
1.21083 -0.55053 0.162523
1.20909 -0.554331 0.162523
1.19833 -0.553962 0.16131
1.20559 -0.561917 0.162523
1.19483 -0.56148 0.16131
1.19306 -0.565231 0.16131
1.18232 -0.564699 0.160097
1.18054 -0.56841 0.160097
1.17875 -0.572116 0.160097
1.18586 -0.580179 0.16131
1.18403 -0.583901 0.16131
1.19108 -0.592036 0.162523
1.17147 -0.586883 0.160097
1.18734 -0.599508 0.162523
1.1766 -0.598734 0.16131
1.16588 -0.597898 0.160097
1.1639 -0.601761 0.160097
1.14439 -0.596241 0.157671
1.14251 -0.599834 0.157671
1.1494 -0.608062 0.158884
1.14748 -0.611669 0.158884
1.1543 -0.619968 0.160097
1.14362 -0.618867 0.158884
1.13295 -0.617705 0.157671
1.13101 -0.621262 0.157671
1.12905 -0.624812 0.157671
1.11841 -0.623522 0.156458
1.1251 -0.631893 0.157671
1.12311 -0.635425 0.157671
1.12973 -0.643865 0.158884
1.11909 -0.642469 0.157671
1.12566 -0.650951 0.158884
1.11492 -0.649682 0.157671
1.11288 -0.653182 0.157671
1.11082 -0.656675 0.157671
1.10875 -0.660161 0.157671
1.10667 -0.663641 0.157671
1.11308 -0.672246 0.158884
1.11096 -0.67574 0.158884
1.10037 -0.674042 0.157671
1.08135 -0.667072 0.155245
1.08768 -0.675704 0.156458
1.07713 -0.673853 0.155245
1.09181 -0.687816 0.157671
1.08114 -0.686114 0.156458
1.07898 -0.689507 0.156458
1.06 -0.682336 0.154033
1.04964 -0.68008 0.15282
1.03918 -0.677951 0.151607
1.04534 -0.686662 0.15282
1.02662 -0.678991 0.150394
1.05753 -0.70422 0.155245
1.70353 0.013082 0.147999
1.67368 0.007595 0.145402
1.69362 0.002069 0.147133
1.66373 -0.003194 0.144537
1.67368 -0.008179 0.145402
1.66368 -0.013357 0.144537
1.67359 -0.018695 0.145402
1.6536 -0.023667 0.143671
1.65351 -0.029151 0.143671
1.65341 -0.034345 0.143671
1.6533 -0.03954 0.143671
1.63325 -0.044194 0.14194
1.6331 -0.049325 0.14194
1.62298 -0.054123 0.141075
1.63276 -0.059585 0.14194
1.62261 -0.06432 0.141075
1.61245 -0.068991 0.140209
1.62217 -0.074514 0.141075
1.61198 -0.079121 0.140209
1.61172 -0.084185 0.140209
1.6015 -0.088697 0.139344
1.60122 -0.093728 0.139344
1.60091 -0.098758 0.139344
1.59066 -0.103142 0.138478
1.60026 -0.108814 0.139344
1.58998 -0.113134 0.138478
1.58961 -0.118129 0.138478
1.5793 -0.122352 0.137613
1.58884 -0.128114 0.138478
1.56857 -0.131441 0.136747
1.56815 -0.136368 0.136747
1.56772 -0.141294 0.136747
1.55735 -0.145293 0.135882
1.55688 -0.150185 0.135882
1.54649 -0.154087 0.135016
1.55591 -0.159964 0.135882
1.54549 -0.163801 0.135016
1.54497 -0.168656 0.135016
1.54443 -0.173509 0.135016
1.52408 -0.176073 0.133285
1.53342 -0.182035 0.134151
1.52295 -0.185646 0.133285
1.52236 -0.190429 0.133285
1.52175 -0.195211 0.133285
1.52113 -0.199991 0.133285
1.50075 -0.202109 0.131554
1.49024 -0.205462 0.130689
1.49945 -0.211534 0.131554
1.49878 -0.216244 0.131554
1.49809 -0.220952 0.131554
1.47765 -0.222946 0.129823
1.48679 -0.229104 0.130689
1.47622 -0.232225 0.129823
1.47548 -0.236862 0.129823
1.47477 -0.241239 0.129823
1.46418 -0.244232 0.128958
1.47318 -0.250757 0.129823
1.47239 -0.255384 0.129823
1.46177 -0.258275 0.128958
1.45114 -0.261102 0.128092
1.46012 -0.267455 0.128958
1.44948 -0.270215 0.128092
1.44862 -0.274767 0.128092
1.44775 -0.279316 0.128092
1.43709 -0.281945 0.127227
1.43619 -0.286459 0.127227
1.43529 -0.290969 0.127227
1.43437 -0.295477 0.127227
1.42368 -0.297941 0.126361
1.43248 -0.304483 0.127227
1.42178 -0.30688 0.126361
1.42081 -0.311345 0.126361
1.41982 -0.315807 0.126361
1.40911 -0.318073 0.125496
1.4081 -0.322498 0.125496
1.40708 -0.32692 0.125496
1.40605 -0.331339 0.125496
1.405 -0.335754 0.125496
1.40394 -0.340167 0.125496
1.40286 -0.344576 0.125496
1.39204 -0.346817 0.12463
1.40061 -0.353628 0.125496
1.38984 -0.355557 0.12463
1.37907 -0.357422 0.123765
1.3683 -0.359223 0.122899
1.3768 -0.36608 0.123765
1.37564 -0.370403 0.123765
1.37447 -0.374723 0.123765
1.36368 -0.376389 0.122899
1.36249 -0.380671 0.122899
1.3517 -0.382239 0.122034
1.33134 -0.381001 0.120303
1.34927 -0.390724 0.122034
1.34804 -0.394961 0.122034
1.35635 -0.402025 0.122899
1.34553 -0.403423 0.122034
1.34426 -0.407648 0.122034
1.34297 -0.411869 0.122034
1.34167 -0.416086 0.122034
1.33085 -0.417318 0.121168
1.32004 -0.418487 0.120303
1.3282 -0.425672 0.121168
1.33626 -0.433146 0.122034
1.32543 -0.43424 0.121168
1.3146 -0.435271 0.120303
1.32267 -0.44256 0.121168
1.31184 -0.443522 0.120303
1.31986 -0.450861 0.121168
1.29961 -0.448506 0.119438
1.29819 -0.452586 0.119438
1.30616 -0.459971 0.120303
1.28594 -0.457395 0.118572
1.29387 -0.464801 0.119438
1.28304 -0.465466 0.118572
1.29092 -0.472921 0.119438
1.27074 -0.470062 0.117707
1.28793 -0.481023 0.119438
1.26776 -0.478037 0.117707
1.26626 -0.482017 0.117707
1.25544 -0.48242 0.116841
1.25383 -0.48658 0.116841
1.26157 -0.49415 0.117707
1.25075 -0.494449 0.116841
1.24919 -0.498375 0.116841
1.23837 -0.498577 0.115976
1.2368 -0.502465 0.115976
1.25365 -0.513905 0.117707
1.23362 -0.510226 0.115976
1.24121 -0.517935 0.116841
1.24875 -0.525698 0.117707
1.23793 -0.525724 0.116841
1.24543 -0.533533 0.117707
1.2346 -0.533491 0.116841
1.23292 -0.537367 0.116841
1.2221 -0.537229 0.115976
1.22041 -0.541066 0.115976
1.2278 -0.548963 0.116841
1.21689 -0.548935 0.115976
1.21516 -0.552756 0.115976
1.20436 -0.552417 0.11511
1.20262 -0.556198 0.11511
1.20087 -0.559973 0.11511
1.1991 -0.563743 0.11511
1.20633 -0.571774 0.115976
1.19553 -0.571266 0.11511
1.19374 -0.575019 0.11511
1.18296 -0.574415 0.114245
1.1901 -0.582508 0.11511
1.18826 -0.586244 0.11511
1.17749 -0.585538 0.114245
1.17565 -0.589235 0.114245
1.17379 -0.592925 0.114245
1.17192 -0.59661 0.114245
1.17004 -0.600288 0.114245
1.16805 -0.604165 0.114245
1.15731 -0.603227 0.113379
1.17305 -0.616125 0.11511
1.17991 -0.624467 0.115976
1.17794 -0.628171 0.115976
1.16719 -0.627153 0.11511
1.17397 -0.63556 0.115976
1.17197 -0.639245 0.115976
1.17869 -0.647721 0.116841
1.18536 -0.656246 0.117707
1.1833 -0.659967 0.117707
1.18122 -0.663681 0.117707
1.17913 -0.667389 0.117707
1.17702 -0.67109 0.117707
1.18355 -0.679746 0.118572
1.19003 -0.68845 0.119438
1.17913 -0.687375 0.118572
1.18556 -0.69612 0.119438
1.16622 -0.689699 0.117707
1.18972 -0.708654 0.120303
1.17895 -0.707263 0.119438
1.15114 -0.695507 0.116841
1.15746 -0.704299 0.117707
1.15524 -0.707932 0.117707
1.14453 -0.706325 0.116841
1.11692 -0.694142 0.114245
1.09785 -0.687077 0.112514
1.09568 -0.690522 0.112514
1.08498 -0.688812 0.111648
1.0912 -0.697583 0.112514
1.09726 -0.706592 0.113379
1.07844 -0.699007 0.111648
1.07623 -0.702392 0.111648
1.0657 -0.700298 0.110783
1.05518 -0.698146 0.109917
1.05298 -0.701457 0.109917
1.06732 -0.71586 0.111648
1.71767 -0.008694 0.089106
1.72762 -0.014172 0.089625
1.70759 -0.019373 0.088588
1.70752 -0.025035 0.088588
1.69745 -0.030222 0.08807
1.68736 -0.035345 0.087552
1.68724 -0.040646 0.087552
1.6871 -0.045946 0.087552
1.68695 -0.051246 0.087552
1.66682 -0.055877 0.086516
1.65666 -0.060747 0.085998
1.65646 -0.065951 0.085998
1.65624 -0.071155 0.085998
1.65601 -0.076358 0.085998
1.64579 -0.081068 0.08548
1.64553 -0.086238 0.08548
1.63528 -0.090854 0.084962
1.63498 -0.09599 0.084962
1.64464 -0.101743 0.08548
1.63435 -0.106261 0.084962
1.634 -0.111395 0.084962
1.62369 -0.115818 0.084444
1.61336 -0.120176 0.083926
1.62293 -0.126017 0.084444
1.60261 -0.129506 0.083408
1.61215 -0.135376 0.083926
1.66146 -0.144775 0.086516
1.69084 -0.152688 0.08807
1.66052 -0.155211 0.086516
1.6799 -0.162348 0.087552
1.65951 -0.165641 0.086516
1.65898 -0.170854 0.086516
1.63858 -0.173956 0.08548
1.64795 -0.180189 0.085998
1.64737 -0.185365 0.085998
1.62694 -0.188244 0.084962
1.63626 -0.194533 0.08548
1.61582 -0.197252 0.084444
1.61519 -0.202328 0.084444
1.62445 -0.208673 0.084962
1.62379 -0.213776 0.084962
1.54393 -0.208199 0.080818
1.54327 -0.213048 0.080818
1.54259 -0.217895 0.080818
1.53202 -0.221313 0.080299
1.54115 -0.227852 0.080818
1.5503 -0.234185 0.081336
1.52982 -0.236009 0.080299
1.51921 -0.23926 0.079781
1.50859 -0.242447 0.079263
1.49801 -0.245308 0.078745
1.50704 -0.251921 0.079263
1.50624 -0.256654 0.079263
1.49558 -0.259676 0.078745
1.48493 -0.262634 0.078227
1.48409 -0.267298 0.078227
1.48325 -0.271959 0.078227
1.4922 -0.278449 0.078745
1.4717 -0.27941 0.077709
1.47081 -0.284032 0.077709
1.47971 -0.290576 0.078227
1.45921 -0.291313 0.077191
1.48764 -0.301853 0.078745
1.53559 -0.316609 0.081336
1.53459 -0.321431 0.081336
1.52381 -0.324173 0.080818
1.53254 -0.331067 0.081336
1.551 -0.340159 0.082372
1.53043 -0.34069 0.081336
1.51961 -0.343295 0.080818
1.49906 -0.343605 0.079781
1.51742 -0.352836 0.080818
1.51631 -0.357602 0.080818
1.49575 -0.357718 0.079781
1.49462 -0.362415 0.079781
1.48371 -0.364984 0.079263
1.51163 -0.376891 0.080818
1.50075 -0.379192 0.080299
1.47053 -0.376474 0.078745
1.46934 -0.381092 0.078745
1.48746 -0.390782 0.079781
1.41867 -0.377478 0.076155
1.40783 -0.379334 0.075637
1.40663 -0.383755 0.075637
1.40542 -0.388173 0.075637
1.39457 -0.389897 0.075119
1.39334 -0.394276 0.075119
1.3825 -0.395902 0.074601
1.38125 -0.400243 0.074601
1.37998 -0.404581 0.074601
1.36913 -0.406075 0.074083
1.36785 -0.410374 0.074083
1.36655 -0.414669 0.074083
1.35569 -0.41603 0.073565
1.37346 -0.426207 0.074601
1.36258 -0.42753 0.074083
1.35171 -0.428789 0.073565
1.35028 -0.433269 0.073565
1.34892 -0.437509 0.073565
1.34754 -0.441744 0.073565
1.33666 -0.442835 0.073047
1.33526 -0.447032 0.073047
1.32439 -0.448024 0.072529
1.34188 -0.458643 0.073565
1.34043 -0.462856 0.073565
1.38612 -0.483511 0.076155
1.39401 -0.491182 0.076673
1.39246 -0.495559 0.076673
1.3815 -0.496553 0.076155
1.37993 -0.50089 0.076155
1.37835 -0.505223 0.076155
1.37676 -0.509551 0.076155
1.3845 -0.517369 0.076673
1.37353 -0.518191 0.076155
1.36256 -0.518949 0.075637
1.37947 -0.530636 0.076673
1.35918 -0.527737 0.075637
1.34822 -0.528361 0.075119
1.35584 -0.536267 0.075637
1.36342 -0.544226 0.076155
1.3617 -0.548507 0.076155
1.34147 -0.545261 0.075119
1.34899 -0.553262 0.075637
1.33802 -0.553679 0.075119
1.33627 -0.55788 0.075119
1.34372 -0.565951 0.075637
1.27759 -0.542833 0.07201
1.25752 -0.538976 0.070974
1.26499 -0.546887 0.071492
1.25411 -0.546866 0.070974
1.25239 -0.550803 0.070974
1.25065 -0.554735 0.070974
1.2489 -0.558662 0.070974
1.23794 -0.558692 0.070456
1.24527 -0.566715 0.070974
1.24348 -0.570624 0.070974
1.24168 -0.574528 0.070974
1.23082 -0.574204 0.070456
1.23805 -0.582318 0.070974
1.22719 -0.581926 0.070456
1.21635 -0.581471 0.069938
1.22351 -0.589625 0.070456
1.21267 -0.589102 0.069938
1.21081 -0.592909 0.069938
1.20894 -0.59671 0.069938
1.20706 -0.600505 0.069938
1.20517 -0.604294 0.069938
1.20327 -0.608077 0.069938
1.20135 -0.611854 0.069938
1.19043 -0.611273 0.06942
1.19737 -0.6196 0.069938
1.18657 -0.618741 0.06942
1.21114 -0.636401 0.070974
1.25326 -0.663568 0.073565
1.25117 -0.667502 0.073565
1.24027 -0.666701 0.073047
1.23817 -0.670594 0.073047
1.23606 -0.674481 0.073047
1.24268 -0.683172 0.073565
1.2318 -0.682234 0.073047
1.23837 -0.690966 0.073565
1.23619 -0.694853 0.073565
1.234 -0.698733 0.073565
1.21445 -0.692711 0.072529
1.22959 -0.706473 0.073565
1.2186 -0.705543 0.073047
1.21637 -0.709367 0.073047
1.22275 -0.718243 0.073565
1.21189 -0.716996 0.073047
1.21821 -0.725912 0.073565
1.20736 -0.724596 0.073047
1.20508 -0.728386 0.073047
1.20279 -0.732168 0.073047
1.20048 -0.735943 0.073047
1.18117 -0.729219 0.07201
1.20431 -0.748744 0.073565
1.1427 -0.715428 0.069938
1.13188 -0.713886 0.06942
1.1212 -0.712084 0.068902
1.12724 -0.72118 0.06942
1.11658 -0.71931 0.068902
1.11444 -0.722619 0.068902
1.1038 -0.720657 0.068384
1.10153 -0.724121 0.068384
1.09925 -0.727578 0.068384
1.09696 -0.731028 0.068384
1.10295 -0.740035 0.068902
1.12545 -0.760267 0.070456
1.71936 -0.036316 0.029559
1.73923 -0.042202 0.029903
1.72909 -0.047392 0.029731
1.71894 -0.052518 0.029559
1.71877 -0.057918 0.029559
1.71858 -0.063318 0.029559
1.71837 -0.068717 0.029559
1.71815 -0.074115 0.029559
1.70792 -0.07905 0.029387
1.69768 -0.083921 0.029215
1.6974 -0.089254 0.029215
1.69711 -0.094586 0.029215
1.68683 -0.09933 0.029043
1.68651 -0.104629 0.029043
1.68617 -0.109926 0.029043
1.67584 -0.114541 0.028871
1.67547 -0.119806 0.028871
1.67509 -0.125069 0.028871
1.65475 -0.128779 0.028528
1.6643 -0.134784 0.0287
1.65391 -0.139173 0.028528
1.65346 -0.144369 0.028528
1.653 -0.149562 0.028528
1.63261 -0.15289 0.028184
1.65203 -0.159945 0.028528
1.68137 -0.168119 0.029043
1.69078 -0.174426 0.029215
1.68028 -0.17868 0.029043
1.66977 -0.182869 0.028871
1.67912 -0.189234 0.029043
1.66859 -0.193357 0.028871
1.66797 -0.198598 0.028871
1.65741 -0.202624 0.0287
1.67661 -0.210319 0.029043
1.65611 -0.213034 0.0287
1.65543 -0.218235 0.0287
1.63492 -0.220759 0.028356
1.62431 -0.224525 0.028184
1.6434 -0.232427 0.028528
1.5635 -0.226139 0.027153
1.58252 -0.234251 0.027497
1.57189 -0.237726 0.027325
1.57114 -0.242663 0.027325
1.56049 -0.246041 0.027153
1.56958 -0.25253 0.027325
1.55896 -0.255568 0.027153
1.5581 -0.260737 0.027153
1.54742 -0.263949 0.026981
1.55643 -0.270521 0.027153
1.54573 -0.273667 0.026981
1.54486 -0.278521 0.026981
1.53414 -0.281568 0.026809
1.53325 -0.286387 0.026809
1.53235 -0.291202 0.026809
1.53142 -0.296015 0.026809
1.53049 -0.300824 0.026809
1.52953 -0.305631 0.026809
1.52857 -0.310434 0.026809
1.508 -0.311194 0.026466
1.49723 -0.313878 0.026294
1.52557 -0.324827 0.026809
1.53432 -0.331731 0.026981
1.54303 -0.338693 0.027153
1.54196 -0.343539 0.027153
1.53112 -0.346177 0.026981
1.53003 -0.350985 0.026981
1.53866 -0.358056 0.027153
1.52779 -0.360591 0.026981
1.52665 -0.365389 0.026981
1.51578 -0.367826 0.026809
1.51455 -0.37285 0.026809
1.51337 -0.377607 0.026809
1.50249 -0.379908 0.026637
1.51097 -0.387108 0.026809
1.50007 -0.389341 0.026637
1.50851 -0.396594 0.026809
1.49759 -0.398758 0.026637
1.50599 -0.406064 0.026809
1.43718 -0.39236 0.025606
1.43594 -0.396873 0.025606
1.43469 -0.401383 0.025606
1.4238 -0.403164 0.025434
1.43214 -0.410389 0.025606
1.42124 -0.412102 0.025434
1.41034 -0.41375 0.025263
1.40904 -0.418179 0.025263
1.41729 -0.425478 0.025434
1.40638 -0.427024 0.025263
1.39548 -0.428505 0.025091
1.39412 -0.432887 0.025091
1.4023 -0.440259 0.025263
1.40091 -0.444663 0.025263
1.3899 -0.446249 0.025091
1.38849 -0.450613 0.025091
1.38707 -0.454973 0.025091
1.38564 -0.459329 0.025091
1.37471 -0.460504 0.024919
1.37325 -0.46482 0.024919
1.37179 -0.469132 0.024919
1.3703 -0.473439 0.024919
1.35937 -0.474447 0.024747
1.3673 -0.48204 0.024919
1.3752 -0.489687 0.025091
1.40188 -0.504156 0.025606
1.40029 -0.508557 0.025606
1.39869 -0.512954 0.025606
1.39707 -0.517345 0.025606
1.38607 -0.51823 0.025434
1.39379 -0.526113 0.025606
1.39213 -0.530489 0.025606
1.38103 -0.531512 0.025434
1.39799 -0.543089 0.025778
1.36836 -0.536528 0.025263
1.37596 -0.544504 0.025434
1.37424 -0.548824 0.025434
1.36324 -0.549401 0.025263
1.36151 -0.553681 0.025263
1.35976 -0.557956 0.025263
1.358 -0.562225 0.025263
1.35623 -0.566488 0.025263
1.35444 -0.570746 0.025263
1.35264 -0.574998 0.025263
1.31407 -0.563483 0.024575
1.29394 -0.55967 0.024231
1.29218 -0.563732 0.024231
1.2904 -0.567789 0.024231
1.27947 -0.567784 0.02406
1.29593 -0.57997 0.024403
1.28489 -0.58015 0.024231
1.29216 -0.588326 0.024403
1.28122 -0.588211 0.024231
1.27936 -0.592233 0.024231
1.2775 -0.59625 0.024231
1.27562 -0.60026 0.024231
1.26469 -0.599979 0.02406
1.2628 -0.603949 0.02406
1.2609 -0.607913 0.02406
1.25898 -0.611872 0.02406
1.24807 -0.611425 0.023888
1.25511 -0.61977 0.02406
1.25316 -0.62371 0.02406
1.25119 -0.627644 0.02406
1.24029 -0.62706 0.023888
1.23832 -0.630954 0.023888
1.24511 -0.639625 0.02406
1.23422 -0.638937 0.023888
1.2322 -0.642811 0.023888
1.23903 -0.651332 0.02406
1.21047 -0.64118 0.023544
1.24373 -0.663812 0.024231
1.25045 -0.672451 0.024403
1.2747 -0.690666 0.024919
1.25497 -0.685085 0.024575
1.24405 -0.684206 0.024403
1.25064 -0.692957 0.024575
1.24846 -0.696883 0.024575
1.23755 -0.695901 0.024403
1.24406 -0.704713 0.024575
1.24184 -0.708618 0.024575
1.2396 -0.712516 0.024575
1.23723 -0.716623 0.024575
1.22634 -0.715467 0.024403
1.22409 -0.719317 0.024403
1.22182 -0.723159 0.024403
1.22813 -0.732113 0.024575
1.22582 -0.735968 0.024575
1.21495 -0.734642 0.024403
1.21264 -0.738455 0.024403
1.21883 -0.747488 0.024575
1.21648 -0.751314 0.024575
1.19713 -0.74457 0.024231
1.19479 -0.748327 0.024231
1.15848 -0.730944 0.023544
1.16461 -0.739942 0.023716
1.16215 -0.7438 0.023716
1.143 -0.736614 0.023372
1.14081 -0.740002 0.023372
1.13848 -0.743583 0.023372
1.14449 -0.75265 0.023544
1.13379 -0.750721 0.023372
1.09815 -0.732095 0.022685
1.10414 -0.741113 0.022857
1.10181 -0.744578 0.022857
1.13253 -0.770534 0.023544
