1.58598 1.35599 -0.558175
1.59023 1.351 -0.558175
1.57947 1.33381 -0.553007
1.58365 1.32884 -0.553007
1.58782 1.32386 -0.553007
1.57709 1.30654 -0.547839
1.59611 1.31386 -0.553007
1.59275 1.30272 -0.550423
1.61909 1.31627 -0.558175
1.62322 1.31118 -0.558175
1.61226 1.29398 -0.553007
1.63143 1.30095 -0.558175
1.62794 1.28982 -0.555591
1.63198 1.2847 -0.555591
1.64362 1.28552 -0.558175
1.61714 1.25664 -0.547839
1.62086 1.25184 -0.547839
1.62478 1.24674 -0.547839
1.59796 1.2182 -0.537502
1.57868 1.19568 -0.52975
1.58994 1.1968 -0.532334
1.58595 1.18601 -0.52975
1.58192 1.17526 -0.527165
1.57783 1.16455 -0.524581
1.58927 1.1653 -0.527165
1.59292 1.1603 -0.527165
1.58853 1.1499 -0.524581
1.58429 1.13927 -0.521997
1.59573 1.1399 -0.524581
1.5993 1.13488 -0.524581
1.59496 1.12429 -0.521997
1.59848 1.11927 -0.521997
1.59387 1.10901 -0.519413
1.60529 1.10949 -0.521997
1.62489 1.11509 -0.527165
1.62839 1.10998 -0.527165
1.62368 1.09972 -0.524581
1.62712 1.09462 -0.524581
1.63055 1.0895 -0.524581
1.62592 1.07903 -0.521997
1.62911 1.0742 -0.521997
1.6244 1.06379 -0.519413
1.62773 1.05868 -0.519413
1.62294 1.04832 -0.516829
1.63435 1.04843 -0.519413
1.62949 1.0381 -0.516829
1.59991 1.0126 -0.506492
1.59491 1.00242 -0.503908
1.59805 0.997408 -0.503908
1.59296 0.987293 -0.501324
1.58783 0.97722 -0.49874
1.59089 0.972228 -0.49874
1.58551 0.96249 -0.496156
1.58853 0.957504 -0.496156
1.59153 0.952508 -0.496156
1.58621 0.942569 -0.493572
1.58916 0.937582 -0.493572
1.5921 0.932585 -0.493572
1.58667 0.922722 -0.490987
1.58119 0.912902 -0.488403
1.60066 0.917817 -0.493572
1.58674 0.903226 -0.488403
1.59798 0.90299 -0.490987
1.60924 0.902691 -0.493572
1.64582 0.916429 -0.503908
1.64024 0.906581 -0.501324
1.63461 0.896778 -0.49874
1.62893 0.887018 -0.496156
1.64006 0.886776 -0.49874
1.64284 0.881618 -0.49874
1.62002 0.86283 -0.490987
1.61418 0.853222 -0.488403
1.62541 0.852634 -0.490987
1.60237 0.834141 -0.483235
1.59626 0.824948 -0.480651
1.58165 0.811113 -0.475483
1.5928 0.810521 -0.478067
1.59534 0.805513 -0.478067
1.59786 0.800497 -0.478067
1.60902 0.799773 -0.480651
1.62019 0.798988 -0.483235
1.63137 0.798139 -0.485819
1.63386 0.793009 -0.485819
1.61894 0.779491 -0.480651
1.62996 0.77885 -0.483235
1.64113 0.777863 -0.485819
1.63482 0.768593 -0.483235
1.63723 0.763453 -0.483235
1.63949 0.758592 -0.483235
1.64186 0.753438 -0.483235
1.64422 0.748276 -0.483235
1.62896 0.735159 -0.478067
1.64007 0.733984 -0.480651
1.64237 0.728828 -0.480651
1.63568 0.72006 -0.478067
1.61138 0.703324 -0.470314
1.60471 0.694422 -0.46773
1.58913 0.681759 -0.462562
1.60016 0.680544 -0.465146
1.59338 0.671761 -0.462562
1.6044 0.670478 -0.465146
1.59757 0.661737 -0.462562
1.59953 0.656993 -0.462562
1.60159 0.651965 -0.462562
1.60363 0.646931 -0.462562
1.60565 0.64189 -0.462562
1.59868 0.633284 -0.459978
1.59167 0.624729 -0.457394
1.60263 0.623227 -0.459978
1.59556 0.614716 -0.457394
1.59748 0.609701 -0.457394
1.59939 0.604679 -0.457394
1.61022 0.60332 -0.459978
1.60306 0.594897 -0.457394
1.59585 0.586526 -0.454809
1.61584 0.588118 -0.459978
1.62677 0.586314 -0.462562
1.6468 0.587694 -0.46773
1.63953 0.5793 -0.465146
1.64134 0.574146 -0.465146
1.65216 0.572436 -0.46773
1.64482 0.564109 -0.465146
1.63743 0.555833 -0.462562
1.64833 0.553764 -0.465146
1.63173 0.542487 -0.459978
1.6426 0.540377 -0.462562
1.63501 0.532509 -0.459978
1.62748 0.524407 -0.457394
1.63832 0.522226 -0.459978
1.63074 0.514171 -0.457394
1.62313 0.50617 -0.454809
1.63394 0.503914 -0.457394
1.59855 0.487507 -0.447057
1.60008 0.482483 -0.447057
1.59233 0.474694 -0.444473
1.58455 0.466958 -0.441889
1.58592 0.462254 -0.441889
1.57808 0.454596 -0.439305
1.56092 0.444347 -0.434136
1.56231 0.43944 -0.434136
1.5823 0.439702 -0.439305
1.62094 0.444959 -0.449641
1.59247 1.36106 -0.483784
1.57446 1.33713 -0.477033
1.60076 1.35131 -0.483784
1.59006 1.33375 -0.479283
1.58676 1.32251 -0.477033
1.5834 1.3113 -0.474783
1.58752 1.30632 -0.474783
1.59915 1.30749 -0.477033
1.61815 1.31503 -0.481534
1.62227 1.30994 -0.481534
1.62638 1.30484 -0.481534
1.62285 1.29365 -0.479283
1.62691 1.28855 -0.479283
1.60798 1.26535 -0.472533
1.60427 1.25429 -0.470283
1.60051 1.24327 -0.468033
1.58876 1.22661 -0.463532
1.59261 1.22161 -0.463532
1.58869 1.2107 -0.461282
1.60025 1.21158 -0.463532
1.61163 1.21268 -0.465782
1.62323 1.21345 -0.468033
1.63486 1.21415 -0.470283
1.62298 1.19744 -0.465782
1.6346 1.1981 -0.468033
1.6226 1.18149 -0.463532
1.63399 1.18238 -0.465782
1.62979 1.17155 -0.463532
1.63346 1.16643 -0.463532
1.63712 1.16129 -0.463532
1.63279 1.15053 -0.461282
1.62841 1.1398 -0.459032
1.59179 1.10715 -0.447781
1.59527 1.10214 -0.447781
1.59891 1.09685 -0.447781
1.5943 1.08633 -0.445531
1.58944 1.07614 -0.443281
1.59282 1.07114 -0.443281
1.59617 1.06613 -0.443281
1.5914 1.05572 -0.441031
1.59452 1.05099 -0.441031
1.58966 1.04064 -0.438781
1.59292 1.03565 -0.438781
1.59617 1.03063 -0.438781
1.5994 1.02561 -0.438781
1.60262 1.02058 -0.438781
1.5974 1.01062 -0.43653
1.60057 1.00559 -0.43653
1.61199 1.00572 -0.438781
1.61514 1.00065 -0.438781
1.63487 1.00578 -0.443281
1.62971 0.99556 -0.441031
1.62433 0.985666 -0.438781
1.62741 0.980558 -0.438781
1.63049 0.97544 -0.438781
1.63354 0.970313 -0.438781
1.63658 0.965176 -0.438781
1.6312 0.955107 -0.43653
1.63419 0.949977 -0.43653
1.63717 0.944838 -0.43653
1.63997 0.939977 -0.43653
1.62597 0.925183 -0.43203
1.57797 0.891319 -0.418529
1.59776 0.895887 -0.423029
1.60056 0.890863 -0.423029
1.5863 0.876407 -0.418529
1.58904 0.871419 -0.418529
1.59177 0.866422 -0.418529
1.59434 0.861696 -0.418529
1.59704 0.856682 -0.418529
1.59112 0.847082 -0.416279
1.59377 0.84208 -0.416279
1.60504 0.841593 -0.418529
1.59903 0.832049 -0.416279
1.6015 0.8273 -0.416279
1.60408 0.822266 -0.416279
1.60666 0.817222 -0.416279
1.60052 0.80778 -0.414029
1.60305 0.802748 -0.414029
1.59684 0.793373 -0.411779
1.60806 0.792661 -0.414029
1.62805 0.796166 -0.418529
1.63055 0.791047 -0.418529
1.6418 0.790146 -0.420779
1.62655 0.776873 -0.416279
1.62899 0.771759 -0.416279
1.6314 0.766637 -0.416279
1.63381 0.761508 -0.416279
1.63606 0.756657 -0.416279
1.63842 0.751514 -0.416279
1.64078 0.746363 -0.416279
1.63423 0.737198 -0.414029
1.63654 0.73206 -0.414029
1.63883 0.726915 -0.414029
1.64098 0.72205 -0.414029
1.62538 0.709099 -0.409529
1.58289 0.684648 -0.398278
1.60294 0.687352 -0.402778
1.59613 0.678501 -0.400528
1.59825 0.673484 -0.400528
1.60036 0.66846 -0.400528
1.59345 0.659701 -0.398278
1.60441 0.65867 -0.400528
1.60647 0.653627 -0.400528
1.59948 0.644933 -0.398278
1.61055 0.643521 -0.400528
1.6035 0.634871 -0.398278
1.59642 0.626271 -0.396028
1.59838 0.621253 -0.396028
1.60032 0.616229 -0.396028
1.59314 0.607726 -0.393777
1.60416 0.606162 -0.396028
1.59683 0.597982 -0.393777
1.5987 0.592963 -0.393777
1.6097 0.591297 -0.396028
1.61155 0.586237 -0.396028
1.62255 0.584473 -0.398278
1.63356 0.582646 -0.400528
1.63538 0.577512 -0.400528
1.62799 0.569156 -0.398278
1.62046 0.561135 -0.396028
1.63143 0.5592 -0.398278
1.64241 0.557202 -0.400528
1.64415 0.552041 -0.400528
1.65512 0.549944 -0.402778
1.63833 0.538655 -0.398278
1.66772 0.542839 -0.405028
1.64159 0.528638 -0.398278
1.64324 0.523478 -0.398278
1.63559 0.515384 -0.396028
1.61859 0.504445 -0.391527
1.63879 0.505097 -0.396028
1.58445 0.482903 -0.382527
1.59529 0.480735 -0.384777
1.60613 0.478502 -0.387027
1.58893 0.467948 -0.382527
1.59967 0.465957 -0.384777
1.60112 0.460929 -0.384777
1.57445 0.447899 -0.378026
1.56647 0.440314 -0.375776
1.58662 0.440604 -0.380276
1.60679 0.440773 -0.384777
1.5712 1.33389 -0.402552
1.61266 1.36087 -0.412136
1.60188 1.34319 -0.408302
1.61364 1.34443 -0.410219
1.59517 1.32058 -0.404469
1.61447 1.32803 -0.408302
1.62624 1.32916 -0.410219
1.63017 1.32433 -0.410219
1.62669 1.31304 -0.408302
1.63081 1.30792 -0.408302
1.62723 1.29668 -0.406385
1.6236 1.28547 -0.404469
1.61992 1.27429 -0.402552
1.61618 1.26315 -0.400635
1.62014 1.25807 -0.400635
1.6161 1.24726 -0.398718
1.62001 1.24218 -0.398718
1.60829 1.22519 -0.394884
1.61213 1.22013 -0.394884
1.61169 1.20438 -0.392967
1.62335 1.20516 -0.394884
1.63502 1.20588 -0.396801
1.63089 1.19494 -0.394884
1.6267 1.18403 -0.392967
1.6302 1.1792 -0.392967
1.64187 1.1798 -0.394884
1.63758 1.16894 -0.392967
1.62523 1.15243 -0.389133
1.6128 1.13602 -0.385299
1.6244 1.13657 -0.387216
1.61165 1.12054 -0.383382
1.57478 1.08759 -0.373798
1.62694 1.11566 -0.385299
1.62233 1.10502 -0.383382
1.61747 1.0947 -0.381466
1.6209 1.08961 -0.381466
1.61616 1.07906 -0.379549
1.61954 1.07398 -0.379549
1.61452 1.06377 -0.377632
1.61786 1.0587 -0.377632
1.60471 1.04291 -0.373798
1.60798 1.03787 -0.373798
1.61124 1.03281 -0.373798
1.61447 1.02774 -0.373798
1.60922 1.0177 -0.371881
1.61241 1.01264 -0.371881
1.61558 1.00757 -0.371881
1.61874 1.00249 -0.371881
1.62188 0.997398 -0.371881
1.61663 0.987183 -0.369964
1.62794 0.987473 -0.371881
1.62263 0.977289 -0.369964
1.62569 0.972186 -0.369964
1.6203 0.962064 -0.368047
1.62331 0.956969 -0.368047
1.61784 0.946907 -0.36613
1.62081 0.94182 -0.36613
1.62376 0.936723 -0.36613
1.62653 0.931901 -0.36613
1.62945 0.926787 -0.36613
1.61526 0.912012 -0.362296
1.62668 0.911732 -0.364213
1.62096 0.901845 -0.362296
1.64097 0.906238 -0.36613
1.60938 0.882207 -0.358463
1.62077 0.881837 -0.36038
1.63201 0.88169 -0.362296
1.60883 0.862644 -0.356546
1.63752 0.871418 -0.362296
1.64025 0.86627 -0.362296
1.61688 0.847443 -0.356546
1.63695 0.851418 -0.36038
1.61331 0.833048 -0.354629
1.61592 0.827976 -0.354629
1.60101 0.813999 -0.350795
1.5948 0.804544 -0.348878
1.62365 0.812709 -0.354629
1.61741 0.803239 -0.352712
1.64633 0.811168 -0.358463
1.63124 0.797371 -0.354629
1.63373 0.792242 -0.354629
1.64506 0.79136 -0.356546
1.63854 0.782248 -0.354629
1.64099 0.777097 -0.354629
1.64343 0.771937 -0.354629
1.64584 0.76677 -0.354629
1.6392 0.757765 -0.352712
1.63265 0.748522 -0.350795
1.635 0.743389 -0.350795
1.63733 0.738249 -0.350795
1.63964 0.733101 -0.350795
1.63296 0.723968 -0.348878
1.6351 0.719121 -0.348878
1.61036 0.702212 -0.343127
1.62157 0.701043 -0.345044
1.61474 0.692079 -0.343127
1.59884 0.679327 -0.339294
1.61906 0.68192 -0.343127
1.63025 0.680612 -0.345044
1.61424 0.667981 -0.34121
1.61622 0.663188 -0.34121
1.6092 0.65441 -0.339294
1.61125 0.649352 -0.339294
1.6224 0.647927 -0.34121
1.6153 0.639215 -0.339294
1.6173 0.634137 -0.339294
1.62843 0.632607 -0.34121
1.60293 0.616913 -0.33546
1.63237 0.622363 -0.34121
1.60678 0.606829 -0.33546
1.60857 0.602059 -0.33546
1.61965 0.600414 -0.337377
1.58468 0.581793 -0.329709
1.64184 0.596932 -0.34121
1.65294 0.595096 -0.343127
1.64556 0.586605 -0.34121
1.63814 0.578167 -0.339294
1.64921 0.576254 -0.34121
1.64164 0.568148 -0.339294
1.63413 0.559808 -0.337377
1.64518 0.557823 -0.339294
1.62831 0.546407 -0.33546
1.63934 0.544382 -0.337377
1.64104 0.539228 -0.337377
1.64263 0.534357 -0.337377
1.63496 0.526188 -0.33546
1.64596 0.524026 -0.337377
1.6476 0.518853 -0.337377
1.64922 0.513673 -0.337377
1.63206 0.502712 -0.333543
1.61486 0.491863 -0.329709
1.61639 0.486788 -0.329709
1.60851 0.478906 -0.327792
1.61001 0.47385 -0.327792
1.6114 0.469071 -0.327792
1.60344 0.461293 -0.325875
1.60488 0.456254 -0.325875
1.57796 0.443247 -0.320124
1.59826 0.443536 -0.323958
1.61857 0.443702 -0.327792
1.64838 0.446311 -0.333543
1.62208 1.38539 -0.33931
1.58125 1.34195 -0.329884
1.61542 1.36272 -0.336168
1.61212 1.3513 -0.334597
1.60118 1.33358 -0.331455
1.60537 1.32855 -0.331455
1.62479 1.33604 -0.334597
1.60603 1.31219 -0.329884
1.65592 1.34477 -0.33931
1.66782 1.34576 -0.34088
1.65663 1.32816 -0.337739
1.6299 1.29834 -0.331455
1.63397 1.29321 -0.331455
1.66907 1.31249 -0.337739
1.66541 1.30116 -0.336168
1.66168 1.28986 -0.334597
1.67332 1.29096 -0.336168
1.6617 1.27368 -0.333026
1.67355 1.27444 -0.334597
1.60666 1.21555 -0.320459
1.62604 1.22265 -0.323601
1.61405 1.20571 -0.320459
1.61783 1.20063 -0.320459
1.61365 1.18968 -0.318888
1.60941 1.17877 -0.317317
1.62109 1.17952 -0.318888
1.62458 1.17471 -0.318888
1.61223 1.15807 -0.315746
1.62389 1.15874 -0.317317
1.62753 1.15363 -0.317317
1.62307 1.14283 -0.315746
1.61856 1.13206 -0.314176
1.62191 1.12726 -0.314176
1.62544 1.12215 -0.314176
1.65359 1.13351 -0.318888
1.67347 1.13943 -0.32203
1.67684 1.13446 -0.32203
1.6886 1.13469 -0.323601
1.66751 1.11293 -0.318888
1.6463 1.09132 -0.314176
1.66603 1.09729 -0.317317
1.67773 1.09746 -0.318888
1.66461 1.08142 -0.315746
1.668 1.07619 -0.315746
1.66306 1.06562 -0.314176
1.67473 1.06569 -0.315746
1.66954 1.05544 -0.314176
1.61429 1.01343 -0.303179
1.62585 1.01358 -0.30475
1.62063 1.00327 -0.303179
1.62377 0.99817 -0.303179
1.61004 0.982774 -0.300038
1.62139 0.983112 -0.301609
1.62448 0.978014 -0.301609
1.62754 0.972905 -0.301609
1.6221 0.962747 -0.300038
1.62511 0.957647 -0.300038
1.61959 0.947549 -0.298467
1.6311 0.947417 -0.300038
1.61696 0.932421 -0.296896
1.62829 0.932527 -0.298467
1.61404 0.917645 -0.295325
1.61691 0.91257 -0.295325
1.637 0.91714 -0.298467
1.63987 0.911992 -0.298467
1.68596 0.9307 -0.306321
1.68888 0.925399 -0.306321
1.67442 0.910652 -0.303179
1.67712 0.90568 -0.303179
1.67996 0.900406 -0.303179
1.68278 0.895124 -0.303179
1.68558 0.889834 -0.303179
1.65338 0.866201 -0.296896
1.67361 0.870114 -0.300038
1.67619 0.865144 -0.300038
1.6789 0.859875 -0.300038
1.67279 0.850122 -0.298467
1.66663 0.840415 -0.296896
1.60744 0.804243 -0.2859
1.63649 0.812363 -0.290612
1.63904 0.807218 -0.290612
1.62382 0.793393 -0.287471
1.63519 0.792595 -0.289041
1.64657 0.791734 -0.290612
1.63109 0.778339 -0.287471
1.61567 0.764761 -0.284329
1.63595 0.768075 -0.287471
1.63835 0.762931 -0.287471
1.63164 0.753925 -0.2859
1.62503 0.744681 -0.284329
1.61837 0.735487 -0.282758
1.62067 0.730398 -0.282758
1.62295 0.725303 -0.282758
1.6162 0.7162 -0.281187
1.61831 0.711401 -0.281187
1.62054 0.706314 -0.281187
1.63182 0.705137 -0.282758
1.63402 0.700006 -0.282758
1.67258 0.710311 -0.289041
1.6657 0.701222 -0.287471
1.67701 0.699789 -0.289041
1.6792 0.694516 -0.289041
1.65384 0.678288 -0.284329
1.65596 0.673089 -0.284329
1.63975 0.660504 -0.281187
1.63264 0.651689 -0.279616
1.64386 0.650188 -0.281187
1.6367 0.641417 -0.279616
1.63871 0.636272 -0.279616
1.63148 0.627575 -0.278045
1.63345 0.622446 -0.278045
1.62616 0.613824 -0.276474
1.61872 0.605536 -0.274904
1.63914 0.607311 -0.278045
1.64103 0.602158 -0.278045
1.6522 0.600372 -0.279616
1.64479 0.591835 -0.278045
1.65594 0.589979 -0.279616
1.63916 0.578204 -0.276474
1.64097 0.573052 -0.276474
1.67066 0.577865 -0.281187
1.67247 0.572614 -0.281187
1.67426 0.567357 -0.281187
1.67603 0.562095 -0.281187
1.67779 0.556826 -0.281187
1.65138 0.542308 -0.276474
1.67177 0.543513 -0.279616
1.68287 0.541282 -0.281187
1.68456 0.535993 -0.281187
1.68624 0.530698 -0.281187
1.67847 0.522462 -0.279616
1.67066 0.514281 -0.278045
1.62503 0.494651 -0.270191
1.62657 0.489544 -0.270191
1.61864 0.481614 -0.26862
1.62962 0.479313 -0.270191
1.61207 0.468959 -0.267049
1.61353 0.463893 -0.267049
1.62448 0.461521 -0.26862
1.5974 0.448407 -0.263907
1.61783 0.448664 -0.267049
1.67638 0.459236 -0.276474
1.58937 1.34836 -0.256624
1.57818 1.33084 -0.25418
1.59757 1.33862 -0.256624
1.58651 1.3209 -0.25418
1.5983 1.32223 -0.255402
1.60245 1.3172 -0.255402
1.59121 1.29961 -0.252958
1.60276 1.30113 -0.25418
1.59912 1.28986 -0.252958
1.60316 1.28483 -0.252958
1.60719 1.27979 -0.252958
1.6112 1.27473 -0.252958
1.60739 1.26353 -0.251736
1.60353 1.25237 -0.250514
1.60746 1.24732 -0.250514
1.60329 1.23649 -0.249292
1.60717 1.23144 -0.249292
1.59524 1.21437 -0.246848
1.59113 1.20336 -0.245626
1.59469 1.19863 -0.245626
1.61435 1.20549 -0.24807
1.64205 1.21816 -0.251736
1.65385 1.21888 -0.252958
1.64967 1.20782 -0.251736
1.64543 1.19679 -0.250514
1.64897 1.1919 -0.250514
1.65271 1.18672 -0.250514
1.64027 1.16999 -0.24807
1.65203 1.17057 -0.249292
1.64759 1.15966 -0.24807
1.65122 1.15448 -0.24807
1.63834 1.13825 -0.245626
1.57656 1.088 -0.23585
1.61291 1.10521 -0.240738
1.60817 1.09455 -0.239516
1.61963 1.09533 -0.240738
1.61482 1.0847 -0.239516
1.60996 1.07412 -0.238294
1.61333 1.06905 -0.238294
1.60821 1.05881 -0.237072
1.61152 1.05375 -0.237072
1.61483 1.04868 -0.237072
1.61811 1.0436 -0.237072
1.62138 1.03851 -0.237072
1.60789 1.02276 -0.234628
1.59414 1.00738 -0.232184
1.58889 0.997093 -0.230962
1.59201 0.992097 -0.230962
1.59512 0.98709 -0.230962
1.64049 1.00805 -0.237072
1.64365 1.0029 -0.237072
1.64662 0.998015 -0.237072
1.63274 0.982602 -0.234628
1.63582 0.977467 -0.234628
1.63888 0.972324 -0.234628
1.65903 0.977245 -0.237072
1.64496 0.962007 -0.234628
1.64797 0.956835 -0.234628
1.64237 0.946696 -0.233406
1.64517 0.941819 -0.233406
1.6395 0.931742 -0.232184
1.64242 0.926587 -0.232184
1.5847 0.887475 -0.22363
1.62218 0.901781 -0.228518
1.60763 0.887091 -0.226074
1.61911 0.886804 -0.227296
1.61317 0.876972 -0.226074
1.61576 0.872182 -0.226074
1.60975 0.862414 -0.224852
1.61245 0.857354 -0.224852
1.60635 0.847652 -0.22363
1.6178 0.847205 -0.224852
1.62046 0.842119 -0.224852
1.61413 0.832756 -0.22363
1.6079 0.823159 -0.222408
1.61048 0.818103 -0.222408
1.61304 0.813039 -0.222408
1.59783 0.799089 -0.219963
1.60034 0.794066 -0.219963
1.60282 0.789035 -0.219963
1.63205 0.797062 -0.22363
1.63454 0.79193 -0.22363
1.64597 0.791091 -0.224852
1.64831 0.786204 -0.224852
1.6418 0.776777 -0.22363
1.65322 0.775832 -0.224852
1.65565 0.770633 -0.224852
1.64892 0.761557 -0.22363
1.6513 0.756373 -0.22363
1.65367 0.751182 -0.22363
1.65602 0.745982 -0.22363
1.67648 0.748872 -0.226074
1.64252 0.727524 -0.221186
1.64468 0.722647 -0.221186
1.64694 0.717477 -0.221186
1.5854 0.684752 -0.212631
1.60579 0.68758 -0.215075
1.61708 0.686411 -0.216297
1.61923 0.681327 -0.216297
1.60304 0.668595 -0.213853
1.60513 0.663556 -0.213853
1.6071 0.65879 -0.213853
1.59996 0.650003 -0.212631
1.59279 0.641267 -0.211409
1.60402 0.639937 -0.212631
1.59679 0.631246 -0.211409
1.59876 0.626226 -0.211409
1.60072 0.621201 -0.211409
1.5934 0.612608 -0.210187
1.59532 0.607598 -0.210187
1.59722 0.602584 -0.210187
1.6083 0.601318 -0.211409
1.60087 0.592816 -0.210187
1.58409 0.580949 -0.207743
1.58591 0.575969 -0.207743
1.61573 0.581061 -0.211409
1.64559 0.585969 -0.215075
1.64743 0.580798 -0.215075
1.65861 0.578889 -0.216297
1.66033 0.573965 -0.216297
1.66212 0.568747 -0.216297
1.6827 0.56989 -0.218741
1.66566 0.558293 -0.216297
1.65799 0.549932 -0.215075
1.65027 0.541625 -0.213853
1.65188 0.536727 -0.213853
1.67245 0.53761 -0.216297
1.6363 0.520322 -0.211409
1.65686 0.521135 -0.213853
1.63953 0.51003 -0.211409
1.65062 0.507796 -0.212631
1.64271 0.499719 -0.211409
1.63476 0.491698 -0.210187
1.60776 0.478073 -0.206521
1.59973 0.47022 -0.205299
1.61065 0.468242 -0.206521
1.59304 0.457699 -0.204077
1.58492 0.449981 -0.202855
1.57677 0.442319 -0.201633
1.58772 0.440013 -0.202855
1.59866 0.437644 -0.204077
1.65752 0.448163 -0.211409
1.59538 1.35298 -0.184995
1.59177 1.34182 -0.184114
1.60361 1.34321 -0.184995
1.60017 1.33179 -0.184114
1.60434 1.32676 -0.184114
1.6085 1.32171 -0.184114
1.60493 1.31035 -0.183233
1.61655 1.31186 -0.184114
1.60515 1.29427 -0.182352
1.61698 1.29545 -0.183233
1.60546 1.27796 -0.181471
1.60947 1.2729 -0.181471
1.60562 1.26169 -0.18059
1.60958 1.25664 -0.18059
1.60565 1.24547 -0.179709
1.60934 1.2407 -0.179709
1.60532 1.22958 -0.178828
1.60917 1.22453 -0.178828
1.60507 1.21346 -0.177948
1.60866 1.2087 -0.177948
1.65623 1.22823 -0.182352
1.6681 1.22893 -0.183233
1.65588 1.21192 -0.181471
1.67579 1.21843 -0.183233
1.66325 1.20178 -0.181471
1.67511 1.20236 -0.182352
1.66265 1.18552 -0.18059
1.66637 1.18029 -0.18059
1.66192 1.16932 -0.179709
1.66559 1.16409 -0.179709
1.66086 1.15347 -0.178828
1.64807 1.13693 -0.177067
1.60252 1.09768 -0.171781
1.60597 1.09264 -0.171781
1.6092 1.08787 -0.171781
1.61261 1.08281 -0.171781
1.60772 1.07221 -0.1709
1.61108 1.06716 -0.1709
1.61424 1.06237 -0.1709
1.61757 1.0573 -0.1709
1.61252 1.04678 -0.170019
1.62418 1.04711 -0.1709
1.61068 1.03126 -0.169138
1.61391 1.0262 -0.169138
1.60853 1.01608 -0.168257
1.60327 1.00573 -0.167376
1.61488 1.00596 -0.168257
1.61803 1.00088 -0.168257
1.66361 1.02186 -0.172662
1.6498 1.00625 -0.1709
1.65278 1.00135 -0.1709
1.66445 1.00129 -0.171781
1.65904 0.990949 -0.1709
1.67071 0.990813 -0.171781
1.65665 0.975452 -0.170019
1.64251 0.960188 -0.168257
1.64551 0.955023 -0.168257
1.63125 0.939903 -0.166495
1.64267 0.940006 -0.167376
1.62829 0.925001 -0.165615
1.63119 0.91988 -0.165615
1.61669 0.90502 -0.163853
1.61953 0.899936 -0.163853
1.61362 0.890033 -0.162972
1.59894 0.875393 -0.16121
1.60168 0.870365 -0.16121
1.60425 0.865609 -0.16121
1.60697 0.860564 -0.16121
1.60966 0.855513 -0.16121
1.61234 0.850451 -0.16121
1.61501 0.845381 -0.16121
1.61765 0.840303 -0.16121
1.61129 0.830934 -0.160329
1.62276 0.830407 -0.16121
1.62536 0.825304 -0.16121
1.62794 0.820193 -0.16121
1.63942 0.819529 -0.162091
1.62414 0.805523 -0.160329
1.60879 0.791621 -0.158567
1.61126 0.786563 -0.158567
1.61373 0.781497 -0.158567
1.6072 0.77211 -0.157686
1.60049 0.763052 -0.156805
1.61188 0.762278 -0.157686
1.60525 0.75298 -0.156805
1.61664 0.752135 -0.157686
1.60982 0.74316 -0.156805
1.60309 0.733953 -0.155924
1.61446 0.73303 -0.156805
1.60767 0.723866 -0.155924
1.60994 0.718811 -0.155924
1.60308 0.709717 -0.155043
1.60518 0.704958 -0.155043
1.60739 0.699911 -0.155043
1.60958 0.694859 -0.155043
1.60259 0.685879 -0.154162
1.64142 0.696403 -0.157686
1.68033 0.70669 -0.16121
1.68254 0.701407 -0.16121
1.68473 0.696118 -0.16121
1.67757 0.687339 -0.160329
1.6705 0.678318 -0.159448
1.6911 0.680505 -0.16121
1.68398 0.671498 -0.160329
1.68608 0.666205 -0.160329
1.67889 0.657273 -0.159448
1.67166 0.648393 -0.158567
1.67369 0.643139 -0.158567
1.66639 0.634333 -0.157686
1.66838 0.629096 -0.157686
1.67956 0.627629 -0.158567
1.66284 0.615435 -0.156805
1.65542 0.60678 -0.155924
1.62923 0.59138 -0.153282
1.61233 0.57952 -0.15152
1.61414 0.574451 -0.15152
1.61594 0.569379 -0.15152
1.61772 0.564299 -0.15152
1.61938 0.559496 -0.15152
1.62113 0.554406 -0.15152
1.61343 0.546117 -0.150639
1.61514 0.541046 -0.150639
1.62629 0.539103 -0.15152
1.60904 0.527782 -0.149758
1.6106 0.523005 -0.149758
1.61224 0.517943 -0.149758
1.61386 0.512876 -0.149758
1.61546 0.507803 -0.149758
1.60754 0.499768 -0.148877
1.6091 0.494715 -0.148877
1.60111 0.486761 -0.147996
1.61217 0.484596 -0.148877
1.61369 0.479528 -0.148877
1.61519 0.474456 -0.148877
1.60702 0.466883 -0.147996
1.59891 0.459083 -0.147115
1.60034 0.454058 -0.147115
1.60176 0.449028 -0.147115
1.58396 0.438676 -0.145353
1.62376 0.444212 -0.148877
1.66362 0.449502 -0.152401
1.62656 1.37066 -0.111672
1.60023 1.3399 -0.109575
1.60444 1.33487 -0.109575
1.60092 1.32346 -0.109051
1.60508 1.31842 -0.109051
1.60921 1.31337 -0.109051
1.58983 1.28972 -0.107478
1.63275 1.31605 -0.110099
1.66026 1.32965 -0.111672
1.66443 1.32442 -0.111672
1.66075 1.31299 -0.111148
1.65701 1.3016 -0.110624
1.66897 1.30253 -0.111148
1.66516 1.29116 -0.110624
1.66107 1.28012 -0.110099
1.65716 1.26883 -0.109575
1.66113 1.26362 -0.109575
1.6651 1.25839 -0.109575
1.61293 1.21146 -0.105905
1.61673 1.20639 -0.105905
1.62853 1.20725 -0.10643
1.62428 1.19621 -0.105905
1.62803 1.1911 -0.105905
1.62368 1.18011 -0.105381
1.62718 1.17528 -0.105381
1.63086 1.17017 -0.105381
1.6264 1.15924 -0.104857
1.63003 1.15413 -0.104857
1.62548 1.14325 -0.104332
1.63725 1.14386 -0.104857
1.63243 1.1333 -0.104332
1.61132 1.11116 -0.10276
1.60676 1.10017 -0.102235
1.61846 1.10073 -0.10276
1.66309 1.12388 -0.105381
1.66662 1.11865 -0.105381
1.67843 1.11895 -0.105905
1.67361 1.10816 -0.105381
1.66855 1.0977 -0.104857
1.67199 1.09245 -0.104857
1.66704 1.08176 -0.104332
1.67043 1.07652 -0.104332
1.6738 1.07126 -0.104332
1.67716 1.066 -0.104332
1.67187 1.05569 -0.103808
1.67518 1.05043 -0.103808
1.62761 1.01349 -0.100662
1.62229 1.00312 -0.100138
1.61692 0.992793 -0.099614
1.62003 0.987709 -0.099614
1.62296 0.982897 -0.099614
1.62604 0.977794 -0.099614
1.62053 0.967561 -0.09909
1.62356 0.962466 -0.09909
1.62657 0.957361 -0.09909
1.62957 0.952246 -0.09909
1.61528 0.937099 -0.098041
1.62687 0.937004 -0.098565
1.62098 0.927215 -0.098041
1.62388 0.922118 -0.098041
1.61807 0.912107 -0.097517
1.61221 0.902143 -0.096992
1.61504 0.897074 -0.096992
1.63534 0.901639 -0.098041
1.67321 0.915674 -0.100138
1.6673 0.905646 -0.099614
1.66998 0.900695 -0.099614
1.6728 0.895444 -0.099614
1.66679 0.8855 -0.09909
1.67839 0.884916 -0.099614
1.67232 0.875009 -0.09909
1.67506 0.869751 -0.09909
1.67763 0.864777 -0.09909
1.68034 0.859503 -0.09909
1.68303 0.854219 -0.09909
1.68571 0.848927 -0.09909
1.67943 0.839164 -0.098565
1.65522 0.820578 -0.096992
1.62194 0.797743 -0.094895
1.61547 0.788265 -0.094371
1.61793 0.783185 -0.094371
1.62939 0.782422 -0.094895
1.62269 0.773288 -0.094371
1.61608 0.763918 -0.093847
1.61847 0.758838 -0.093847
1.62085 0.753749 -0.093847
1.61401 0.744753 -0.093322
1.62542 0.743834 -0.093847
1.61866 0.734597 -0.093322
1.62096 0.729508 -0.093322
1.62324 0.724412 -0.093322
1.61638 0.715268 -0.092798
1.61849 0.710469 -0.092798
1.62072 0.705381 -0.092798
1.60459 0.692373 -0.09175
1.59757 0.683401 -0.091225
1.63649 0.693974 -0.093322
1.68469 0.708178 -0.095944
1.68691 0.702882 -0.095944
1.67988 0.693767 -0.09542
1.68193 0.688779 -0.09542
1.70259 0.691003 -0.096468
1.69549 0.681925 -0.095944
1.68834 0.672897 -0.09542
1.68116 0.663922 -0.094895
1.68324 0.658637 -0.094895
1.67599 0.649736 -0.094371
1.70599 0.655209 -0.095944
1.68937 0.642744 -0.094895
1.70073 0.640956 -0.09542
1.68391 0.628918 -0.094371
1.67651 0.620161 -0.093847
1.6597 0.608021 -0.092798
1.64283 0.595992 -0.09175
1.62589 0.584076 -0.090701
1.61831 0.575618 -0.090177
1.62011 0.570532 -0.090177
1.6219 0.565439 -0.090177
1.62357 0.560624 -0.090177
1.62532 0.555521 -0.090177
1.6176 0.547212 -0.089652
1.62878 0.545298 -0.090177
1.63048 0.540178 -0.090177
1.63217 0.535053 -0.090177
1.63375 0.530208 -0.090177
1.61639 0.518968 -0.089128
1.62753 0.51691 -0.089652
1.63868 0.514787 -0.090177
1.63075 0.506673 -0.089652
1.62279 0.498615 -0.089128
1.60524 0.487708 -0.08808
1.60676 0.482662 -0.08808
1.60827 0.477613 -0.08808
1.61934 0.47537 -0.088604
1.61116 0.467779 -0.08808
1.61262 0.462716 -0.08808
1.59485 0.452198 -0.087031
1.58665 0.444492 -0.086507
1.57841 0.436841 -0.085982
1.59904 0.437148 -0.087031
1.65825 0.447741 -0.090177
1.63669 1.37822 -0.036777
1.61034 1.34741 -0.036089
1.62225 1.34873 -0.036261
1.61877 1.33726 -0.036089
1.61501 1.32611 -0.035918
1.61916 1.32103 -0.035918
1.61531 1.30992 -0.035746
1.61942 1.30484 -0.035746
1.61593 1.29322 -0.035574
1.61998 1.28813 -0.035574
1.62402 1.28304 -0.035574
1.61232 1.26558 -0.03523
1.62395 1.26694 -0.035402
1.62002 1.25571 -0.03523
1.61603 1.24451 -0.035058
1.61199 1.23335 -0.034886
1.61565 1.22857 -0.034886
1.61152 1.21746 -0.034715
1.61534 1.21239 -0.034715
1.61914 1.20731 -0.034715
1.63096 1.20817 -0.034886
1.68306 1.23859 -0.035918
1.67059 1.22179 -0.035574
1.68251 1.22241 -0.035746
1.68634 1.21712 -0.035746
1.68203 1.20599 -0.035574
1.68581 1.2007 -0.035574
1.68957 1.1954 -0.035574
1.68493 1.18463 -0.035402
1.68045 1.1736 -0.03523
1.68392 1.16861 -0.03523
1.67935 1.15764 -0.035058
1.64193 1.12383 -0.034199
1.62891 1.10742 -0.033855
1.6241 1.09671 -0.033683
1.61923 1.08603 -0.033512
1.62245 1.08122 -0.033512
1.62584 1.07612 -0.033512
1.62085 1.06551 -0.03334
1.61582 1.05495 -0.033168
1.61913 1.04987 -0.033168
1.62242 1.04478 -0.033168
1.60867 1.02918 -0.032824
1.62033 1.02948 -0.032996
1.62356 1.02439 -0.032996
1.61829 1.01397 -0.032824
1.62147 1.00889 -0.032824
1.62463 1.00379 -0.032824
1.63613 1.00419 -0.032996
1.68196 1.02506 -0.033855
1.68517 1.01977 -0.033855
1.68837 1.01447 -0.033855
1.67438 0.99892 -0.033512
1.69471 1.00385 -0.033855
1.68924 0.99345 -0.033683
1.69235 0.988137 -0.033683
1.68663 0.978096 -0.033512
1.68969 0.972792 -0.033512
1.68406 0.962518 -0.03334
1.68707 0.957223 -0.03334
1.68136 0.947011 -0.033168
1.69305 0.946604 -0.03334
1.61734 0.897612 -0.031793
1.62015 0.892527 -0.031793
1.63156 0.892515 -0.031965
1.61679 0.877842 -0.031621
1.61953 0.872759 -0.031621
1.62227 0.867666 -0.031621
1.61616 0.857878 -0.031449
1.61884 0.852797 -0.031449
1.63022 0.852623 -0.031621
1.61515 0.838286 -0.031277
1.61777 0.833207 -0.031277
1.62928 0.832671 -0.031449
1.61406 0.818504 -0.031106
1.61662 0.813429 -0.031106
1.61917 0.808347 -0.031106
1.6217 0.803256 -0.031106
1.62422 0.798157 -0.031106
1.61773 0.788669 -0.030934
1.64706 0.79693 -0.031449
1.68561 0.809058 -0.032137
1.67912 0.799461 -0.031965
1.67258 0.789911 -0.031793
1.69302 0.793431 -0.032137
1.68644 0.783894 -0.031965
1.67074 0.77022 -0.031621
1.68224 0.769125 -0.031793
1.69376 0.767965 -0.031965
1.67792 0.75444 -0.031621
1.68015 0.749458 -0.031621
1.69164 0.74822 -0.031793
1.69398 0.742903 -0.031793
1.67797 0.729603 -0.031449
1.68026 0.724328 -0.031449
1.60897 0.687612 -0.030074
1.62953 0.690354 -0.030418
1.6317 0.685232 -0.030418
1.63372 0.680387 -0.030418
1.61737 0.667622 -0.030074
1.61946 0.662537 -0.030074
1.62153 0.657446 -0.030074
1.61431 0.648621 -0.029903
1.62563 0.647245 -0.030074
1.61835 0.638466 -0.029903
1.62035 0.633378 -0.029903
1.62233 0.628284 -0.029903
1.6243 0.623185 -0.029903
1.62614 0.618362 -0.029903
1.62808 0.613251 -0.029903
1.62063 0.604638 -0.029731
1.62252 0.599544 -0.029731
1.615 0.591008 -0.029559
1.60745 0.582524 -0.029387
1.60927 0.577471 -0.029387
1.65819 0.58915 -0.030246
1.68822 0.594186 -0.030762
1.69952 0.592169 -0.030934
1.69192 0.583567 -0.030762
1.69375 0.578249 -0.030762
1.69556 0.572925 -0.030762
1.69735 0.567595 -0.030762
1.68953 0.559414 -0.03059
1.69128 0.554103 -0.03059
1.69301 0.548787 -0.03059
1.70425 0.546519 -0.030762
1.70596 0.541162 -0.030762
1.68857 0.529814 -0.030418
1.69978 0.527469 -0.03059
1.68231 0.51626 -0.030246
1.68392 0.510973 -0.030246
1.66637 0.499933 -0.029903
1.63909 0.486453 -0.029387
1.63101 0.478486 -0.029215
1.6133 0.467791 -0.028871
1.62437 0.465475 -0.029043
1.61621 0.457645 -0.028871
1.60801 0.449872 -0.0287
1.60941 0.444818 -0.0287
1.6108 0.439759 -0.0287
1.63141 0.440188 -0.029043
1.60935 0.841347 0.486348
1.60341 0.831838 0.483761
1.59743 0.822375 0.481174
1.5914 0.812959 0.478588
1.5681 0.794853 0.470827
1.55333 0.781242 0.465653
1.55578 0.776359 0.465653
1.54089 0.762896 0.460479
1.54328 0.758051 0.460479
1.54566 0.753199 0.460479
1.55658 0.752815 0.463066
1.54152 0.739565 0.457892
1.56128 0.74302 0.463066
1.54613 0.729864 0.457892
1.55704 0.729371 0.460479
1.55057 0.720406 0.457892
1.55282 0.715531 0.457892
1.55506 0.71065 0.457892
1.55728 0.70576 0.457892
1.55068 0.696905 0.455305
1.56157 0.696234 0.457892
1.54608 0.683514 0.452718
1.55706 0.682531 0.455305
1.5592 0.677636 0.455305
1.56132 0.672735 0.455305
1.55455 0.664031 0.452718
1.55662 0.659145 0.452718
1.54978 0.650513 0.450131
1.56062 0.649623 0.452718
1.56265 0.644718 0.452718
1.55573 0.636149 0.450131
1.55772 0.631258 0.450131
1.5597 0.626362 0.450131
1.56166 0.621458 0.450131
1.55462 0.613006 0.447544
1.55653 0.608119 0.447544
1.56744 0.606713 0.450131
1.56032 0.598327 0.447544
1.56209 0.593695 0.447544
1.55491 0.585381 0.444957
1.55674 0.580493 0.444957
1.56762 0.578946 0.447544
1.56036 0.570701 0.444957
1.56214 0.565796 0.444957
1.56391 0.560886 0.444957
1.55656 0.552737 0.44237
1.56731 0.551322 0.444957
1.55991 0.543219 0.44237
1.56161 0.538315 0.44237
1.55415 0.530287 0.439783
1.56496 0.528493 0.44237
1.56661 0.523574 0.44237
1.56816 0.518923 0.44237
1.5606 0.510988 0.439783
1.5622 0.506083 0.439783
1.56378 0.501173 0.439783
1.55614 0.493338 0.437196
1.55768 0.488447 0.437196
1.55921 0.483551 0.437196
1.56072 0.47865 0.437196
1.55297 0.470942 0.434609
1.55445 0.46606 0.434609
1.55582 0.461446 0.434609
1.55726 0.456556 0.434609
1.55869 0.451662 0.434609
1.5601 0.446763 0.434609
1.5522 0.439229 0.432022
1.55358 0.434351 0.432022
1.55493 0.429467 0.432022
1.53764 0.419496 0.426848
1.52955 0.412417 0.424261
1.51217 0.402639 0.419087
1.52277 0.400343 0.421674
1.58947 0.412543 0.439783
1.67873 1.39469 0.504294
1.66056 1.37081 0.49754
1.58929 1.30407 0.475027
1.57828 1.28675 0.470524
1.57452 1.27593 0.468273
1.57093 1.26487 0.466022
1.58273 1.26574 0.468273
1.57907 1.2547 0.466022
1.57536 1.24369 0.463771
1.57925 1.23874 0.463771
1.57524 1.22806 0.461519
1.57909 1.2231 0.461519
1.58292 1.21813 0.461519
1.579 1.20724 0.459268
1.57482 1.19665 0.457017
1.57857 1.1917 0.457017
1.5901 1.19258 0.459268
1.58603 1.18176 0.457017
1.58973 1.17677 0.457017
1.59342 1.17177 0.457017
1.59689 1.16704 0.457017
1.59266 1.15629 0.454765
1.59629 1.15128 0.454765
1.59198 1.14059 0.452514
1.60349 1.14123 0.454765
1.59116 1.12494 0.450263
1.59449 1.12021 0.450263
1.598 1.1152 0.450263
1.59329 1.1049 0.448011
1.58873 1.09436 0.44576
1.59236 1.08908 0.44576
1.59577 1.08407 0.44576
1.59917 1.07906 0.44576
1.59446 1.0686 0.443509
1.59762 1.06387 0.443509
1.59283 1.05347 0.441257
1.58799 1.04311 0.439006
1.58309 1.03279 0.436755
1.58633 1.02781 0.436755
1.58955 1.02283 0.436755
1.58437 1.01286 0.434503
1.58754 1.00787 0.434503
1.58246 0.997686 0.432252
1.58559 0.99271 0.432252
1.5887 0.987724 0.432252
1.59179 0.982727 0.432252
1.5947 0.978 0.432252
1.58944 0.967918 0.430001
1.59248 0.96292 0.430001
1.58714 0.952897 0.427749
1.58176 0.942917 0.425498
1.58471 0.937943 0.425498
1.58765 0.93296 0.425498
1.58216 0.923058 0.423247
1.58489 0.91836 0.423247
1.57932 0.908517 0.420996
1.58217 0.903551 0.420996
1.585 0.898577 0.420996
1.58782 0.893592 0.420996
1.59061 0.8886 0.420996
1.5934 0.883598 0.420996
1.5791 0.869192 0.416493
1.59022 0.869176 0.418744
1.59294 0.864175 0.418744
1.57849 0.849928 0.414242
1.58974 0.849557 0.416493
1.5838 0.839994 0.414242
1.58643 0.835014 0.414242
1.58026 0.825791 0.41199
1.58285 0.820822 0.41199
1.58542 0.815845 0.41199
1.5793 0.80643 0.409739
1.59052 0.805868 0.41199
1.57563 0.792114 0.407488
1.56939 0.782812 0.405236
1.58057 0.782199 0.407488
1.58302 0.77723 0.407488
1.58546 0.772253 0.407488
1.57897 0.763304 0.405236
1.58136 0.75834 0.405236
1.58374 0.753369 0.405236
1.57728 0.744232 0.402985
1.57948 0.739549 0.402985
1.5818 0.734582 0.402985
1.5841 0.72961 0.402985
1.57752 0.720582 0.400734
1.57978 0.715622 0.400734
1.58202 0.710655 0.400734
1.58412 0.705958 0.400734
1.57742 0.69704 0.398482
1.5796 0.692081 0.398482
1.57283 0.683233 0.396231
1.57497 0.678289 0.396231
1.57709 0.673337 0.396231
1.57023 0.664582 0.39398
1.58129 0.663415 0.396231
1.57426 0.654977 0.39398
1.57631 0.650029 0.39398
1.57834 0.645073 0.39398
1.58036 0.640112 0.39398
1.57332 0.631514 0.391728
1.5753 0.626568 0.391728
1.57726 0.621616 0.391728
1.5792 0.616658 0.391728
1.58113 0.611694 0.391728
1.57395 0.603237 0.389477
1.57573 0.598564 0.389477
1.5776 0.593611 0.389477
1.58859 0.592054 0.391728
1.59044 0.587061 0.391728
1.58313 0.578716 0.389477
1.58494 0.57374 0.389477
1.57756 0.56547 0.387226
1.58851 0.56377 0.389477
1.58099 0.555823 0.387226
1.57352 0.547651 0.384975
1.57524 0.542704 0.384975
1.57693 0.537753 0.384975
1.58785 0.535913 0.387226
1.58028 0.527834 0.384975
1.58184 0.523143 0.384975
1.58347 0.518171 0.384975
1.57582 0.510193 0.382723
1.5867 0.508212 0.384975
1.579 0.500282 0.382723
1.58056 0.495319 0.382723
1.58211 0.49035 0.382723
1.58364 0.485378 0.382723
1.58516 0.480401 0.382723
1.58666 0.475418 0.382723
1.57872 0.46794 0.380472
1.58019 0.462977 0.380472
1.58163 0.458011 0.380472
1.58307 0.45304 0.380472
1.5751 0.445413 0.378221
1.5765 0.440463 0.378221
1.56848 0.432915 0.375969
1.56043 0.425423 0.373718
1.54287 0.415722 0.369215
1.53475 0.408367 0.366964
1.53603 0.403543 0.366964
1.74738 1.46052 0.442665
1.66889 1.38603 0.421677
1.6581 1.36829 0.41786
1.66998 1.3693 0.419768
1.67403 1.36433 0.419768
1.66305 1.34671 0.415952
1.66704 1.34177 0.415952
1.67148 1.33624 0.415952
1.66798 1.32487 0.414044
1.67214 1.31963 0.414044
1.66855 1.30831 0.412136
1.66491 1.29703 0.410228
1.66099 1.28607 0.40832
1.66502 1.28085 0.40832
1.66124 1.26965 0.406412
1.6574 1.25849 0.404504
1.66896 1.25948 0.406412
1.66506 1.24834 0.404504
1.6611 1.23724 0.402596
1.66498 1.23202 0.402596
1.66093 1.22097 0.400688
1.65683 1.20995 0.39878
1.66041 1.20503 0.39878
1.66419 1.19981 0.39878
1.66795 1.19458 0.39878
1.6637 1.18364 0.396872
1.66741 1.17841 0.396872
1.65503 1.16188 0.393056
1.65847 1.15697 0.393056
1.6621 1.15175 0.393056
1.65743 1.14125 0.391148
1.6614 1.13546 0.391148
1.66476 1.13052 0.391148
1.65203 1.11431 0.387332
1.66367 1.11458 0.38924
1.659 1.1039 0.387332
1.66226 1.09898 0.387332
1.66571 1.09375 0.387332
1.66914 1.08851 0.387332
1.65607 1.07259 0.383516
1.65943 1.06738 0.383516
1.66278 1.06216 0.383516
1.66592 1.05722 0.383516
1.66093 1.04675 0.381608
1.67253 1.04674 0.383516
1.65913 1.03112 0.3797
1.66237 1.0259 0.3797
1.66558 1.02067 0.3797
1.6686 1.01572 0.3797
1.65498 1.00032 0.375884
1.66653 1.00017 0.377792
1.66124 0.989902 0.375884
1.66434 0.984679 0.375884
1.65896 0.974474 0.373976
1.67049 0.974202 0.375884
1.65655 0.959112 0.372067
1.65939 0.954192 0.372067
1.66238 0.948975 0.372067
1.66535 0.943748 0.372067
1.6512 0.928885 0.368251
1.66268 0.92848 0.370159
1.657 0.918492 0.368251
1.65988 0.913282 0.368251
1.66274 0.908063 0.368251
1.6568 0.898446 0.366343
1.65961 0.893237 0.366343
1.66241 0.888018 0.366343
1.66519 0.882792 0.366343
1.66796 0.877556 0.366343
1.66201 0.867768 0.364435
1.66457 0.862833 0.364435
1.66728 0.857599 0.364435
1.66122 0.847895 0.362527
1.66387 0.842672 0.362527
1.65774 0.833032 0.360619
1.66035 0.827821 0.360619
1.65415 0.818248 0.358711
1.65671 0.813047 0.358711
1.65925 0.807839 0.358711
1.66178 0.802622 0.358711
1.65531 0.793445 0.356803
1.65779 0.788241 0.356803
1.66026 0.783029 0.356803
1.66271 0.777809 0.356803
1.65611 0.768739 0.354895
1.66743 0.767638 0.356803
1.6609 0.758319 0.354895
1.67222 0.757146 0.356803
1.65668 0.743847 0.352987
1.66798 0.742631 0.354895
1.66119 0.733713 0.352987
1.6545 0.724553 0.351079
1.64776 0.715442 0.349171
1.65902 0.714143 0.351079
1.65223 0.705074 0.349171
1.67251 0.70753 0.352987
1.64757 0.690884 0.347263
1.66786 0.693239 0.351079
1.66084 0.684547 0.349171
1.66298 0.679326 0.349171
1.64691 0.666731 0.345355
1.66721 0.668864 0.349171
1.65106 0.65637 0.345355
1.67138 0.658375 0.349171
1.65515 0.645983 0.345355
1.64802 0.63724 0.343447
1.65918 0.635571 0.345355
1.66117 0.630355 0.345355
1.65384 0.621969 0.343447
1.65579 0.616769 0.343447
1.64851 0.608167 0.341539
1.65963 0.606354 0.343447
1.6523 0.597797 0.341539
1.65417 0.592604 0.341539
1.65602 0.587404 0.341539
1.65786 0.582199 0.341539
1.65031 0.574052 0.339631
1.66138 0.57206 0.341539
1.65388 0.563672 0.339631
1.65564 0.558473 0.339631
1.65739 0.553269 0.339631
1.65912 0.54806 0.339631
1.66074 0.543134 0.339631
1.6531 0.534892 0.337723
1.66412 0.532689 0.339631
1.65643 0.524495 0.337723
1.65807 0.519289 0.337723
1.65969 0.514077 0.337723
1.6613 0.50886 0.337723
1.65349 0.500794 0.335815
1.65506 0.495596 0.335815
1.65661 0.490395 0.335815
1.65805 0.485477 0.335815
1.65957 0.480266 0.335815
1.65163 0.472351 0.333907
1.65311 0.467159 0.333907
1.65457 0.461964 0.333907
1.64655 0.454153 0.331999
1.6385 0.446398 0.330091
1.63041 0.438698 0.328183
1.64119 0.436381 0.330091
1.63714 1.36789 0.33801
1.64143 1.36274 0.33801
1.6457 1.35758 0.33801
1.6576 1.35866 0.339575
1.65396 1.3475 0.33801
1.65819 1.3423 0.33801
1.65447 1.33118 0.336445
1.65116 1.31952 0.33488
1.6553 1.31432 0.33488
1.64391 1.29688 0.331751
1.64797 1.29171 0.331751
1.65982 1.2926 0.333316
1.65584 1.28162 0.331751
1.65202 1.27039 0.330186
1.64816 1.2592 0.328621
1.6521 1.25402 0.328621
1.64793 1.24316 0.327056
1.65183 1.23798 0.327056
1.65571 1.23278 0.327056
1.65164 1.2217 0.325491
1.63955 1.20481 0.322362
1.6513 1.20547 0.323926
1.66287 1.20637 0.325491
1.65062 1.18959 0.322362
1.65435 1.1844 0.322362
1.64197 1.16775 0.319232
1.64563 1.16258 0.319232
1.64927 1.15741 0.319232
1.6446 1.14686 0.317667
1.64819 1.14169 0.317667
1.65157 1.13679 0.317667
1.64737 1.12545 0.316102
1.65071 1.12056 0.316102
1.64603 1.10984 0.314537
1.64951 1.10467 0.314537
1.65297 1.09948 0.314537
1.64799 1.08912 0.312972
1.6514 1.08394 0.312972
1.6548 1.07875 0.312972
1.65818 1.07354 0.312972
1.65323 1.06299 0.311408
1.65656 1.05779 0.311408
1.65136 1.04758 0.309843
1.65464 1.04239 0.309843
1.64953 1.03194 0.308278
1.65277 1.02676 0.308278
1.64758 1.01637 0.306713
1.65919 1.01635 0.308278
1.65375 1.00629 0.306713
1.64846 0.995982 0.305148
1.65158 0.990799 0.305148
1.66317 0.990659 0.306713
1.64927 0.975374 0.303583
1.65232 0.970188 0.303583
1.6383 0.955044 0.300453
1.64984 0.95484 0.302018
1.6441 0.945018 0.300453
1.65564 0.944744 0.302018
1.65001 0.93467 0.300453
1.65294 0.929481 0.300453
1.64722 0.91947 0.298889
1.64146 0.909503 0.297324
1.65297 0.909102 0.298889
1.64715 0.899172 0.297324
1.64981 0.894281 0.297324
1.64391 0.884414 0.295759
1.65539 0.883897 0.297324
1.64943 0.874068 0.295759
1.65217 0.868882 0.295759
1.64614 0.859117 0.294194
1.65745 0.858773 0.295759
1.65136 0.849045 0.294194
1.65401 0.843853 0.294194
1.64784 0.834192 0.292629
1.64163 0.824578 0.291064
1.64421 0.819416 0.291064
1.64678 0.814247 0.291064
1.64933 0.809069 0.291064
1.65186 0.803884 0.291064
1.65438 0.79869 0.291064
1.64784 0.789511 0.289499
1.65923 0.78857 0.291064
1.65276 0.779141 0.289499
1.66415 0.778129 0.291064
1.66645 0.773188 0.291064
1.6599 0.76382 0.289499
1.64432 0.750401 0.28637
1.65567 0.749303 0.287935
1.65801 0.744098 0.287935
1.66034 0.738885 0.287935
1.65349 0.729967 0.28637
1.65578 0.724769 0.28637
1.65805 0.719563 0.28637
1.65123 0.710448 0.284805
1.65345 0.705256 0.284805
1.64656 0.696212 0.28324
1.64874 0.691036 0.28324
1.66002 0.689642 0.284805
1.66206 0.684714 0.284805
1.65506 0.675755 0.28324
1.65718 0.670552 0.28324
1.64094 0.657991 0.28011
1.66136 0.660127 0.28324
1.66342 0.654904 0.28324
1.65627 0.646086 0.281675
1.65829 0.640879 0.281675
1.65107 0.632135 0.28011
1.64382 0.623442 0.278545
1.66415 0.625513 0.281675
1.64759 0.613389 0.278545
1.65878 0.611627 0.28011
1.65141 0.603026 0.278545
1.6533 0.597834 0.278545
1.64587 0.589308 0.276981
1.65702 0.587435 0.278545
1.64954 0.578955 0.276981
1.65125 0.574058 0.276981
1.65305 0.568868 0.276981
1.65483 0.563672 0.276981
1.65659 0.558471 0.276981
1.64897 0.550137 0.275416
1.65069 0.544954 0.275416
1.66169 0.543122 0.276981
1.65399 0.534861 0.275416
1.64625 0.526653 0.273851
1.6479 0.521478 0.273851
1.65895 0.519249 0.275416
1.65114 0.511113 0.273851
1.65274 0.505924 0.273851
1.65432 0.50073 0.273851
1.65588 0.495529 0.273851
1.64796 0.487523 0.272286
1.65888 0.485405 0.273851
1.6604 0.480191 0.273851
1.6524 0.472259 0.272286
1.66338 0.469749 0.273851
1.63631 0.456558 0.269156
1.62821 0.44879 0.267591
1.62009 0.441079 0.266026
1.64054 0.441116 0.269156
1.66093 0.441319 0.272286
1.66403 1.39877 0.265615
1.6608 1.38717 0.264402
1.64987 1.36926 0.261977
1.65417 1.36407 0.261977
1.65844 1.35887 0.261977
1.65477 1.34768 0.260764
1.659 1.34247 0.260764
1.65524 1.33132 0.259551
1.65964 1.32582 0.259551
1.64825 1.30826 0.257125
1.65235 1.30308 0.257125
1.64863 1.29176 0.255912
1.65268 1.28657 0.255912
1.65649 1.28166 0.255912
1.65263 1.2704 0.2547
1.64873 1.25918 0.253487
1.65268 1.254 0.253487
1.64847 1.24311 0.252274
1.65236 1.23792 0.252274
1.65624 1.23273 0.252274
1.65213 1.22162 0.251061
1.64373 1.19951 0.248635
1.64728 1.19463 0.248635
1.63492 1.17784 0.24621
1.63861 1.1727 0.24621
1.65038 1.1733 0.247422
1.64595 1.16238 0.24621
1.64959 1.1572 0.24621
1.64488 1.14663 0.244997
1.64847 1.14146 0.244997
1.64367 1.13093 0.243784
1.64761 1.12519 0.243784
1.6263 1.10357 0.240145
1.64622 1.10956 0.242571
1.6497 1.10438 0.242571
1.64489 1.09369 0.241358
1.64813 1.08881 0.241358
1.64325 1.07818 0.240145
1.65494 1.07843 0.241358
1.64999 1.06783 0.240145
1.64498 1.05728 0.238932
1.66503 1.06279 0.241358
1.65141 1.04721 0.238932
1.64629 1.03673 0.23772
1.65796 1.03681 0.238932
1.66121 1.0316 0.238932
1.65599 1.02117 0.23772
1.64226 1.00559 0.235294
1.64524 1.00071 0.235294
1.64837 0.99554 0.235294
1.63447 0.980147 0.232868
1.64607 0.980085 0.234081
1.64914 0.974909 0.234081
1.65219 0.969724 0.234081
1.64665 0.959531 0.232868
1.65825 0.959324 0.234081
1.66109 0.954399 0.234081
1.65546 0.944258 0.232868
1.65842 0.939053 0.232868
1.66136 0.933838 0.232868
1.66429 0.928613 0.232868
1.63246 0.904143 0.228017
1.66139 0.913357 0.231655
1.66425 0.908133 0.231655
1.64948 0.893733 0.22923
1.66103 0.893248 0.230443
1.65507 0.883351 0.22923
1.65783 0.878148 0.22923
1.6518 0.868317 0.228017
1.66332 0.867714 0.22923
1.66588 0.862774 0.22923
1.65093 0.848463 0.226804
1.66243 0.847782 0.228017
1.66508 0.842555 0.228017
1.65885 0.832866 0.226804
1.67035 0.832076 0.228017
1.66405 0.822427 0.226804
1.65772 0.812825 0.225591
1.64241 0.798929 0.223165
1.64491 0.793765 0.223165
1.63831 0.784594 0.221953
1.64973 0.783703 0.223165
1.66116 0.782746 0.224378
1.66361 0.777524 0.224378
1.66591 0.772584 0.224378
1.6503 0.759052 0.221953
1.64364 0.749744 0.22074
1.67312 0.75685 0.224378
1.66643 0.747527 0.223165
1.6597 0.738254 0.221953
1.66189 0.733326 0.221953
1.646 0.720145 0.219527
1.65736 0.71892 0.22074
1.65049 0.709788 0.219527
1.64358 0.700706 0.218314
1.66406 0.703268 0.22074
1.66626 0.698037 0.22074
1.65928 0.688992 0.219527
1.66131 0.684066 0.219527
1.66345 0.678843 0.219527
1.66558 0.673614 0.219527
1.66769 0.668378 0.219527
1.66978 0.663135 0.219527
1.67185 0.657887 0.219527
1.67391 0.652631 0.219527
1.66669 0.643792 0.218314
1.66871 0.638553 0.218314
1.67071 0.633307 0.218314
1.66329 0.624857 0.217101
1.66524 0.619628 0.217101
1.66718 0.614394 0.217101
1.67843 0.612557 0.218314
1.66167 0.600533 0.215888
1.6542 0.591965 0.214675
1.67477 0.593396 0.217101
1.66726 0.584845 0.215888
1.65023 0.573381 0.213463
1.63325 0.561736 0.211037
1.64441 0.559802 0.21225
1.66497 0.560972 0.214675
1.67614 0.558878 0.215888
1.66846 0.550499 0.214675
1.66065 0.542464 0.213463
1.68124 0.543349 0.215888
1.65457 0.528997 0.21225
1.64676 0.520803 0.211037
1.64839 0.515627 0.211037
1.65948 0.513379 0.21225
1.64211 0.502356 0.209824
1.64368 0.497195 0.209824
1.66425 0.497716 0.21225
1.65629 0.489671 0.211037
1.66726 0.487541 0.21225
1.65925 0.479545 0.211037
1.66075 0.47433 0.211037
1.66223 0.46911 0.211037
1.65413 0.46122 0.209824
1.62686 0.448112 0.206185
1.61869 0.440394 0.204973
1.63923 0.440458 0.207398
1.66931 0.443234 0.211037
1.64417 1.37279 0.18608
1.66381 1.38034 0.187811
1.66045 1.36877 0.186946
1.67245 1.36986 0.187811
1.66878 1.35861 0.186946
1.6653 1.34709 0.18608
1.66153 1.3359 0.185215
1.65816 1.32417 0.184349
1.65451 1.31276 0.183484
1.65862 1.30755 0.183484
1.65488 1.29619 0.182618
1.65894 1.29099 0.182618
1.65489 1.27997 0.181753
1.6589 1.27476 0.181753
1.65498 1.2635 0.180887
1.65894 1.25829 0.180887
1.66267 1.25336 0.180887
1.65862 1.24216 0.180022
1.65452 1.231 0.179156
1.65037 1.21987 0.178291
1.658 1.20948 0.178291
1.66965 1.2104 0.179156
1.68153 1.21097 0.180022
1.67722 1.19989 0.179156
1.67286 1.18884 0.178291
1.68473 1.18932 0.179156
1.68846 1.18403 0.179156
1.68379 1.17332 0.178291
1.67927 1.16235 0.177425
1.67451 1.15172 0.17656
1.66206 1.13463 0.174829
1.61595 1.09614 0.169636
1.6607 1.11889 0.173963
1.66421 1.11367 0.173963
1.6594 1.10292 0.173098
1.66266 1.09799 0.173098
1.66611 1.09276 0.173098
1.65284 1.07665 0.171367
1.65621 1.07145 0.171367
1.65119 1.06086 0.170501
1.66291 1.06102 0.171367
1.64922 1.04542 0.169636
1.6525 1.04023 0.169636
1.6642 1.04031 0.170501
1.659 1.02983 0.169636
1.67071 1.02984 0.170501
1.66544 1.01938 0.169636
1.66846 1.01444 0.169636
1.66311 1.00404 0.16877
1.66625 0.998811 0.16877
1.66082 0.988476 0.167905
1.65534 0.978186 0.167039
1.64981 0.967939 0.166174
1.66145 0.967766 0.167039
1.66449 0.962541 0.167039
1.65006 0.947675 0.165308
1.65303 0.942487 0.165308
1.65598 0.937289 0.165308
1.65891 0.932082 0.165308
1.66183 0.926865 0.165308
1.66474 0.92164 0.165308
1.65016 0.90681 0.163577
1.653 0.901622 0.163577
1.64691 0.891968 0.162712
1.65848 0.891506 0.163577
1.65248 0.881603 0.162712
1.65524 0.876407 0.162712
1.64917 0.866569 0.161846
1.66072 0.865989 0.162712
1.65443 0.856478 0.161846
1.65712 0.851277 0.161846
1.65978 0.846066 0.161846
1.66243 0.840848 0.161846
1.65616 0.831152 0.160981
1.65876 0.825945 0.160981
1.66135 0.820731 0.160981
1.66392 0.815507 0.160981
1.64856 0.801563 0.15925
1.66004 0.800708 0.160115
1.66241 0.795779 0.160115
1.6559 0.786279 0.15925
1.65836 0.781073 0.15925
1.66983 0.780076 0.160115
1.65406 0.766738 0.158385
1.65646 0.761538 0.158385
1.66791 0.760464 0.15925
1.66122 0.751115 0.158385
1.65448 0.741817 0.157519
1.6568 0.736615 0.157519
1.65898 0.731697 0.157519
1.66127 0.726481 0.157519
1.6544 0.717295 0.156654
1.65665 0.712095 0.156654
1.65888 0.706886 0.156654
1.66109 0.701672 0.156654
1.64491 0.688754 0.154923
1.63786 0.679764 0.154057
1.64908 0.678693 0.154923
1.64198 0.669746 0.154057
1.64408 0.664585 0.154057
1.64616 0.659417 0.154057
1.63896 0.650566 0.153192
1.641 0.645414 0.153192
1.6523 0.643872 0.154057
1.65431 0.638679 0.154057
1.64701 0.62992 0.153192
1.64898 0.624742 0.153192
1.66015 0.623349 0.154057
1.65276 0.614657 0.153192
1.66403 0.612905 0.154057
1.65659 0.604261 0.153192
1.66785 0.602438 0.154057
1.62284 0.580419 0.14973
1.66221 0.588622 0.153192
1.65465 0.5801 0.152326
1.65637 0.575188 0.152326
1.65817 0.569982 0.152326
1.65052 0.56156 0.151461
1.66172 0.559552 0.152326
1.66347 0.554329 0.152326
1.65574 0.545981 0.151461
1.66682 0.544157 0.152326
1.66852 0.538918 0.152326
1.67021 0.533674 0.152326
1.66237 0.525421 0.151461
1.66402 0.520196 0.151461
1.66564 0.514966 0.151461
1.66725 0.509731 0.151461
1.66885 0.504491 0.151461
1.65133 0.493539 0.14973
1.66243 0.491172 0.150595
1.67344 0.489031 0.151461
1.65583 0.478243 0.14973
1.6669 0.475774 0.150595
1.6588 0.46783 0.14973
1.66026 0.462617 0.14973
1.6425 0.45211 0.147999
1.62468 0.441721 0.146268
1.6453 0.441782 0.147999
1.66587 0.442008 0.14973
1.65171 1.38742 0.111901
1.64072 1.36943 0.110865
1.6527 1.37064 0.111383
1.657 1.36544 0.111383
1.64583 1.34758 0.110347
1.66531 1.35529 0.111383
1.64627 1.33122 0.109829
1.65021 1.32633 0.109829
1.64679 1.31462 0.109311
1.67439 1.32806 0.110865
1.67071 1.31661 0.110347
1.6827 1.31751 0.110865
1.68683 1.31222 0.110865
1.68282 1.3011 0.110347
1.6869 1.2958 0.110347
1.69096 1.2905 0.110347
1.67909 1.27311 0.109311
1.68286 1.26812 0.109311
1.70282 1.2748 0.110347
1.64271 1.22177 0.106202
1.65457 1.22254 0.106721
1.65841 1.21733 0.106721
1.66222 1.21212 0.106721
1.65773 1.20132 0.106202
1.65339 1.19027 0.105684
1.65712 1.18507 0.105684
1.65269 1.17407 0.105166
1.64821 1.16312 0.104648
1.66004 1.16367 0.105166
1.64709 1.14732 0.10413
1.65069 1.14214 0.10413
1.65407 1.13724 0.10413
1.65803 1.13146 0.10413
1.65312 1.12093 0.103612
1.65663 1.11573 0.103612
1.68503 1.12718 0.105166
1.68856 1.12188 0.105166
1.69188 1.11686 0.105166
1.69538 1.11154 0.105166
1.69886 1.10621 0.105166
1.69395 1.09544 0.104648
1.69738 1.09012 0.104648
1.7008 1.08478 0.104648
1.70401 1.07973 0.104648
1.70739 1.07437 0.104648
1.71076 1.069 0.104648
1.70562 1.05835 0.10413
1.64942 1.01632 0.100504
1.65261 1.01113 0.100504
1.66413 1.01141 0.101022
1.65875 1.00102 0.100504
1.66189 0.995802 0.100504
1.65643 0.98547 0.099986
1.65092 0.975183 0.099468
1.65397 0.969992 0.099468
1.65701 0.964791 0.099468
1.65139 0.954582 0.09895
1.66287 0.95465 0.099468
1.65719 0.944477 0.09895
1.66015 0.939266 0.09895
1.66309 0.934046 0.09895
1.65729 0.923953 0.098432
1.66893 0.923578 0.09895
1.65431 0.908714 0.097914
1.6747 0.913074 0.09895
1.6774 0.908101 0.09895
1.69784 0.91228 0.099986
1.69188 0.902242 0.099468
1.70353 0.901595 0.099986
1.68868 0.886951 0.09895
1.69145 0.881641 0.09895
1.69406 0.876618 0.09895
1.70569 0.875855 0.099468
1.69064 0.861424 0.098432
1.69334 0.856108 0.098432
1.69602 0.850784 0.098432
1.68974 0.841001 0.097914
1.70133 0.840111 0.098432
1.65912 0.812795 0.095841
1.67065 0.811944 0.096359
1.6552 0.798017 0.095323
1.66657 0.797413 0.095841
1.66906 0.792174 0.095841
1.66251 0.782672 0.095323
1.65591 0.77322 0.094805
1.6582 0.768303 0.094805
1.6606 0.76309 0.094805
1.66299 0.75787 0.094805
1.65627 0.748529 0.094287
1.6495 0.739238 0.093769
1.66094 0.738107 0.094287
1.66312 0.733176 0.094287
1.65626 0.723948 0.093769
1.64937 0.71477 0.093251
1.6516 0.709585 0.093251
1.65382 0.704392 0.093251
1.64683 0.695309 0.092733
1.66743 0.697843 0.093769
1.68806 0.700254 0.094805
1.69937 0.699042 0.095323
1.7108 0.697469 0.095841
1.71299 0.692092 0.095841
1.71515 0.686707 0.095841
1.70802 0.677632 0.095323
1.71943 0.675916 0.095841
1.71224 0.666887 0.095323
1.70501 0.65791 0.094805
1.70707 0.65255 0.094805
1.71845 0.65072 0.095323
1.70168 0.6386 0.094287
1.70367 0.633252 0.094287
1.71503 0.631347 0.094805
1.717 0.625956 0.094805
1.67199 0.603603 0.092215
1.66448 0.594985 0.091697
1.66634 0.589754 0.091697
1.66818 0.584516 0.091697
1.66991 0.579564 0.091697
1.67172 0.574315 0.091697
1.66406 0.565844 0.091179
1.65637 0.55743 0.090661
1.65811 0.552223 0.090661
1.65984 0.547011 0.090661
1.66145 0.542084 0.090661
1.67265 0.539929 0.091179
1.67434 0.534672 0.091179
1.65697 0.523393 0.090143
1.66813 0.521163 0.090661
1.66976 0.51592 0.090661
1.66182 0.507754 0.090143
1.67297 0.505419 0.090661
1.66498 0.497302 0.090143
1.66654 0.492069 0.090143
1.6584 0.484322 0.089625
1.65992 0.47911 0.089625
1.66141 0.473893 0.089625
1.65328 0.465962 0.089106
1.64512 0.458087 0.088588
1.64655 0.452916 0.088588
1.61905 0.439886 0.087034
1.65901 0.44515 0.089106
1.71824 0.455582 0.092215
1.66158 1.39522 0.037292
1.66596 1.39 0.037292
1.67032 1.38476 0.037292
1.66694 1.37314 0.03712
1.66351 1.36157 0.036949
1.66754 1.35663 0.036949
1.66402 1.3451 0.036777
1.66021 1.33389 0.036605
1.65681 1.32214 0.036433
1.66879 1.32314 0.036605
1.65723 1.30552 0.036261
1.66132 1.30031 0.036261
1.65751 1.28894 0.036089
1.66132 1.28402 0.036089
1.65742 1.2727 0.035918
1.66141 1.26749 0.035918
1.65742 1.25622 0.035746
1.66113 1.2513 0.035746
1.66506 1.24608 0.035746
1.66094 1.23487 0.035574
1.64873 1.21777 0.03523
1.67673 1.23033 0.035746
1.69674 1.23683 0.036089
1.7085 1.23766 0.036261
1.69615 1.22061 0.035918
1.70811 1.22109 0.036089
1.70379 1.20993 0.035918
1.70758 1.20457 0.035918
1.70317 1.19346 0.035746
1.7067 1.1884 0.035746
1.7022 1.17734 0.035574
1.71393 1.17795 0.035746
1.62717 1.10998 0.033855
1.67184 1.1332 0.034715
1.67539 1.12794 0.034715
1.67062 1.11712 0.034543
1.67412 1.11186 0.034543
1.66906 1.10138 0.034371
1.66415 1.09065 0.034199
1.66757 1.08542 0.034199
1.67097 1.08017 0.034199
1.67436 1.07492 0.034199
1.6693 1.06428 0.034027
1.67245 1.05932 0.034027
1.6673 1.04874 0.033855
1.67059 1.0435 0.033855
1.67386 1.03824 0.033855
1.66009 1.02249 0.033512
1.65476 1.01205 0.03334
1.69194 1.02791 0.034027
1.69516 1.02259 0.034027
1.69836 1.01725 0.034027
1.70155 1.01191 0.034027
1.70472 1.00656 0.034027
1.70787 1.0012 0.034027
1.71101 0.995832 0.034027
1.71413 0.990452 0.034027
1.70839 0.980385 0.033855
1.71146 0.975013 0.033855
1.71452 0.969632 0.033855
1.71755 0.964241 0.033855
1.69437 0.944238 0.03334
1.64484 0.909872 0.032309
1.66522 0.914325 0.032652
1.66808 0.90909 0.032652
1.67077 0.904136 0.032652
1.6736 0.898882 0.032652
1.67642 0.89362 0.032652
1.67038 0.883674 0.03248
1.66429 0.873774 0.032309
1.66703 0.868541 0.032309
1.66072 0.858997 0.032137
1.66341 0.853777 0.032137
1.66608 0.848546 0.032137
1.66874 0.843308 0.032137
1.67138 0.838061 0.032137
1.66506 0.828352 0.031965
1.66765 0.823118 0.031965
1.67023 0.817875 0.031965
1.66379 0.808255 0.031793
1.66633 0.803023 0.031793
1.68674 0.806704 0.032137
1.70733 0.809972 0.03248
1.70082 0.800347 0.032309
1.70333 0.795 0.032309
1.70568 0.789942 0.032309
1.70815 0.78458 0.032309
1.70151 0.775065 0.032137
1.70394 0.769716 0.032137
1.70635 0.764359 0.032137
1.70874 0.758994 0.032137
1.71098 0.753921 0.032137
1.70418 0.74454 0.031965
1.71569 0.743156 0.032137
1.71801 0.737762 0.032137
1.63753 0.697114 0.03059
1.68577 0.711403 0.031449
1.67877 0.702246 0.031277
1.68097 0.696968 0.031277
1.67378 0.688175 0.031106
1.66668 0.67914 0.030934
1.6688 0.673901 0.030934
1.67091 0.668655 0.030934
1.673 0.663402 0.030934
1.66577 0.654486 0.030762
1.67714 0.652877 0.030934
1.67918 0.647606 0.030934
1.67187 0.638759 0.030762
1.65516 0.626425 0.030418
1.67574 0.628533 0.030762
1.66833 0.619784 0.03059
1.67027 0.61454 0.03059
1.67219 0.60929 0.03059
1.66469 0.60064 0.030418
1.66657 0.595407 0.030418
1.66843 0.590169 0.030418
1.68915 0.591533 0.030762
1.6909 0.586519 0.030762
1.69274 0.581204 0.030762
1.68509 0.572665 0.03059
1.68688 0.56737 0.03059
1.68865 0.562067 0.03059
1.69041 0.55676 0.03059
1.69205 0.551741 0.03059
1.69378 0.546423 0.03059
1.69549 0.541099 0.03059
1.68764 0.53276 0.030418
1.68931 0.527456 0.030418
1.69096 0.522145 0.030418
1.68303 0.513911 0.030246
1.68463 0.508621 0.030246
1.66706 0.497606 0.029903
1.6878 0.498026 0.030246
1.67967 0.490215 0.030074
1.6812 0.484936 0.030074
1.68272 0.479652 0.030074
1.66497 0.468941 0.029731
1.64716 0.458348 0.029387
1.6486 0.453171 0.029387
1.63071 0.44275 0.029043
1.67073 0.447983 0.029731
