1.36835 1.16456 -0.480651
1.372 1.16025 -0.480651
1.36824 1.14972 -0.478067
1.37185 1.14542 -0.478067
1.36801 1.13493 -0.475483
1.37137 1.13087 -0.475483
1.38239 1.13268 -0.478067
1.38594 1.12833 -0.478067
1.38196 1.1179 -0.475483
1.38547 1.11355 -0.475483
1.39651 1.11522 -0.478067
1.41495 1.12308 -0.483235
1.41847 1.11863 -0.483235
1.42958 1.12013 -0.485819
1.44071 1.12156 -0.488403
1.45187 1.12294 -0.490987
1.44007 1.1066 -0.485819
1.44335 1.10233 -0.485819
1.44681 1.09779 -0.485819
1.45796 1.09905 -0.488403
1.45367 1.08867 -0.485819
1.45709 1.0841 -0.485819
1.47602 1.091 -0.490987
1.47166 1.08064 -0.488403
1.47504 1.07601 -0.488403
1.47041 1.06596 -0.485819
1.48943 1.07263 -0.490987
1.46922 1.05108 -0.483235
1.46464 1.04087 -0.480651
1.46001 1.03069 -0.478067
1.46324 1.0261 -0.478067
1.47421 1.02727 -0.480651
1.46948 1.01714 -0.478067
1.46471 1.00705 -0.475483
1.47584 1.00789 -0.478067
1.479 1.00324 -0.478067
1.48215 0.998593 -0.478067
1.48511 0.994191 -0.478067
1.49627 0.99487 -0.480651
1.49938 0.990164 -0.480651
1.50249 0.985449 -0.480651
1.49748 0.975451 -0.478067
1.50865 0.975989 -0.480651
1.51171 0.971245 -0.480651
1.50661 0.961294 -0.478067
1.51761 0.961992 -0.480651
1.52063 0.95722 -0.480651
1.52363 0.952437 -0.480651
1.53482 0.952741 -0.483235
1.56231 0.963394 -0.490987
1.56533 0.958482 -0.490987
1.56833 0.953559 -0.490987
1.57132 0.948627 -0.490987
1.566 0.93872 -0.488403
1.57725 0.938736 -0.490987
1.58002 0.934052 -0.490987
1.57462 0.924194 -0.488403
1.57752 0.919242 -0.488403
1.59712 0.923957 -0.493572
1.59164 0.914123 -0.490987
1.5945 0.909119 -0.490987
1.614 0.913904 -0.496156
1.60003 0.899361 -0.490987
1.61128 0.899037 -0.493572
1.58874 0.879929 -0.485819
1.57457 0.865626 -0.480651
1.59424 0.86993 -0.485819
1.58847 0.860317 -0.483235
1.59117 0.855322 -0.483235
1.59385 0.850319 -0.483235
1.59651 0.845308 -0.483235
1.59901 0.840567 -0.483235
1.59308 0.831071 -0.480651
1.60426 0.830503 -0.483235
1.61545 0.829874 -0.485819
1.61805 0.824795 -0.485819
1.62064 0.819708 -0.485819
1.61443 0.81056 -0.483235
1.62561 0.809792 -0.485819
1.62815 0.804682 -0.485819
1.63067 0.799562 -0.485819
1.64186 0.798661 -0.488403
1.63566 0.789301 -0.485819
1.64684 0.788329 -0.488403
1.64931 0.783152 -0.488403
1.67798 0.790315 -0.496156
1.69796 0.793217 -0.501324
1.70031 0.788175 -0.501324
1.70278 0.78283 -0.501324
1.69644 0.77347 -0.49874
1.71646 0.776096 -0.503908
1.71889 0.7707 -0.503908
1.70365 0.757446 -0.49874
1.71473 0.756287 -0.501324
1.72595 0.754767 -0.503908
1.72831 0.749341 -0.503908
1.72178 0.740093 -0.501324
1.73299 0.738466 -0.503908
1.7442 0.736778 -0.506492
1.7465 0.731295 -0.506492
1.69526 0.703586 -0.490987
1.70627 0.702229 -0.493572
1.71741 0.700514 -0.496156
1.72856 0.698735 -0.49874
1.71281 0.686117 -0.493572
1.71496 0.680733 -0.493572
1.73507 0.682414 -0.49874
1.7282 0.673451 -0.496156
1.73031 0.668019 -0.496156
1.72326 0.65943 -0.493572
1.74339 0.660861 -0.49874
1.74546 0.655381 -0.49874
1.73846 0.646526 -0.496156
1.74048 0.641062 -0.496156
1.76064 0.642212 -0.501324
1.76265 0.636677 -0.501324
1.75554 0.627882 -0.49874
1.7665 0.625898 -0.501324
1.76846 0.620345 -0.501324
1.8069 0.627463 -0.511661
1.818 0.624923 -0.514245
1.8291 0.622319 -0.516829
1.83105 0.616571 -0.516829
1.84214 0.613869 -0.519413
1.83488 0.605054 -0.516829
1.82749 0.596609 -0.514245
1.84774 0.596803 -0.519413
1.8404 0.588056 -0.516829
1.84224 0.58227 -0.516829
1.84406 0.57648 -0.516829
1.84586 0.570684 -0.516829
1.86612 0.570531 -0.521997
1.85866 0.561871 -0.519413
1.86967 0.558794 -0.521997
1.81583 0.536495 -0.506492
1.83596 0.536524 -0.511661
1.82835 0.528073 -0.509076
1.84858 0.52763 -0.514245
1.85023 0.521819 -0.514245
1.85186 0.516004 -0.514245
1.85347 0.510183 -0.514245
1.84574 0.501824 -0.511661
1.85664 0.498528 -0.514245
1.86745 0.495494 -0.516829
1.85965 0.487177 -0.514245
1.86117 0.481332 -0.514245
1.86268 0.475483 -0.514245
1.8829 0.474349 -0.519413
1.86563 0.46377 -0.514245
1.87646 0.460208 -0.516829
1.88728 0.456582 -0.519413
1.88871 0.450651 -0.519413
1.89012 0.444715 -0.519413
1.89143 0.439105 -0.519413
1.8928 0.433161 -0.519413
1.913 0.431463 -0.524581
1.90491 0.423355 -0.521997
1.90623 0.417369 -0.521997
1.90753 0.411378 -0.521997
1.91827 0.40739 -0.524581
1.38034 1.17435 -0.418529
1.37658 1.16371 -0.416279
1.37277 1.15312 -0.414029
1.38387 1.15504 -0.416279
1.37999 1.14447 -0.414029
1.38338 1.14037 -0.414029
1.38696 1.13602 -0.414029
1.39052 1.13165 -0.414029
1.38649 1.12116 -0.411779
1.3976 1.1229 -0.414029
1.39351 1.11242 -0.411779
1.3968 1.10828 -0.411779
1.41558 1.11595 -0.416279
1.41141 1.10549 -0.414029
1.42256 1.10704 -0.416279
1.42603 1.10256 -0.416279
1.42176 1.09214 -0.414029
1.425 1.08792 -0.414029
1.42841 1.08344 -0.414029
1.4318 1.07894 -0.414029
1.44299 1.08028 -0.416279
1.44637 1.07574 -0.416279
1.44191 1.0654 -0.414029
1.4531 1.06663 -0.416279
1.45645 1.06206 -0.416279
1.45959 1.05773 -0.416279
1.46291 1.05314 -0.416279
1.45828 1.04288 -0.414029
1.46155 1.03829 -0.414029
1.47277 1.03931 -0.416279
1.49198 1.04586 -0.420779
1.48708 1.03586 -0.418529
1.49835 1.03673 -0.420779
1.50159 1.03202 -0.420779
1.51288 1.03279 -0.423029
1.51611 1.02803 -0.423029
1.51934 1.02326 -0.423029
1.51427 1.01333 -0.420779
1.52556 1.01396 -0.423029
1.52874 1.00916 -0.423029
1.54005 1.0097 -0.42528
1.54321 1.00486 -0.42528
1.53818 0.994712 -0.423029
1.54949 0.995139 -0.42528
1.55261 0.990267 -0.42528
1.55554 0.985656 -0.42528
1.50915 0.949629 -0.411779
1.52039 0.950046 -0.414029
1.53993 0.955539 -0.418529
1.53446 0.945854 -0.416279
1.53743 0.941029 -0.416279
1.53205 0.931134 -0.414029
1.54331 0.93135 -0.416279
1.54623 0.926497 -0.416279
1.54076 0.916653 -0.414029
1.55186 0.917035 -0.416279
1.56313 0.917086 -0.418529
1.55759 0.907266 -0.416279
1.56043 0.902368 -0.416279
1.56326 0.897461 -0.416279
1.57454 0.897371 -0.418529
1.57719 0.892695 -0.418529
1.57999 0.887735 -0.418529
1.58277 0.882767 -0.418529
1.59406 0.88251 -0.420779
1.58828 0.872805 -0.418529
1.59102 0.867812 -0.418529
1.61087 0.872086 -0.423029
1.62219 0.871632 -0.42528
1.62492 0.866532 -0.42528
1.63624 0.865981 -0.42753
1.63018 0.856591 -0.42528
1.6415 0.85597 -0.42753
1.64418 0.850808 -0.42753
1.63818 0.841189 -0.42528
1.65818 0.844885 -0.42978
1.65213 0.835275 -0.42753
1.66331 0.83474 -0.42978
1.66592 0.829509 -0.42978
1.67726 0.828588 -0.43203
1.6711 0.819027 -0.42978
1.68243 0.818033 -0.43203
1.66744 0.804277 -0.42753
1.65238 0.790624 -0.423029
1.65486 0.78543 -0.423029
1.6485 0.776076 -0.420779
1.65976 0.775016 -0.423029
1.66205 0.770088 -0.423029
1.66446 0.764863 -0.423029
1.66686 0.75963 -0.423029
1.66923 0.75439 -0.423029
1.6716 0.749142 -0.423029
1.68284 0.747843 -0.42528
1.67614 0.738917 -0.423029
1.68738 0.73755 -0.42528
1.68969 0.732245 -0.42528
1.69198 0.726933 -0.42528
1.69426 0.721614 -0.42528
1.70549 0.720078 -0.42753
1.70775 0.714717 -0.42753
1.70998 0.709348 -0.42753
1.7301 0.711684 -0.43203
1.73233 0.706245 -0.43203
1.76164 0.71175 -0.438781
1.76387 0.706212 -0.438781
1.76608 0.700667 -0.438781
1.7592 0.69155 -0.43653
1.77045 0.689556 -0.438781
1.7817 0.687499 -0.441031
1.78373 0.68221 -0.441031
1.77675 0.67315 -0.438781
1.77886 0.667565 -0.438781
1.79008 0.665368 -0.441031
1.79216 0.659741 -0.441031
1.80338 0.657445 -0.443281
1.80543 0.651776 -0.443281
1.80747 0.6461 -0.443281
1.76346 0.624474 -0.43203
1.75622 0.615706 -0.42978
1.78576 0.61977 -0.43653
1.7877 0.614157 -0.43653
1.80807 0.614811 -0.441031
1.80075 0.606021 -0.438781
1.7934 0.597281 -0.43653
1.79527 0.591645 -0.43653
1.80628 0.589337 -0.438781
1.80812 0.58366 -0.438781
1.80067 0.575013 -0.43653
1.80246 0.569353 -0.43653
1.81354 0.566593 -0.438781
1.81532 0.560892 -0.438781
1.82639 0.558034 -0.441031
1.82813 0.552294 -0.441031
1.82986 0.546547 -0.441031
1.83157 0.540796 -0.441031
1.84251 0.538091 -0.443281
1.87228 0.540406 -0.450031
1.87397 0.534522 -0.450031
1.88502 0.531274 -0.452282
1.88668 0.52535 -0.452282
1.89771 0.522004 -0.454532
1.88994 0.513485 -0.452282
1.91978 0.515121 -0.459032
1.89304 0.501931 -0.452282
1.89461 0.495981 -0.452282
1.90559 0.492464 -0.454532
1.90713 0.486476 -0.454532
1.90865 0.480482 -0.454532
1.90069 0.472134 -0.452282
1.93056 0.473119 -0.459032
1.90362 0.460182 -0.452282
1.8861 0.449681 -0.447781
1.89699 0.445983 -0.450031
1.9078 0.442554 -0.452282
1.90918 0.436559 -0.452282
1.92005 0.4327 -0.454532
1.91188 0.424554 -0.452282
1.91321 0.418546 -0.452282
1.93356 0.416638 -0.456782
1.89674 0.402471 -0.447781
1.37565 1.16995 -0.352712
1.37183 1.15928 -0.350795
1.38298 1.16128 -0.352712
1.38662 1.15693 -0.352712
1.3978 1.15883 -0.354629
1.40123 1.15468 -0.354629
1.40486 1.15027 -0.354629
1.40085 1.13966 -0.352712
1.40442 1.13525 -0.352712
1.40798 1.13083 -0.352712
1.4192 1.13252 -0.354629
1.42255 1.12831 -0.354629
1.41838 1.11776 -0.352712
1.42189 1.1133 -0.352712
1.43312 1.11485 -0.354629
1.43662 1.11034 -0.354629
1.42453 1.09387 -0.350795
1.44337 1.10155 -0.354629
1.46247 1.10887 -0.358463
1.45811 1.09836 -0.356546
1.45369 1.0879 -0.354629
1.44923 1.07747 -0.352712
1.4605 1.07874 -0.354629
1.45597 1.06834 -0.352712
1.46725 1.06954 -0.354629
1.46247 1.05943 -0.352712
1.47375 1.06056 -0.354629
1.46111 1.04451 -0.350795
1.44038 1.02287 -0.345044
1.4917 1.05228 -0.356546
1.48696 1.04196 -0.354629
1.4981 1.04315 -0.356546
1.50137 1.03844 -0.356546
1.50463 1.03372 -0.356546
1.51597 1.03452 -0.358463
1.51922 1.02975 -0.358463
1.5143 1.01949 -0.356546
1.51732 1.01499 -0.356546
1.52868 1.01565 -0.358463
1.53186 1.01084 -0.358463
1.52682 1.00065 -0.356546
1.52996 0.995845 -0.356546
1.53308 0.991034 -0.356546
1.53618 0.986212 -0.356546
1.54755 0.986658 -0.358463
1.53389 0.971559 -0.354629
1.53693 0.966735 -0.354629
1.54829 0.967101 -0.356546
1.54298 0.957058 -0.354629
1.54581 0.952476 -0.354629
1.57391 0.962982 -0.36038
1.56015 0.947842 -0.356546
1.57152 0.948005 -0.358463
1.56608 0.938019 -0.356546
1.56902 0.933095 -0.356546
1.57178 0.928436 -0.356546
1.59162 0.933424 -0.36038
1.57758 0.918542 -0.356546
1.59745 0.923404 -0.36038
1.59183 0.913496 -0.358463
1.60322 0.913349 -0.36038
1.5803 0.89409 -0.354629
1.57454 0.884314 -0.352712
1.59446 0.888921 -0.356546
1.59724 0.883908 -0.356546
1.58281 0.869436 -0.352712
1.61138 0.878554 -0.358463
1.61413 0.873487 -0.358463
1.61687 0.868411 -0.358463
1.62825 0.867944 -0.36038
1.63097 0.862825 -0.36038
1.64221 0.862546 -0.362296
1.64491 0.857382 -0.362296
1.63888 0.847701 -0.36038
1.65027 0.847031 -0.362296
1.64417 0.837387 -0.36038
1.6468 0.832218 -0.36038
1.65803 0.831729 -0.362296
1.66942 0.830888 -0.364213
1.66322 0.821295 -0.362296
1.6658 0.816065 -0.362296
1.66835 0.810828 -0.362296
1.66205 0.80132 -0.36038
1.67341 0.80033 -0.362296
1.66705 0.790862 -0.36038
1.66065 0.781442 -0.358463
1.68088 0.784523 -0.362296
1.6832 0.779532 -0.362296
1.68564 0.77424 -0.362296
1.67914 0.764873 -0.36038
1.69942 0.767674 -0.364213
1.69287 0.75832 -0.362296
1.69524 0.752997 -0.362296
1.71543 0.755879 -0.36613
1.7178 0.750487 -0.36613
1.70213 0.737284 -0.362296
1.69542 0.72806 -0.36038
1.70673 0.726574 -0.362296
1.71805 0.725025 -0.364213
1.72937 0.723412 -0.36613
1.7135 0.710457 -0.362296
1.73376 0.712833 -0.36613
1.74508 0.711087 -0.368047
1.7564 0.709277 -0.369964
1.75862 0.703755 -0.369964
1.7517 0.694609 -0.368047
1.75388 0.689102 -0.368047
1.76518 0.687149 -0.369964
1.76733 0.681601 -0.369964
1.76934 0.676354 -0.369964
1.78064 0.674267 -0.371881
1.78275 0.66867 -0.371881
1.78484 0.663066 -0.371881
1.7777 0.654067 -0.369964
1.77975 0.648479 -0.369964
1.79101 0.646215 -0.371881
1.79303 0.640585 -0.371881
1.77642 0.628714 -0.368047
1.78765 0.626375 -0.369964
1.79888 0.623973 -0.371881
1.80083 0.618318 -0.371881
1.82135 0.618973 -0.375715
1.79538 0.603863 -0.369964
1.81589 0.604418 -0.373798
1.83642 0.604851 -0.377632
1.81022 0.590271 -0.371881
1.83074 0.590608 -0.375715
1.85129 0.590822 -0.379549
1.85314 0.585003 -0.379549
1.83623 0.573328 -0.375715
1.86615 0.576243 -0.381466
1.83979 0.561779 -0.375715
1.86974 0.564507 -0.381466
1.83388 0.547401 -0.373798
1.79794 0.530527 -0.36613
1.85604 0.541688 -0.377632
1.86716 0.538575 -0.379549
1.87828 0.535397 -0.381466
1.87995 0.529493 -0.381466
1.89106 0.526216 -0.383382
1.89271 0.520272 -0.383382
1.88486 0.511752 -0.381466
1.88646 0.505828 -0.381466
1.89744 0.502742 -0.383382
1.9085 0.499263 -0.385299
1.90056 0.49081 -0.383382
1.89258 0.482413 -0.381466
1.9036 0.478859 -0.383382
1.89557 0.470512 -0.381466
1.89704 0.464554 -0.381466
1.90803 0.460897 -0.383382
1.90947 0.4549 -0.383382
1.91089 0.4489 -0.383382
1.91221 0.443228 -0.383382
1.92317 0.439404 -0.385299
1.92454 0.43336 -0.385299
1.92589 0.427312 -0.385299
1.92722 0.42126 -0.385299
1.93813 0.417268 -0.387216
1.92023 0.407106 -0.383382
1.3694 1.16422 -0.2859
1.40323 1.1854 -0.292183
1.39182 1.16829 -0.289041
1.39548 1.16391 -0.289041
1.39913 1.15952 -0.289041
1.41019 1.16164 -0.290612
1.40619 1.15095 -0.289041
1.4098 1.14653 -0.289041
1.42107 1.1483 -0.290612
1.42467 1.14383 -0.290612
1.43598 1.14551 -0.292183
1.45485 1.15351 -0.295325
1.45071 1.14283 -0.293754
1.44651 1.13218 -0.292183
1.48125 1.15188 -0.298467
1.4536 1.12306 -0.292183
1.48846 1.14255 -0.298467
1.46828 1.12015 -0.293754
1.49541 1.13343 -0.298467
1.49107 1.12279 -0.296896
1.48669 1.11218 -0.295325
1.4981 1.1134 -0.296896
1.4857 1.09695 -0.293754
1.50506 1.10396 -0.296896
1.50054 1.09341 -0.295325
1.50378 1.08896 -0.295325
1.51521 1.08999 -0.296896
1.51059 1.07949 -0.295325
1.48982 1.05759 -0.290612
1.49313 1.0529 -0.290612
1.49643 1.0482 -0.290612
1.51575 1.05504 -0.293754
1.51093 1.04466 -0.292183
1.51421 1.03991 -0.292183
1.50931 1.02958 -0.290612
1.52071 1.03037 -0.292183
1.51575 1.02008 -0.290612
1.52698 1.02106 -0.292183
1.52195 1.0108 -0.290612
1.52512 1.00601 -0.290612
1.53653 1.00663 -0.292183
1.53969 1.0018 -0.292183
1.54283 0.996954 -0.292183
1.52933 0.981433 -0.289041
1.54906 0.98724 -0.292183
1.54364 0.977357 -0.290612
1.55506 0.977759 -0.292183
1.5665 0.978099 -0.293754
1.58635 0.983581 -0.296896
1.58086 0.973691 -0.295325
1.61761 0.989331 -0.301609
1.61227 0.979118 -0.300038
1.58151 0.953649 -0.293754
1.62686 0.974041 -0.301609
1.62142 0.963879 -0.300038
1.63278 0.964086 -0.301609
1.61876 0.948963 -0.298467
1.59613 0.928969 -0.293754
1.64179 0.948654 -0.301609
1.64477 0.943492 -0.301609
1.63056 0.928546 -0.298467
1.61611 0.913981 -0.295325
1.64481 0.923403 -0.300038
1.63908 0.913423 -0.298467
1.61601 0.893928 -0.293754
1.61881 0.888847 -0.293754
1.63027 0.888484 -0.295325
1.62437 0.878658 -0.293754
1.62712 0.87355 -0.293754
1.63857 0.873079 -0.295325
1.65004 0.872544 -0.296896
1.65262 0.867644 -0.296896
1.63782 0.853321 -0.293754
1.64049 0.848171 -0.293754
1.65193 0.847522 -0.295325
1.65459 0.842328 -0.295325
1.65723 0.837126 -0.295325
1.6597 0.832205 -0.295325
1.66231 0.826986 -0.295325
1.67376 0.826132 -0.296896
1.6586 0.812183 -0.293754
1.67003 0.811284 -0.295325
1.67257 0.806033 -0.295325
1.68401 0.805034 -0.296896
1.7133 0.812434 -0.301609
1.69797 0.798641 -0.298467
1.74522 0.814178 -0.306321
1.7297 0.800699 -0.303179
1.74118 0.799382 -0.30475
1.74369 0.793909 -0.30475
1.71917 0.776234 -0.300038
1.73962 0.7789 -0.303179
1.73304 0.769424 -0.301609
1.73531 0.764279 -0.301609
1.7377 0.758824 -0.301609
1.76727 0.765132 -0.306321
1.76059 0.75568 -0.30475
1.77204 0.754013 -0.306321
1.7653 0.744604 -0.30475
1.74941 0.731436 -0.301609
1.68783 0.699469 -0.290612
1.73558 0.713227 -0.298467
1.73781 0.707771 -0.298467
1.74918 0.706005 -0.300038
1.75139 0.700507 -0.300038
1.76276 0.698639 -0.301609
1.76495 0.693097 -0.301609
1.77632 0.691131 -0.303179
1.76927 0.681995 -0.301609
1.77129 0.676743 -0.301609
1.7734 0.671174 -0.301609
1.7755 0.665599 -0.301609
1.77759 0.660018 -0.301609
1.78892 0.657839 -0.303179
1.7817 0.648837 -0.301609
1.78373 0.643236 -0.301609
1.77644 0.634308 -0.300038
1.79693 0.635622 -0.303179
1.80824 0.633237 -0.30475
1.84755 0.640493 -0.311034
1.87757 0.644301 -0.315746
1.87024 0.635223 -0.314176
1.87222 0.629346 -0.314176
1.87419 0.62346 -0.314176
1.88552 0.620658 -0.315746
1.88735 0.61506 -0.315746
1.87988 0.606097 -0.314176
1.89118 0.60319 -0.315746
1.86481 0.588331 -0.311034
1.88551 0.588353 -0.314176
1.89678 0.585339 -0.315746
1.89861 0.579377 -0.315746
1.90988 0.576263 -0.317317
1.8549 0.553321 -0.307892
1.87557 0.553077 -0.311034
1.85824 0.54198 -0.307892
1.85994 0.536139 -0.307892
1.86161 0.530294 -0.307892
1.88228 0.529794 -0.311034
1.87442 0.521232 -0.309463
1.89509 0.520573 -0.312605
1.88719 0.512031 -0.311034
1.88879 0.5061 -0.311034
1.91892 0.508076 -0.315746
1.91095 0.499547 -0.314176
1.90295 0.491074 -0.312605
1.90448 0.485093 -0.312605
1.91558 0.481516 -0.314176
1.91708 0.475495 -0.314176
1.90897 0.467122 -0.312605
1.92963 0.465757 -0.315746
1.92148 0.457406 -0.314176
1.9229 0.451368 -0.314176
1.92423 0.44566 -0.314176
1.93525 0.44181 -0.315746
1.93663 0.435728 -0.315746
1.92835 0.427505 -0.314176
1.93933 0.423552 -0.315746
1.94065 0.417457 -0.315746
1.37251 1.15904 -0.221186
1.38375 1.16111 -0.222408
1.37215 1.14404 -0.219963
1.38338 1.14606 -0.221186
1.38677 1.14195 -0.221186
1.38267 1.1313 -0.219963
1.38622 1.12695 -0.219963
1.39747 1.12883 -0.221186
1.40875 1.13064 -0.222408
1.40454 1.12002 -0.221186
1.40785 1.11585 -0.221186
1.41135 1.11142 -0.221186
1.41484 1.10698 -0.221186
1.41831 1.10253 -0.221186
1.42962 1.10414 -0.222408
1.42521 1.0936 -0.221186
1.43634 1.09538 -0.222408
1.43977 1.09087 -0.222408
1.43526 1.08037 -0.221186
1.43865 1.07586 -0.221186
1.44999 1.07725 -0.222408
1.44538 1.06679 -0.221186
1.45673 1.06812 -0.222408
1.46008 1.06354 -0.222408
1.45519 1.05338 -0.221186
1.46655 1.0546 -0.222408
1.46178 1.04422 -0.221186
1.45696 1.03387 -0.219963
1.46831 1.03501 -0.221186
1.47968 1.03609 -0.222408
1.50719 1.0487 -0.226074
1.50231 1.03831 -0.224852
1.50557 1.03359 -0.224852
1.50061 1.02326 -0.22363
1.51203 1.02411 -0.224852
1.53171 1.03043 -0.227296
1.51826 1.01485 -0.224852
1.52971 1.01557 -0.226074
1.53289 1.01076 -0.226074
1.53606 1.00594 -0.226074
1.53921 1.00111 -0.226074
1.55069 1.00165 -0.227296
1.54547 0.991414 -0.226074
1.54858 0.986554 -0.226074
1.5515 0.981956 -0.226074
1.52937 0.961232 -0.222408
1.53238 0.956423 -0.222408
1.53538 0.951603 -0.222408
1.5551 0.957451 -0.224852
1.53269 0.93703 -0.221186
1.5526 0.942511 -0.22363
1.55555 0.937629 -0.22363
1.54997 0.92764 -0.222408
1.55288 0.922766 -0.222408
1.55561 0.918155 -0.222408
1.56705 0.918281 -0.22363
1.56993 0.913353 -0.22363
1.57279 0.908416 -0.22363
1.57564 0.903471 -0.22363
1.57847 0.898517 -0.22363
1.58113 0.89383 -0.22363
1.58393 0.888858 -0.22363
1.58671 0.883877 -0.22363
1.58079 0.874085 -0.222408
1.59223 0.873891 -0.22363
1.58625 0.864136 -0.222408
1.61515 0.87331 -0.226074
1.63538 0.877617 -0.228518
1.63813 0.872476 -0.228518
1.64086 0.867325 -0.228518
1.63464 0.857841 -0.227296
1.64613 0.857286 -0.228518
1.64881 0.852109 -0.228518
1.68681 0.865043 -0.233406
1.64529 0.837232 -0.227296
1.69221 0.854426 -0.233406
1.65037 0.827166 -0.227296
1.67074 0.830815 -0.22974
1.70894 0.843129 -0.234628
1.6581 0.811575 -0.227296
1.68742 0.819368 -0.230962
1.68105 0.809756 -0.22974
1.65672 0.791633 -0.226074
1.65919 0.786425 -0.226074
1.66166 0.781208 -0.226074
1.6731 0.780178 -0.227296
1.67541 0.775211 -0.227296
1.67783 0.769944 -0.227296
1.68024 0.764669 -0.227296
1.67359 0.755304 -0.226074
1.68501 0.754096 -0.227296
1.68738 0.748799 -0.227296
1.68959 0.743789 -0.227296
1.70101 0.742449 -0.228518
1.70334 0.7371 -0.228518
1.70565 0.731745 -0.228518
1.6988 0.722499 -0.227296
1.71021 0.721014 -0.228518
1.71247 0.715639 -0.228518
1.70554 0.706456 -0.227296
1.69844 0.697621 -0.226074
1.72821 0.703509 -0.22974
1.76722 0.712929 -0.234628
1.76945 0.707374 -0.234628
1.76244 0.698156 -0.233406
1.77386 0.696241 -0.234628
1.76679 0.687068 -0.233406
1.78747 0.688651 -0.23585
1.79877 0.686885 -0.237072
1.79164 0.677719 -0.23585
1.80305 0.675569 -0.237072
1.81447 0.673354 -0.238294
1.80726 0.664227 -0.237072
1.83732 0.66873 -0.240738
1.80206 0.649493 -0.23585
1.81344 0.647164 -0.237072
1.76857 0.625241 -0.230962
1.78926 0.626239 -0.233406
1.77246 0.614116 -0.230962
1.79316 0.614984 -0.233406
1.78568 0.606157 -0.232184
1.79699 0.603706 -0.233406
1.79887 0.598057 -0.233406
1.81017 0.595505 -0.234628
1.80249 0.587057 -0.233406
1.81378 0.584436 -0.234628
1.8156 0.578735 -0.234628
1.83634 0.578997 -0.237072
1.82868 0.570271 -0.23585
1.83046 0.564522 -0.23585
1.83223 0.558769 -0.23585
1.83397 0.553011 -0.23585
1.8357 0.547246 -0.23585
1.81837 0.535865 -0.233406
1.82948 0.533245 -0.234628
1.8693 0.538485 -0.239516
1.89007 0.538044 -0.24196
1.89175 0.532103 -0.24196
1.90298 0.528814 -0.243182
1.89506 0.520207 -0.24196
1.90626 0.516848 -0.243182
1.90787 0.510857 -0.243182
1.90938 0.505194 -0.243182
1.91096 0.499192 -0.243182
1.94135 0.500622 -0.246848
1.91406 0.487176 -0.243182
1.92521 0.483579 -0.244404
1.91708 0.47514 -0.243182
1.92821 0.471472 -0.244404
1.90073 0.458431 -0.240738
1.90216 0.452458 -0.240738
1.91324 0.448747 -0.24196
1.90489 0.44083 -0.240738
1.91594 0.43705 -0.24196
1.90762 0.428852 -0.240738
1.90896 0.422857 -0.240738
1.91028 0.416858 -0.240738
1.92129 0.41294 -0.24196
1.91286 0.404846 -0.240738
1.38164 1.17379 -0.160329
1.38532 1.16944 -0.160329
1.38135 1.15868 -0.159448
1.38499 1.15434 -0.159448
1.38093 1.14363 -0.158567
1.39201 1.14585 -0.159448
1.3956 1.14147 -0.159448
1.39918 1.13708 -0.159448
1.395 1.12643 -0.158567
1.39853 1.12204 -0.158567
1.40984 1.12385 -0.159448
1.40536 1.11347 -0.158567
1.41668 1.11521 -0.159448
1.41233 1.10462 -0.158567
1.42366 1.10629 -0.159448
1.42712 1.10181 -0.159448
1.43058 1.09732 -0.159448
1.43383 1.09308 -0.159448
1.4452 1.09458 -0.160329
1.44863 1.09003 -0.160329
1.44407 1.07951 -0.159448
1.45545 1.08091 -0.160329
1.45082 1.07042 -0.159448
1.45418 1.06586 -0.159448
1.45752 1.06128 -0.159448
1.46066 1.05695 -0.159448
1.46397 1.05236 -0.159448
1.47538 1.05354 -0.160329
1.47056 1.04314 -0.159448
1.46568 1.03278 -0.158567
1.48524 1.03959 -0.160329
1.4965 1.04087 -0.16121
1.49976 1.03616 -0.16121
1.48658 1.02017 -0.159448
1.50624 1.02672 -0.16121
1.50121 1.0164 -0.160329
1.5044 1.01168 -0.160329
1.51567 1.01274 -0.16121
1.51885 1.00797 -0.16121
1.52201 1.0032 -0.16121
1.53349 1.00387 -0.162091
1.53663 0.999045 -0.162091
1.52303 0.983406 -0.160329
1.52611 0.978616 -0.160329
1.53758 0.979167 -0.16121
1.54048 0.974601 -0.16121
1.55196 0.975056 -0.162091
1.53812 0.95963 -0.160329
1.54113 0.954793 -0.160329
1.54395 0.950216 -0.160329
1.53843 0.940167 -0.159448
1.54137 0.93533 -0.159448
1.55284 0.935623 -0.160329
1.55577 0.930739 -0.160329
1.55869 0.925848 -0.160329
1.57001 0.926281 -0.16121
1.56431 0.916309 -0.160329
1.57579 0.916398 -0.16121
1.58729 0.916423 -0.162091
1.58152 0.906479 -0.16121
1.5757 0.89658 -0.160329
1.58703 0.896801 -0.16121
1.58984 0.891811 -0.16121
1.59263 0.886811 -0.16121
1.59541 0.881804 -0.16121
1.59817 0.876788 -0.16121
1.58342 0.862235 -0.159448
1.59489 0.861992 -0.160329
1.60636 0.861686 -0.16121
1.60027 0.851954 -0.160329
1.60294 0.846923 -0.160329
1.61427 0.84679 -0.16121
1.60808 0.837115 -0.160329
1.62841 0.841202 -0.162091
1.62217 0.831539 -0.16121
1.63366 0.830955 -0.162091
1.62737 0.82133 -0.16121
1.6387 0.82096 -0.162091
1.64128 0.815807 -0.162091
1.64383 0.810648 -0.162091
1.63742 0.801102 -0.16121
1.64889 0.800302 -0.162091
1.6514 0.795119 -0.162091
1.66288 0.79422 -0.162972
1.65636 0.784728 -0.162091
1.65882 0.77952 -0.162091
1.66126 0.774304 -0.162091
1.67259 0.773553 -0.162972
1.67501 0.768295 -0.162972
1.68648 0.767154 -0.163853
1.68889 0.761852 -0.163853
1.70036 0.760609 -0.164734
1.70274 0.755264 -0.164734
1.69586 0.746197 -0.163853
1.70733 0.744849 -0.164734
1.70966 0.739481 -0.164734
1.73028 0.741957 -0.166495
1.71427 0.728724 -0.164734
1.71655 0.723335 -0.164734
1.71881 0.717939 -0.164734
1.72106 0.712536 -0.164734
1.71395 0.703642 -0.163853
1.71616 0.698255 -0.163853
1.72758 0.696585 -0.164734
1.72976 0.691155 -0.164734
1.73192 0.685717 -0.164734
1.72479 0.676634 -0.163853
1.7362 0.674821 -0.164734
1.73831 0.669364 -0.164734
1.74029 0.664203 -0.164734
1.74237 0.658732 -0.164734
1.75375 0.656748 -0.165615
1.75581 0.651236 -0.165615
1.75785 0.645717 -0.165615
1.76923 0.643597 -0.166495
1.77124 0.638035 -0.166495
1.76385 0.62912 -0.165615
1.7845 0.630522 -0.167376
1.77707 0.621623 -0.166495
1.77901 0.616038 -0.166495
1.79036 0.613675 -0.167376
1.81114 0.614448 -0.169138
1.80362 0.605585 -0.168257
1.81497 0.603057 -0.169138
1.80739 0.59424 -0.168257
1.80915 0.588875 -0.168257
1.82995 0.589296 -0.170019
1.8223 0.580521 -0.169138
1.83362 0.577786 -0.170019
1.83543 0.572022 -0.170019
1.82769 0.563319 -0.169138
1.83898 0.560479 -0.170019
1.8312 0.551825 -0.169138
1.84247 0.548913 -0.170019
1.84418 0.543122 -0.170019
1.84579 0.537648 -0.170019
1.84747 0.531847 -0.170019
1.84913 0.526041 -0.170019
1.86036 0.522924 -0.1709
1.8524 0.514411 -0.170019
1.87322 0.51386 -0.171781
1.86521 0.505368 -0.1709
1.86679 0.499506 -0.1709
1.86826 0.493964 -0.1709
1.87944 0.490608 -0.171781
1.89062 0.487187 -0.172662
1.89214 0.481245 -0.172662
1.89364 0.475299 -0.172662
1.89513 0.469347 -0.172662
1.89659 0.463391 -0.172662
1.89804 0.45743 -0.172662
1.89946 0.451466 -0.172662
1.91057 0.447769 -0.173543
1.9216 0.444342 -0.174424
1.91327 0.436089 -0.173543
1.92435 0.43226 -0.174424
1.91597 0.42406 -0.173543
1.9173 0.418039 -0.173543
1.9186 0.412013 -0.173543
1.39665 1.17859 -0.095944
1.39269 1.16778 -0.09542
1.39635 1.1634 -0.09542
1.39231 1.15264 -0.094895
1.40343 1.15485 -0.09542
1.40706 1.15043 -0.09542
1.39516 1.13341 -0.094371
1.40648 1.1353 -0.094895
1.40225 1.12462 -0.094371
1.39797 1.11399 -0.093847
1.40127 1.10984 -0.093847
1.44399 1.13631 -0.096468
1.47115 1.15022 -0.098041
1.4511 1.12721 -0.096468
1.47045 1.13485 -0.097517
1.48193 1.1363 -0.098041
1.47735 1.12585 -0.097517
1.47292 1.11517 -0.096992
1.48439 1.11654 -0.097517
1.49589 1.11785 -0.098041
1.49138 1.10719 -0.097517
1.50289 1.10843 -0.098041
1.49831 1.0978 -0.097517
1.50982 1.09897 -0.098041
1.51308 1.09448 -0.098041
1.5084 1.08389 -0.097517
1.51992 1.08495 -0.098041
1.48259 1.05129 -0.09542
1.49405 1.05238 -0.095944
1.48917 1.04195 -0.09542
1.49225 1.03753 -0.09542
1.49551 1.03284 -0.09542
1.49874 1.02813 -0.09542
1.49372 1.0178 -0.094895
1.48863 1.0075 -0.094371
1.50008 1.00839 -0.094895
1.51137 1.00948 -0.09542
1.51453 1.00473 -0.09542
1.50934 0.994473 -0.094895
1.52082 0.995195 -0.09542
1.53231 0.995854 -0.095944
1.51865 0.980204 -0.094895
1.52172 0.975428 -0.094895
1.5332 0.976005 -0.09542
1.53609 0.971452 -0.09542
1.53068 0.961311 -0.094895
1.54217 0.961781 -0.09542
1.5282 0.946415 -0.094371
1.59054 0.978506 -0.098041
1.60213 0.978711 -0.098565
1.60519 0.973673 -0.098565
1.60825 0.968625 -0.098565
1.61128 0.963567 -0.098565
1.6143 0.958501 -0.098565
1.61714 0.953707 -0.098565
1.62874 0.953668 -0.09909
1.63173 0.948546 -0.09909
1.6347 0.943415 -0.09909
1.63766 0.938275 -0.09909
1.6406 0.933125 -0.09909
1.64336 0.928254 -0.09909
1.64627 0.923086 -0.09909
1.64916 0.917909 -0.09909
1.65203 0.912724 -0.09909
1.61987 0.888323 -0.096992
1.61388 0.878455 -0.096468
1.62542 0.878127 -0.096992
1.61937 0.868297 -0.096468
1.62209 0.863206 -0.096468
1.63362 0.862769 -0.096992
1.62733 0.853281 -0.096468
1.63 0.848164 -0.096468
1.63266 0.843039 -0.096468
1.6353 0.837907 -0.096468
1.63792 0.832765 -0.096468
1.64053 0.827614 -0.096468
1.65191 0.827215 -0.096992
1.64556 0.817577 -0.096468
1.64812 0.812405 -0.096468
1.65963 0.81161 -0.096992
1.66218 0.806391 -0.096992
1.6557 0.796835 -0.096468
1.6582 0.79163 -0.096468
1.6697 0.790691 -0.096992
1.71737 0.806669 -0.099614
1.7199 0.80127 -0.099614
1.73133 0.800354 -0.100138
1.73384 0.794911 -0.100138
1.72723 0.785327 -0.099614
1.7479 0.788106 -0.100662
1.74125 0.778534 -0.100138
1.74369 0.77306 -0.100138
1.75512 0.771904 -0.100662
1.74838 0.762395 -0.100138
1.75993 0.760861 -0.100662
1.77149 0.759262 -0.101187
1.76468 0.749788 -0.100662
1.77623 0.748117 -0.101187
1.76014 0.734839 -0.100138
1.73476 0.71785 -0.098565
1.73688 0.712699 -0.098565
1.73911 0.707239 -0.098565
1.73206 0.69804 -0.098041
1.75279 0.700003 -0.09909
1.7457 0.690818 -0.098565
1.74786 0.685329 -0.098565
1.75 0.679835 -0.098565
1.75213 0.674335 -0.098565
1.76345 0.672692 -0.09909
1.76556 0.667149 -0.09909
1.76765 0.661598 -0.09909
1.76971 0.656042 -0.09909
1.76239 0.647038 -0.098565
1.7738 0.64491 -0.09909
1.78522 0.642717 -0.099614
1.77782 0.633752 -0.09909
1.77969 0.628475 -0.09909
1.77223 0.619585 -0.098565
1.82135 0.630344 -0.101187
1.86111 0.637564 -0.103284
1.85365 0.628508 -0.10276
1.87455 0.629036 -0.103808
1.87652 0.623143 -0.103808
1.86898 0.614127 -0.103284
1.88029 0.611668 -0.103808
1.89171 0.608818 -0.104332
1.89361 0.602872 -0.104332
1.8955 0.59692 -0.104332
1.9069 0.593931 -0.104857
1.89921 0.584998 -0.104332
1.91059 0.581939 -0.104857
1.92197 0.578814 -0.105381
1.91421 0.569923 -0.104857
1.85851 0.546989 -0.101711
1.86012 0.541472 -0.101711
1.86182 0.535626 -0.101711
1.86349 0.529775 -0.101711
1.87476 0.526618 -0.102235
1.86678 0.518055 -0.101711
1.87803 0.514828 -0.102235
1.87 0.506316 -0.101711
1.87158 0.500439 -0.101711
1.87306 0.494883 -0.101711
1.88427 0.491516 -0.102235
1.89547 0.488085 -0.10276
1.897 0.482128 -0.10276
1.8985 0.476167 -0.10276
1.89999 0.470199 -0.10276
1.90146 0.464227 -0.10276
1.91261 0.46059 -0.103284
1.90434 0.452272 -0.10276
1.91547 0.448564 -0.103284
1.92652 0.445127 -0.103808
1.91817 0.436854 -0.103284
1.92928 0.433014 -0.103808
1.93063 0.42695 -0.103808
1.91245 0.416632 -0.10276
1.93328 0.414811 -0.103808
1.41406 1.19244 -0.031793
1.39481 1.16873 -0.031277
1.40596 1.17098 -0.031449
1.40192 1.16018 -0.031277
1.41329 1.16212 -0.031449
1.40919 1.15135 -0.031277
1.42056 1.15322 -0.031449
1.41639 1.14248 -0.031277
1.41198 1.13201 -0.031106
1.43117 1.14003 -0.031449
1.4269 1.12933 -0.031277
1.42258 1.11866 -0.031106
1.43397 1.12034 -0.031277
1.42958 1.1097 -0.031106
1.44079 1.11156 -0.031277
1.44427 1.10703 -0.031277
1.44755 1.10274 -0.031277
1.451 1.09818 -0.031277
1.44665 1.08736 -0.031106
1.45006 1.08281 -0.031106
1.45345 1.07825 -0.031106
1.46488 1.07961 -0.031277
1.46001 1.06935 -0.031106
1.47953 1.07652 -0.031449
1.4748 1.06601 -0.031277
1.47814 1.06137 -0.031277
1.47333 1.05092 -0.031106
1.48478 1.05206 -0.031277
1.47972 1.0419 -0.031106
1.49938 1.0487 -0.031449
1.5273 1.06111 -0.031965
1.53885 1.06198 -0.032137
1.55043 1.06279 -0.032309
1.5455 1.05229 -0.032137
1.54861 1.0477 -0.032137
1.55189 1.04283 -0.032137
1.54685 1.0324 -0.031965
1.55008 1.02753 -0.031965
1.5533 1.02266 -0.031965
1.56488 1.02325 -0.032137
1.57647 1.02377 -0.032309
1.57127 1.01339 -0.032137
1.58269 1.01412 -0.032309
1.569 0.998408 -0.031965
1.58903 1.00416 -0.032309
1.59218 0.99916 -0.032309
1.56968 0.978563 -0.031793
1.56425 0.968363 -0.031621
1.55877 0.958208 -0.031449
1.56177 0.953307 -0.031449
1.56475 0.948395 -0.031449
1.56773 0.943475 -0.031449
1.56194 0.933689 -0.031277
1.56486 0.928778 -0.031277
1.57639 0.928933 -0.031449
1.5793 0.923976 -0.031449
1.59084 0.924032 -0.031621
1.58507 0.914035 -0.031449
1.59645 0.914297 -0.031621
1.59063 0.904336 -0.031449
1.60217 0.904248 -0.031621
1.605 0.89921 -0.031621
1.60782 0.894163 -0.031621
1.61062 0.889108 -0.031621
1.60463 0.87924 -0.031449
1.60739 0.874194 -0.031449
1.64532 0.888138 -0.032137
1.66573 0.892407 -0.03248
1.6772 0.892157 -0.032652
1.67999 0.886884 -0.032652
1.70048 0.890881 -0.032996
1.6944 0.880922 -0.032824
1.69716 0.875595 -0.032824
1.6999 0.87026 -0.032824
1.71139 0.869741 -0.032996
1.70519 0.859858 -0.032824
1.72576 0.863445 -0.033168
1.71056 0.849128 -0.032824
1.72219 0.848168 -0.032996
1.73382 0.847142 -0.033168
1.72748 0.837329 -0.032996
1.73911 0.836231 -0.033168
1.66954 0.796328 -0.031793
1.68107 0.795356 -0.031965
1.68342 0.790364 -0.031965
1.68589 0.785071 -0.031965
1.67928 0.775579 -0.031793
1.69079 0.774463 -0.031965
1.69322 0.769148 -0.031965
1.69563 0.763824 -0.031965
1.69789 0.758789 -0.031965
1.70026 0.753452 -0.031965
1.70262 0.748107 -0.031965
1.71413 0.746748 -0.032137
1.70729 0.737394 -0.031965
1.71879 0.735962 -0.032137
1.73029 0.734466 -0.032309
1.72338 0.725149 -0.032137
1.72552 0.720033 -0.032137
1.72777 0.714608 -0.032137
1.73926 0.712968 -0.032309
1.76002 0.715028 -0.032652
1.79936 0.724432 -0.03334
1.81091 0.72248 -0.033512
1.80387 0.713112 -0.03334
1.81542 0.711087 -0.033512
1.8082 0.702079 -0.03334
1.81973 0.699985 -0.033512
1.83126 0.697825 -0.033683
1.8428 0.695599 -0.033855
1.83561 0.686305 -0.033683
1.83775 0.680536 -0.033683
1.84927 0.678201 -0.033855
1.84199 0.668974 -0.033683
1.85338 0.666892 -0.033855
1.85546 0.661065 -0.033855
1.85753 0.655234 -0.033855
1.80294 0.629616 -0.032824
1.81436 0.627215 -0.032996
1.80686 0.618275 -0.032824
1.81827 0.615804 -0.032996
1.81071 0.606911 -0.032824
1.81251 0.601535 -0.032824
1.83339 0.602077 -0.033168
1.82576 0.593225 -0.032996
1.83713 0.590546 -0.033168
1.82945 0.581742 -0.032996
1.84081 0.578992 -0.033168
1.84262 0.573205 -0.033168
1.84441 0.567414 -0.033168
1.85575 0.564527 -0.03334
1.84794 0.555815 -0.033168
1.84958 0.550329 -0.033168
1.8513 0.544515 -0.033168
1.8626 0.541488 -0.03334
1.91234 0.549439 -0.034199
1.94291 0.551621 -0.034715
1.94464 0.545514 -0.034715
1.9367 0.536731 -0.034543
1.95767 0.535925 -0.034886
1.9496 0.527503 -0.034715
1.94159 0.518795 -0.034543
1.96254 0.517793 -0.034886
1.95448 0.509104 -0.034715
1.95607 0.502962 -0.034715
1.96733 0.499274 -0.034886
1.97859 0.49552 -0.035058
1.96073 0.484505 -0.034715
1.97195 0.48071 -0.034886
1.92485 0.462825 -0.034027
1.92621 0.457112 -0.034027
1.92764 0.451058 -0.034027
1.92904 0.445001 -0.034027
1.93043 0.438938 -0.034027
1.94156 0.435058 -0.034199
1.94292 0.428956 -0.034199
1.93448 0.420725 -0.034027
1.36633 1.15178 0.478588
1.32551 1.11027 0.463066
1.35107 1.12487 0.470827
1.3546 1.12062 0.470827
1.35065 1.11022 0.46824
1.34665 1.09987 0.465653
1.3576 1.10172 0.46824
1.35353 1.09138 0.465653
1.3643 1.0934 0.46824
1.36017 1.08309 0.465653
1.37115 1.08481 0.46824
1.37455 1.0805 0.46824
1.37793 1.07617 0.46824
1.37368 1.06592 0.465653
1.37683 1.06184 0.465653
1.38016 1.05751 0.465653
1.39098 1.05926 0.46824
1.3866 1.04905 0.465653
1.39007 1.04445 0.465653
1.39334 1.04008 0.465653
1.40436 1.04145 0.46824
1.39985 1.0313 0.465653
1.4029 1.02715 0.465653
1.40612 1.02273 0.465653
1.40933 1.01831 0.465653
1.41252 1.01388 0.465653
1.42357 1.01504 0.46824
1.41098 0.9994 0.463066
1.42184 1.00077 0.465653
1.42498 0.996297 0.465653
1.4281 0.991816 0.465653
1.43121 0.987325 0.465653
1.4343 0.982823 0.465653
1.43738 0.978313 0.465653
1.44028 0.974044 0.465653
1.45135 0.9749 0.46824
1.44637 0.964975 0.465653
1.4494 0.960426 0.465653
1.44434 0.950558 0.463066
1.4554 0.951301 0.465653
1.45838 0.946723 0.465653
1.47759 0.952605 0.470827
1.47227 0.943007 0.46824
1.49968 0.95393 0.476001
1.47 0.928579 0.465653
1.47291 0.923956 0.465653
1.48385 0.924691 0.46824
1.48674 0.920024 0.46824
1.48963 0.915349 0.46824
1.49249 0.910665 0.46824
1.49535 0.905972 0.46824
1.50646 0.906249 0.470827
1.50915 0.901775 0.470827
1.51197 0.89703 0.470827
1.54807 0.911886 0.481174
1.55093 0.907018 0.481174
1.57048 0.911841 0.486348
1.62769 0.826845 0.488935
1.62165 0.81738 0.486348
1.62421 0.812281 0.486348
1.58349 0.785708 0.473414
1.62928 0.802061 0.486348
1.62311 0.792699 0.483761
1.59952 0.77496 0.476001
1.38582 1.1678 0.418744
1.32972 1.1134 0.400734
1.36297 1.13438 0.409739
1.37404 1.1363 0.41199
1.3776 1.13198 0.41199
1.38115 1.12765 0.41199
1.38469 1.1233 0.41199
1.38062 1.11283 0.409739
1.39152 1.11482 0.41199
1.39502 1.11044 0.41199
1.3985 1.10606 0.41199
1.40197 1.10166 0.41199
1.40542 1.09725 0.41199
1.40886 1.09283 0.41199
1.4121 1.08864 0.41199
1.40778 1.07827 0.409739
1.41872 1.08 0.41199
1.42211 1.07553 0.41199
1.42567 1.07081 0.41199
1.42122 1.0605 0.409739
1.41671 1.05023 0.407488
1.4357 1.05733 0.41199
1.43883 1.05306 0.41199
1.44213 1.04854 0.41199
1.44542 1.044 0.41199
1.44077 1.03377 0.409739
1.45195 1.0349 0.41199
1.45519 1.03033 0.41199
1.45824 1.02601 0.41199
1.46146 1.02142 0.41199
1.46466 1.01683 0.41199
1.46785 1.01222 0.41199
1.47102 1.0076 0.41199
1.48223 1.00846 0.414242
1.48522 1.00406 0.414242
1.48028 0.993954 0.41199
1.48339 0.989299 0.41199
1.48649 0.984634 0.41199
1.48958 0.979959 0.41199
1.49265 0.975275 0.41199
1.49571 0.970581 0.41199
1.49875 0.965877 0.41199
1.50161 0.961426 0.41199
1.4964 0.951476 0.409739
1.49938 0.94677 0.409739
1.5106 0.947231 0.41199
1.5134 0.942745 0.41199
1.51636 0.937985 0.41199
1.5276 0.938317 0.414242
1.53054 0.933514 0.414242
1.53347 0.9287 0.414242
1.52803 0.918857 0.41199
1.53911 0.919315 0.414242
1.54199 0.914476 0.414242
1.54486 0.909627 0.414242
1.54771 0.904769 0.414242
1.55054 0.899903 0.414242
1.55336 0.895027 0.414242
1.55601 0.890414 0.414242
1.5588 0.885522 0.414242
1.56157 0.88062 0.414242
1.56433 0.87571 0.414242
1.56708 0.87079 0.414242
1.5698 0.865863 0.414242
1.57252 0.860928 0.414242
1.57521 0.855983 0.414242
1.58647 0.855655 0.416493
1.58915 0.850667 0.416493
1.59167 0.845949 0.416493
1.59432 0.840944 0.416493
1.59695 0.835931 0.416493
1.60822 0.835401 0.418744
1.60217 0.82588 0.416493
1.60476 0.820844 0.416493
1.60719 0.816078 0.416493
1.60974 0.811025 0.416493
1.621 0.81032 0.418744
1.61481 0.800895 0.416493
1.62606 0.800119 0.418744
1.61981 0.790733 0.416493
1.63105 0.789887 0.418744
1.63353 0.784759 0.418744
1.63598 0.779623 0.418744
1.63842 0.77448 0.418744
1.64072 0.769615 0.418744
1.65196 0.768566 0.420996
1.65436 0.763373 0.420996
1.65675 0.758172 0.420996
1.65913 0.752963 0.420996
1.66149 0.747748 0.420996
1.67259 0.746786 0.423247
1.66602 0.737584 0.420996
1.66833 0.732347 0.420996
1.67062 0.727101 0.420996
1.6729 0.72185 0.420996
1.67516 0.71659 0.420996
1.68637 0.715128 0.423247
1.68861 0.709827 0.423247
1.69071 0.704813 0.423247
1.69292 0.699499 0.423247
1.6951 0.694176 0.423247
1.69728 0.688848 0.423247
1.70847 0.687148 0.425498
1.71062 0.681777 0.425498
1.71276 0.6764 0.425498
1.72395 0.674566 0.427749
1.72594 0.669448 0.427749
1.72803 0.664023 0.427749
1.73011 0.65859 0.427749
1.72306 0.649714 0.425498
1.73422 0.647707 0.427749
1.73624 0.642256 0.427749
1.73825 0.636798 0.427749
1.7494 0.634656 0.430001
1.75128 0.629463 0.430001
1.74407 0.620691 0.427749
1.7552 0.618448 0.430001
1.75713 0.61293 0.430001
1.75905 0.607407 0.430001
1.76095 0.601878 0.430001
1.76283 0.596343 0.430001
1.77393 0.593895 0.432252
1.78494 0.591695 0.434503
1.77753 0.583047 0.432252
1.77935 0.57746 0.432252
1.78116 0.571868 0.432252
1.79223 0.569219 0.434503
1.80331 0.566505 0.436755
1.79577 0.557946 0.434503
1.80683 0.555163 0.436755
1.80857 0.549485 0.436755
1.81028 0.5438 0.436755
1.82123 0.541202 0.439006
1.82292 0.535477 0.439006
1.82459 0.529748 0.439006
1.82625 0.524014 0.439006
1.83726 0.520931 0.441257
1.8295 0.512528 0.439006
1.8405 0.509377 0.441257
1.84209 0.503592 0.441257
1.85298 0.500666 0.443509
1.84513 0.49233 0.441257
1.85609 0.489014 0.443509
1.85762 0.48318 0.443509
1.86856 0.479765 0.44576
1.85117 0.469106 0.441257
1.86209 0.465651 0.443509
1.86354 0.459799 0.443509
1.86498 0.453942 0.443509
1.86639 0.448081 0.443509
1.8772 0.444788 0.44576
1.87858 0.438888 0.44576
1.87995 0.432985 0.44576
1.89081 0.429233 0.448011
1.89214 0.423292 0.448011
1.88395 0.415248 0.44576
1.85668 0.403125 0.439006
1.85794 0.39729 0.439006
1.51251 1.28225 0.385424
1.45647 1.2269 0.370159
1.43021 1.19711 0.362527
1.43396 1.19261 0.362527
1.43749 1.18835 0.362527
1.44122 1.18383 0.362527
1.45254 1.18551 0.364435
1.44863 1.17475 0.362527
1.44467 1.16404 0.360619
1.45598 1.16563 0.362527
1.45175 1.15519 0.360619
1.46308 1.15671 0.362527
1.4667 1.15211 0.362527
1.47805 1.15354 0.364435
1.46616 1.13686 0.360619
1.4775 1.13823 0.362527
1.47307 1.12788 0.360619
1.48442 1.12919 0.362527
1.47994 1.11886 0.360619
1.49149 1.11984 0.362527
1.495 1.11515 0.362527
1.49849 1.11045 0.362527
1.50197 1.10573 0.362527
1.50544 1.10101 0.362527
1.5087 1.09654 0.362527
1.50418 1.08605 0.360619
1.52354 1.09276 0.364435
1.51097 1.07657 0.360619
1.52236 1.07749 0.362527
1.52574 1.07271 0.362527
1.52087 1.06255 0.360619
1.53226 1.06336 0.362527
1.52751 1.05298 0.360619
1.53891 1.05372 0.362527
1.5341 1.04336 0.360619
1.5455 1.04403 0.362527
1.54859 1.03944 0.362527
1.55185 1.03457 0.362527
1.5551 1.02969 0.362527
1.55832 1.0248 0.362527
1.56153 1.01989 0.362527
1.56473 1.01498 0.362527
1.56791 1.01006 0.362527
1.57935 1.01042 0.364435
1.57405 1.00047 0.362527
1.57719 0.995517 0.362527
1.58031 0.990556 0.362527
1.58341 0.985587 0.362527
1.59468 0.986047 0.364435
1.5894 0.975896 0.362527
1.59246 0.970898 0.362527
1.5955 0.96589 0.362527
1.59853 0.960873 0.362527
1.60154 0.955846 0.362527
1.61281 0.956096 0.364435
1.61581 0.951025 0.364435
1.61879 0.945944 0.364435
1.62175 0.940854 0.364435
1.63321 0.940653 0.366343
1.62763 0.930645 0.364435
1.63039 0.925812 0.364435
1.63329 0.920685 0.364435
1.64474 0.920343 0.366343
1.63904 0.910405 0.364435
1.64189 0.905251 0.364435
1.64473 0.900089 0.364435
1.65617 0.899602 0.366343
1.65035 0.889737 0.364435
1.66179 0.889179 0.366343
1.66458 0.883954 0.366343
1.66719 0.879011 0.366343
1.67864 0.87832 0.368251
1.67268 0.868519 0.366343
1.6754 0.863259 0.366343
1.67811 0.857992 0.366343
1.68955 0.857157 0.368251
1.69208 0.85214 0.368251
1.68597 0.842432 0.366343
1.6974 0.841492 0.368251
1.70004 0.836155 0.368251
1.70266 0.83081 0.368251
1.70526 0.825456 0.368251
1.70784 0.820095 0.368251
1.71041 0.814726 0.368251
1.71296 0.809348 0.368251
1.7155 0.803963 0.368251
1.71788 0.798869 0.368251
1.72038 0.793469 0.368251
1.72286 0.788061 0.368251
1.72533 0.782644 0.368251
1.73673 0.781247 0.370159
1.73918 0.775786 0.370159
1.75045 0.774595 0.372067
1.73489 0.761205 0.368251
1.75528 0.763582 0.372067
1.74866 0.754176 0.370159
1.75102 0.748679 0.370159
1.7624 0.747005 0.372067
1.75569 0.737662 0.370159
1.76706 0.735917 0.372067
1.76923 0.730671 0.372067
1.7806 0.728827 0.373976
1.77379 0.71954 0.372067
1.77604 0.713964 0.372067
1.7874 0.712013 0.373976
1.79875 0.709999 0.375884
1.80097 0.704344 0.375884
1.79403 0.695136 0.373976
1.79608 0.68981 0.373976
1.80741 0.687655 0.375884
1.81875 0.685435 0.377792
1.8117 0.676285 0.375884
1.81381 0.670591 0.375884
1.82513 0.668264 0.377792
1.80876 0.655834 0.373976
1.82929 0.656783 0.377792
1.83123 0.651352 0.377792
1.84253 0.648858 0.3797
1.83529 0.639834 0.377792
1.83729 0.634064 0.377792
1.84856 0.631463 0.3797
1.85054 0.625653 0.3797
1.8618 0.62295 0.381608
1.86375 0.617098 0.381608
1.86557 0.611565 0.381608
1.86749 0.605702 0.381608
1.86938 0.599832 0.381608
1.88061 0.596926 0.383516
1.88248 0.591015 0.383516
1.8937 0.588009 0.385424
1.88615 0.579175 0.383516
1.89736 0.576099 0.385424
1.89916 0.570135 0.385424
1.91035 0.566959 0.387332
1.9026 0.558523 0.385424
1.91378 0.555279 0.387332
1.90608 0.546559 0.385424
1.91723 0.543243 0.387332
1.91892 0.537218 0.387332
1.93006 0.533803 0.38924
1.92226 0.52515 0.387332
1.93338 0.521666 0.38924
1.93492 0.515927 0.38924
1.94602 0.512345 0.391148
1.94762 0.506229 0.391148
1.9492 0.500108 0.391148
1.95077 0.493982 0.391148
1.95231 0.487851 0.391148
1.95383 0.481715 0.391148
1.96487 0.477894 0.393056
1.96636 0.471719 0.393056
1.96784 0.46554 0.393056
1.96921 0.459698 0.393056
1.98021 0.455712 0.394964
1.98163 0.449488 0.394964
1.98303 0.443261 0.394964
1.98442 0.437029 0.394964
1.98578 0.430792 0.394964
1.96792 0.42045 0.391148
1.41657 1.20049 0.294194
1.40523 1.18331 0.291064
1.41651 1.18523 0.292629
1.42782 1.18709 0.294194
1.43895 1.18914 0.295759
1.43505 1.17834 0.294194
1.43874 1.17383 0.294194
1.44242 1.1693 0.294194
1.44609 1.16477 0.294194
1.45745 1.16639 0.295759
1.44545 1.14976 0.292629
1.4568 1.15134 0.294194
1.46041 1.14676 0.294194
1.46401 1.14216 0.294194
1.45978 1.13151 0.292629
1.47115 1.13294 0.294194
1.47451 1.12857 0.294194
1.48591 1.12991 0.295759
1.4735 1.11359 0.292629
1.47718 1.1087 0.292629
1.48857 1.10995 0.294194
1.49205 1.10527 0.294194
1.49552 1.10058 0.294194
1.49897 1.09588 0.294194
1.50221 1.09142 0.294194
1.50564 1.0867 0.294194
1.50904 1.08196 0.294194
1.50439 1.07149 0.292629
1.51581 1.07246 0.294194
1.51917 1.06769 0.294194
1.53043 1.06884 0.295759
1.52567 1.05839 0.294194
1.52898 1.05359 0.294194
1.53229 1.04878 0.294194
1.53557 1.04397 0.294194
1.53884 1.03914 0.294194
1.54192 1.03457 0.294194
1.54516 1.02972 0.294194
1.55663 1.03031 0.295759
1.55986 1.02541 0.295759
1.56307 1.02051 0.295759
1.56627 1.01559 0.295759
1.56115 1.00532 0.294194
1.5643 1.00041 0.294194
1.5756 1.00106 0.295759
1.57873 0.996107 0.295759
1.57349 0.985898 0.294194
1.56819 0.975732 0.292629
1.57948 0.976267 0.294194
1.58254 0.971301 0.294194
1.58558 0.966324 0.294194
1.58861 0.961338 0.294194
1.60009 0.96143 0.295759
1.6031 0.956398 0.295759
1.60593 0.951637 0.295759
1.6004 0.941579 0.294194
1.62041 0.94651 0.297324
1.61483 0.93646 0.295759
1.62632 0.93631 0.297324
1.62926 0.931196 0.297324
1.63201 0.926358 0.297324
1.62631 0.916377 0.295759
1.6378 0.916086 0.297324
1.64067 0.910935 0.297324
1.63487 0.90101 0.295759
1.63769 0.895869 0.295759
1.6405 0.890719 0.295759
1.64329 0.885562 0.295759
1.65478 0.885052 0.297324
1.64882 0.875219 0.295759
1.66015 0.874928 0.297324
1.66289 0.869708 0.297324
1.66561 0.86448 0.297324
1.66832 0.859242 0.297324
1.67101 0.853997 0.297324
1.6825 0.853211 0.298889
1.6762 0.843773 0.297324
1.68768 0.842917 0.298889
1.69917 0.841996 0.300453
1.69294 0.832296 0.298889
1.69555 0.826974 0.298889
1.70703 0.825944 0.300453
1.70071 0.816304 0.298889
1.70327 0.810957 0.298889
1.69687 0.801384 0.297324
1.70833 0.800239 0.298889
1.71965 0.79933 0.300453
1.72215 0.793924 0.300453
1.71566 0.784403 0.298889
1.72711 0.783087 0.300453
1.73857 0.781708 0.302018
1.74101 0.776242 0.302018
1.73428 0.767078 0.300453
1.73668 0.761626 0.300453
1.74812 0.760104 0.302018
1.7505 0.754609 0.302018
1.76194 0.752987 0.303583
1.75521 0.743595 0.302018
1.75753 0.738078 0.302018
1.76896 0.736348 0.303583
1.77114 0.731096 0.303583
1.77343 0.725528 0.303583
1.78485 0.723664 0.305148
1.78712 0.718054 0.305148
1.78936 0.712436 0.305148
1.78241 0.703186 0.303583
1.7938 0.701178 0.305148
1.796 0.69554 0.305148
1.79805 0.690208 0.305148
1.80945 0.688066 0.306713
1.8116 0.682379 0.306713
1.81373 0.676683 0.306713
1.80658 0.66756 0.305148
1.82722 0.668669 0.308278
1.82003 0.65956 0.306713
1.83139 0.657175 0.308278
1.83333 0.651738 0.308278
1.83537 0.645975 0.308278
1.84672 0.643456 0.309843
1.83939 0.634431 0.308278
1.84138 0.628649 0.308278
1.8527 0.626023 0.309843
1.85466 0.620199 0.309843
1.84722 0.611267 0.308278
1.85841 0.608858 0.309843
1.86031 0.603017 0.309843
1.8716 0.600186 0.311408
1.87348 0.594303 0.311408
1.87534 0.588415 0.311408
1.88661 0.585447 0.312972
1.88844 0.579517 0.312972
1.89025 0.573582 0.312972
1.9015 0.570479 0.314537
1.90329 0.564502 0.314537
1.89548 0.556072 0.312972
1.89721 0.550115 0.312972
1.89893 0.544152 0.312972
1.91014 0.540874 0.314537
1.91183 0.534871 0.314537
1.92302 0.531493 0.316102
1.92468 0.525449 0.316102
1.92632 0.5194 0.316102
1.93739 0.516225 0.317667
1.93901 0.510136 0.317667
1.95016 0.506525 0.319232
1.94217 0.497943 0.317667
1.94373 0.491839 0.317667
1.95485 0.488123 0.319232
1.95637 0.481979 0.319232
1.94828 0.473498 0.317667
1.96897 0.47198 0.320797
1.96083 0.46352 0.319232
1.97181 0.459943 0.320797
1.97325 0.453747 0.320797
1.97466 0.447545 0.320797
1.97606 0.44134 0.320797
1.96779 0.433007 0.319232
1.96914 0.426822 0.319232
1.42386 1.20624 0.228017
1.40486 1.18259 0.224378
1.43903 1.20364 0.22923
1.42754 1.18642 0.226804
1.4387 1.18851 0.228017
1.44243 1.18398 0.228017
1.44614 1.17944 0.228017
1.44213 1.16865 0.226804
1.45352 1.17033 0.228017
1.45719 1.16576 0.228017
1.46064 1.16143 0.228017
1.46429 1.15684 0.228017
1.46791 1.15223 0.228017
1.4637 1.14151 0.226804
1.47512 1.14299 0.228017
1.47871 1.13835 0.228017
1.48208 1.13395 0.228017
1.47773 1.12329 0.226804
1.48106 1.1189 0.226804
1.48476 1.11398 0.226804
1.49621 1.11524 0.228017
1.49173 1.10463 0.226804
1.50319 1.10582 0.228017
1.49864 1.09523 0.226804
1.50188 1.09078 0.226804
1.51335 1.09187 0.228017
1.51678 1.08711 0.228017
1.5121 1.07658 0.226804
1.52358 1.07755 0.228017
1.51071 1.06135 0.225591
1.51385 1.05686 0.225591
1.51716 1.0521 0.225591
1.53681 1.05859 0.228017
1.52375 1.04255 0.225591
1.53522 1.04334 0.226804
1.53027 1.03296 0.225591
1.54157 1.03394 0.226804
1.53655 1.02359 0.225591
1.54803 1.02423 0.226804
1.55124 1.01936 0.226804
1.55444 1.01449 0.226804
1.56595 1.015 0.228017
1.55244 0.999327 0.225591
1.56393 0.99979 0.226804
1.57527 1.00047 0.228017
1.57001 0.990219 0.226804
1.58994 0.995819 0.22923
1.58463 0.985577 0.228017
1.60443 0.991305 0.230443
1.59908 0.98107 0.22923
1.60215 0.976041 0.22923
1.60521 0.971003 0.22923
1.60826 0.965955 0.22923
1.61128 0.960898 0.22923
1.61413 0.956113 0.22923
1.61712 0.951038 0.22923
1.61153 0.940947 0.228017
1.63165 0.945836 0.230443
1.62601 0.935754 0.22923
1.63756 0.935565 0.230443
1.6317 0.925804 0.22923
1.64325 0.925545 0.230443
1.63748 0.915534 0.22923
1.64035 0.910384 0.22923
1.6519 0.910017 0.230443
1.65475 0.904823 0.230443
1.64014 0.89015 0.228017
1.63418 0.880286 0.226804
1.6632 0.889187 0.230443
1.65722 0.879305 0.22923
1.65982 0.874384 0.22923
1.67136 0.873764 0.230443
1.65647 0.859367 0.228017
1.65916 0.854158 0.228017
1.66184 0.848942 0.228017
1.6822 0.852693 0.230443
1.67586 0.843236 0.22923
1.68738 0.842401 0.230443
1.69002 0.837096 0.230443
1.69264 0.831782 0.230443
1.68632 0.822111 0.22923
1.6889 0.816809 0.22923
1.70935 0.820086 0.231655
1.71192 0.814713 0.231655
1.72345 0.813567 0.232868
1.726 0.808149 0.232868
1.73739 0.807206 0.234081
1.73992 0.801745 0.234081
1.74243 0.796275 0.234081
1.74492 0.790796 0.234081
1.73834 0.781242 0.232868
1.74079 0.775777 0.232868
1.75216 0.774622 0.234081
1.75459 0.769114 0.234081
1.75699 0.763597 0.234081
1.75938 0.758074 0.234081
1.76176 0.752543 0.234081
1.77325 0.750875 0.235294
1.7756 0.745301 0.235294
1.77794 0.739719 0.235294
1.78012 0.73444 0.235294
1.77323 0.725087 0.234081
1.7847 0.723241 0.235294
1.76854 0.710233 0.232868
1.78921 0.712013 0.235294
1.80067 0.71003 0.236507
1.7844 0.697145 0.234081
1.8051 0.698702 0.236507
1.81643 0.696899 0.23772
1.79078 0.680609 0.234081
1.7929 0.67498 0.234081
1.81362 0.67628 0.236507
1.80642 0.667141 0.235294
1.81783 0.664872 0.236507
1.81058 0.655777 0.235294
1.84066 0.660139 0.238932
1.81455 0.644705 0.235294
1.78848 0.62912 0.231655
1.83731 0.63982 0.23772
1.85808 0.640514 0.240145
1.85069 0.631469 0.238932
1.85267 0.625652 0.238932
1.85462 0.619828 0.238932
1.85656 0.613999 0.238932
1.85837 0.608487 0.238932
1.86972 0.605705 0.240145
1.86216 0.596799 0.238932
1.87349 0.593945 0.240145
1.87534 0.588057 0.240145
1.87718 0.582162 0.240145
1.88849 0.579173 0.241358
1.8808 0.570357 0.240145
1.89209 0.567295 0.241358
1.89387 0.561349 0.241358
1.87647 0.550141 0.238932
1.89726 0.549769 0.241358
1.89898 0.543806 0.241358
1.89113 0.535135 0.240145
1.90236 0.531864 0.241358
1.91359 0.528527 0.242571
1.90566 0.519901 0.241358
1.8977 0.511329 0.240145
1.9088 0.50825 0.241358
1.92959 0.507299 0.243784
1.92157 0.49874 0.242571
1.94236 0.497628 0.244997
1.92466 0.486657 0.242571
1.95507 0.487817 0.24621
1.94696 0.4793 0.244997
1.92916 0.468496 0.242571
1.95958 0.46937 0.24621
1.96105 0.463211 0.24621
1.97208 0.459643 0.247422
1.97352 0.453446 0.247422
1.97493 0.447243 0.247422
1.97633 0.441037 0.247422
1.9777 0.434826 0.247422
1.97906 0.428611 0.247422
1.41021 1.18667 0.160115
1.4445 1.20779 0.163577
1.44063 1.19688 0.162712
1.44417 1.1926 0.162712
1.45561 1.19438 0.163577
1.44391 1.17721 0.161846
1.45535 1.17894 0.162712
1.45904 1.17436 0.162712
1.45494 1.16355 0.161846
1.45839 1.15922 0.161846
1.45421 1.14846 0.160981
1.45781 1.14389 0.160981
1.46139 1.1393 0.160981
1.47284 1.14081 0.161846
1.46063 1.12402 0.160115
1.47187 1.12574 0.160981
1.4754 1.12111 0.160981
1.48667 1.12273 0.161846
1.49038 1.11779 0.161846
1.4859 1.10715 0.160981
1.48937 1.10248 0.160981
1.49283 1.0978 0.160981
1.50431 1.09898 0.161846
1.49951 1.08865 0.160981
1.511 1.08977 0.161846
1.51441 1.08501 0.161846
1.52593 1.08603 0.162712
1.5212 1.07548 0.161846
1.51642 1.06497 0.160981
1.53591 1.07187 0.162712
1.54746 1.07271 0.163577
1.54262 1.06219 0.162712
1.53772 1.05172 0.161846
1.54102 1.04688 0.161846
1.5443 1.04204 0.161846
1.54739 1.03745 0.161846
1.55064 1.03258 0.161846
1.56218 1.0332 0.162712
1.5571 1.02282 0.161846
1.56864 1.02337 0.162712
1.56349 1.01302 0.161846
1.57504 1.01349 0.162712
1.56983 1.00317 0.161846
1.58121 1.00385 0.162712
1.58435 0.998878 0.162712
1.58748 0.993896 0.162712
1.58213 0.983644 0.161846
1.57657 0.97371 0.160981
1.57962 0.968752 0.160981
1.59117 0.968967 0.161846
1.58568 0.958808 0.160981
1.59722 0.95895 0.161846
1.60023 0.953927 0.161846
1.60305 0.949175 0.161846
1.60602 0.944135 0.161846
1.60898 0.939084 0.161846
1.61193 0.934025 0.161846
1.62349 0.933923 0.162712
1.61776 0.923878 0.161846
1.6205 0.919075 0.161846
1.63206 0.918866 0.162712
1.63494 0.913735 0.162712
1.6378 0.908593 0.162712
1.64937 0.908249 0.163577
1.64347 0.898286 0.162712
1.65505 0.897868 0.163577
1.65786 0.892665 0.163577
1.66065 0.887451 0.163577
1.66343 0.88223 0.163577
1.66604 0.877291 0.163577
1.66879 0.872052 0.163577
1.67152 0.866806 0.163577
1.67424 0.86155 0.163577
1.66806 0.851755 0.162712
1.67962 0.851014 0.163577
1.68214 0.846026 0.163577
1.67587 0.836289 0.162712
1.68742 0.835441 0.163577
1.69898 0.834527 0.164443
1.68368 0.820458 0.162712
1.69522 0.8195 0.163577
1.69778 0.81417 0.163577
1.70933 0.813113 0.164443
1.71187 0.807738 0.164443
1.72343 0.806579 0.165308
1.72581 0.801462 0.165308
1.71927 0.791869 0.164443
1.73082 0.790603 0.165308
1.72422 0.78105 0.164443
1.73575 0.779712 0.165308
1.73819 0.774255 0.165308
1.74048 0.769095 0.165308
1.74289 0.763623 0.165308
1.74528 0.758143 0.165308
1.7568 0.756598 0.166174
1.75917 0.751074 0.166174
1.76152 0.745544 0.166174
1.76385 0.740007 0.166174
1.76617 0.734462 0.166174
1.76834 0.729218 0.166174
1.77984 0.727428 0.167039
1.77289 0.718093 0.166174
1.78438 0.716231 0.167039
1.79588 0.714303 0.167905
1.79811 0.708658 0.167905
1.80033 0.703005 0.167905
1.80253 0.697346 0.167905
1.81389 0.695562 0.16877
1.80676 0.686322 0.167905
1.81823 0.684152 0.16877
1.82037 0.678436 0.16877
1.83184 0.676163 0.169636
1.82459 0.666985 0.16877
1.83605 0.66464 0.169636
1.83813 0.658869 0.169636
1.84946 0.656746 0.170501
1.85152 0.650932 0.170501
1.81592 0.632014 0.167039
1.84615 0.636041 0.169636
1.85757 0.633454 0.170501
1.85955 0.627615 0.170501
1.85206 0.618614 0.169636
1.86346 0.615919 0.170501
1.86528 0.610387 0.170501
1.86718 0.604524 0.170501
1.86907 0.598656 0.170501
1.87095 0.59278 0.170501
1.8728 0.5869 0.170501
1.88415 0.583962 0.171367
1.88598 0.578041 0.171367
1.88778 0.572113 0.171367
1.88957 0.566179 0.171367
1.89134 0.56024 0.171367
1.90255 0.557427 0.172232
1.89644 0.542721 0.171367
1.93648 0.547604 0.174829
1.9286 0.538837 0.173963
1.93028 0.532775 0.173963
1.94156 0.529329 0.174829
1.94321 0.523227 0.174829
1.96401 0.522582 0.17656
1.94637 0.511347 0.174829
1.94797 0.505229 0.174829
1.9592 0.501578 0.175694
1.96076 0.495421 0.175694
1.96231 0.489258 0.175694
1.95416 0.480712 0.174829
1.96535 0.476919 0.175694
1.94746 0.466105 0.173963
1.978 0.46685 0.17656
1.97938 0.460979 0.17656
1.99052 0.456988 0.177425
1.99195 0.450732 0.177425
1.98363 0.442304 0.17656
1.99474 0.438208 0.177425
1.98637 0.429831 0.17656
1.43295 1.21308 0.097395
1.39854 1.17643 0.094805
1.44054 1.20405 0.097395
1.42895 1.18676 0.096359
1.43247 1.18252 0.096359
1.4439 1.18434 0.096877
1.43987 1.17349 0.096359
1.44355 1.16896 0.096359
1.44722 1.16442 0.096359
1.45087 1.15987 0.096359
1.4543 1.15556 0.096359
1.45009 1.1448 0.095841
1.46153 1.1464 0.096359
1.47301 1.14794 0.096877
1.4766 1.14331 0.096877
1.48019 1.13866 0.096877
1.49943 1.1464 0.097914
1.49507 1.13564 0.097395
1.5064 1.13722 0.097914
1.50217 1.12623 0.097395
1.50571 1.1215 0.097395
1.50922 1.11677 0.097395
1.51272 1.11202 0.097395
1.51621 1.10726 0.097395
1.5114 1.09689 0.096877
1.52294 1.09798 0.097395
1.52639 1.09319 0.097395
1.52981 1.08839 0.097395
1.53323 1.08358 0.097395
1.52845 1.07301 0.096877
1.52343 1.06276 0.096359
1.52676 1.05797 0.096359
1.53831 1.05883 0.096877
1.54163 1.05399 0.096877
1.53667 1.04353 0.096359
1.54822 1.04429 0.096877
1.55961 1.04525 0.097395
1.55457 1.03481 0.096877
1.55781 1.02992 0.096877
1.55269 1.01954 0.096359
1.56425 1.02011 0.096877
1.56745 1.01519 0.096877
1.57063 1.01026 0.096877
1.5738 1.00532 0.096877
1.57677 1.00065 0.096877
1.57146 0.990368 0.096359
1.57456 0.985426 0.096359
1.57765 0.980475 0.096359
1.57206 0.970542 0.095841
1.59213 0.976038 0.096877
1.62077 0.98661 0.098432
1.61532 0.976347 0.097914
1.61838 0.971268 0.097914
1.63 0.97129 0.098432
1.64147 0.971537 0.09895
1.6359 0.961316 0.098432
1.64754 0.961204 0.09895
1.64191 0.951018 0.098432
1.64489 0.945855 0.098432
1.64786 0.940683 0.098432
1.65933 0.940715 0.09895
1.66227 0.935497 0.09895
1.66521 0.93027 0.09895
1.65939 0.920191 0.098432
1.67102 0.919789 0.09895
1.64761 0.900171 0.097395
1.66798 0.904511 0.098432
1.66202 0.894534 0.097914
1.65602 0.884602 0.097395
1.66761 0.884073 0.097914
1.66139 0.87447 0.097395
1.67298 0.87387 0.097914
1.67572 0.86861 0.097914
1.67844 0.863341 0.097914
1.68114 0.858064 0.097914
1.69274 0.85729 0.098432
1.68635 0.847778 0.097914
1.69794 0.846934 0.098432
1.6827 0.832737 0.097395
1.6853 0.827446 0.097395
1.69687 0.826521 0.097914
1.69946 0.821185 0.097914
1.70203 0.815843 0.097914
1.70459 0.810492 0.097914
1.70712 0.805132 0.097914
1.71869 0.803997 0.098432
1.73919 0.807303 0.099468
1.74171 0.801835 0.099468
1.75331 0.800508 0.099986
1.75582 0.794995 0.099986
1.7583 0.789476 0.099986
1.75165 0.779885 0.099468
1.76309 0.77872 0.099986
1.76553 0.773177 0.099986
1.77711 0.771604 0.100504
1.77953 0.766017 0.100504
1.78192 0.760423 0.100504
1.7843 0.754821 0.100504
1.78667 0.749212 0.100504
1.79823 0.747428 0.101022
1.76351 0.726867 0.09895
1.78428 0.728876 0.099986
1.7773 0.71952 0.099468
1.78882 0.717651 0.099986
1.79107 0.712028 0.099986
1.80259 0.710058 0.100504
1.79551 0.70076 0.099986
1.80701 0.698718 0.100504
1.80908 0.693353 0.100504
1.82058 0.691211 0.101022
1.8134 0.681973 0.100504
1.81553 0.676272 0.100504
1.81765 0.670565 0.100504
1.82913 0.668279 0.101022
1.82183 0.659131 0.100504
1.83329 0.656773 0.101022
1.82582 0.64799 0.100504
1.82784 0.642251 0.100504
1.82042 0.633225 0.099986
1.83184 0.630754 0.100504
1.87163 0.637883 0.102576
1.89255 0.638384 0.103612
1.88507 0.629272 0.103094
1.89652 0.62648 0.103612
1.88888 0.617745 0.103094
1.90981 0.617957 0.10413
1.92126 0.614999 0.104648
1.92318 0.60896 0.104648
1.91555 0.599931 0.10413
1.93651 0.599819 0.105166
1.91928 0.587883 0.10413
1.93068 0.584746 0.104648
1.92294 0.575812 0.10413
1.90559 0.564099 0.103094
1.89767 0.555636 0.102576
1.909 0.552448 0.103094
1.91072 0.546448 0.103094
1.90282 0.537727 0.102576
1.91412 0.534432 0.103094
1.92542 0.531071 0.103612
1.92708 0.52502 0.103612
1.92871 0.518963 0.103612
1.9399 0.515804 0.10413
1.94151 0.509708 0.10413
1.95277 0.506111 0.104648
1.95435 0.499974 0.104648
1.95591 0.493832 0.104648
1.96714 0.490098 0.105166
1.96867 0.483916 0.105166
1.95077 0.473022 0.10413
1.96196 0.469214 0.104648
1.97314 0.465341 0.105166
1.99397 0.464011 0.106202
1.98568 0.455512 0.105684
1.98711 0.449271 0.105684
1.98851 0.443026 0.105684
1.98989 0.436778 0.105684
1.99125 0.430523 0.105684
1.94376 0.413867 0.103094
1.43488 1.21428 0.032309
1.43103 1.20334 0.032137
1.44248 1.20524 0.032309
1.44626 1.20071 0.032309
1.4421 1.19005 0.032137
1.44583 1.18551 0.032137
1.4573 1.18728 0.032309
1.45325 1.1764 0.032137
1.45694 1.17183 0.032137
1.46062 1.16725 0.032137
1.46407 1.16291 0.032137
1.46772 1.1583 0.032137
1.47922 1.15986 0.032309
1.48286 1.1552 0.032309
1.48648 1.15054 0.032309
1.48216 1.13977 0.032137
1.49348 1.14144 0.032309
1.48909 1.13069 0.032137
1.49244 1.12627 0.032137
1.50417 1.12731 0.032309
1.49968 1.11661 0.032137
1.50318 1.11189 0.032137
1.50667 1.10716 0.032137
1.51014 1.10242 0.032137
1.5215 1.10381 0.032309
1.51685 1.09318 0.032137
1.52027 1.08841 0.032137
1.52368 1.08363 0.032137
1.52708 1.07884 0.032137
1.53047 1.07403 0.032137
1.52544 1.06377 0.031965
1.52878 1.05897 0.031965
1.54033 1.05983 0.032137
1.55191 1.06063 0.032309
1.55524 1.05575 0.032309
1.55025 1.04527 0.032137
1.56166 1.04623 0.032309
1.55661 1.03578 0.032137
1.5682 1.03639 0.032309
1.57145 1.03146 0.032309
1.57468 1.02652 0.032309
1.5779 1.02157 0.032309
1.5811 1.01661 0.032309
1.58428 1.01163 0.032309
1.58728 1.00693 0.032309
1.59043 1.00194 0.032309
1.59357 0.996936 0.032309
1.5967 0.991925 0.032309
1.59963 0.987182 0.032309
1.60273 0.982152 0.032309
1.6058 0.977113 0.032309
1.60887 0.972063 0.032309
1.62049 0.972147 0.03248
1.61494 0.961935 0.032309
1.61779 0.957139 0.032309
1.62079 0.952052 0.032309
1.63241 0.951992 0.03248
1.63539 0.946859 0.03248
1.63836 0.941716 0.03248
1.63262 0.93161 0.032309
1.64408 0.931691 0.03248
1.647 0.926521 0.03248
1.6499 0.921343 0.03248
1.65279 0.916155 0.03248
1.65566 0.910958 0.03248
1.64973 0.90096 0.032309
1.64377 0.891008 0.032137
1.67297 0.900051 0.032652
1.67579 0.89479 0.032652
1.6786 0.889521 0.032652
1.69008 0.889193 0.032824
1.69286 0.883878 0.032824
1.68675 0.873956 0.032652
1.70727 0.877796 0.032996
1.70112 0.867885 0.032824
1.70384 0.862536 0.032824
1.71532 0.861966 0.032996
1.70907 0.852112 0.032824
1.71174 0.846739 0.032824
1.71439 0.841357 0.032824
1.71703 0.835967 0.032824
1.72865 0.834917 0.032996
1.72225 0.825162 0.032824
1.7158 0.815456 0.032652
1.7274 0.814324 0.032824
1.72995 0.808894 0.032824
1.73234 0.803757 0.032824
1.73486 0.798311 0.032824
1.73735 0.792857 0.032824
1.73984 0.787395 0.032824
1.75142 0.786019 0.032996
1.75389 0.780513 0.032996
1.75619 0.775306 0.032996
1.75862 0.769785 0.032996
1.76103 0.764256 0.032996
1.76342 0.75872 0.032996
1.7658 0.753176 0.032996
1.77736 0.751519 0.033168
1.77971 0.745932 0.033168
1.78205 0.740336 0.033168
1.77499 0.731237 0.032996
1.76803 0.721878 0.032824
1.77955 0.72007 0.032996
1.80037 0.721919 0.03334
1.80263 0.716259 0.03334
1.81417 0.714255 0.033512
1.82572 0.712186 0.033683
1.83728 0.710051 0.033855
1.8207 0.697444 0.033512
1.84158 0.698814 0.033855
1.84377 0.693026 0.033855
1.84593 0.68723 0.033855
1.84808 0.681427 0.033855
1.85961 0.679048 0.034027
1.85233 0.669802 0.033855
1.85442 0.66398 0.033855
1.86581 0.661817 0.034027
1.82071 0.639388 0.033168
1.85104 0.643515 0.033683
1.86251 0.640949 0.033855
1.85505 0.631871 0.033683
1.8665 0.629235 0.033855
1.86847 0.623367 0.033855
1.87041 0.617495 0.033855
1.87224 0.611942 0.033855
1.88367 0.609134 0.034027
1.88557 0.603213 0.034027
1.89699 0.600303 0.034199
1.88932 0.591354 0.034027
1.90072 0.588372 0.034199
1.893 0.579471 0.034027
1.90438 0.576418 0.034199
1.90618 0.570432 0.034199
1.90797 0.564441 0.034199
1.90963 0.558777 0.034199
1.91138 0.552776 0.034199
1.91311 0.546768 0.034199
1.94368 0.548907 0.034715
1.93577 0.540111 0.034543
1.95673 0.53934 0.034886
1.94877 0.530564 0.034715
1.95043 0.52444 0.034715
1.9713 0.523785 0.035058
1.96326 0.515053 0.034886
1.97455 0.511389 0.035058
1.95677 0.50023 0.034715
1.96803 0.496527 0.034886
1.96958 0.490341 0.034886
1.98082 0.486537 0.035058
1.94347 0.470893 0.034371
1.98384 0.474081 0.035058
1.97559 0.465553 0.034886
1.9867 0.461953 0.035058
1.97839 0.453476 0.034886
1.98956 0.449461 0.035058
2.00072 0.445382 0.03523
1.99235 0.436953 0.035058
1.98394 0.428579 0.034886
