1.18843 0.878753 -0.395374
1.19119 0.875015 -0.395374
1.18613 0.865573 -0.39279
1.15756 0.839162 -0.382453
1.15235 0.829876 -0.379869
1.15495 0.826252 -0.379869
1.14966 0.817024 -0.377285
1.15223 0.813408 -0.377285
1.15478 0.809784 -0.377285
1.16524 0.811674 -0.379869
1.15984 0.802513 -0.377285
1.16235 0.798865 -0.377285
1.18082 0.806103 -0.382453
1.19933 0.813232 -0.387622
1.21791 0.820253 -0.39279
1.22836 0.822008 -0.395374
1.25222 0.820989 -0.400542
1.26243 0.805188 -0.400542
1.30614 0.77091 -0.405711
1.29188 0.757035 -0.400542
1.27756 0.743257 -0.395374
1.27989 0.739239 -0.395374
1.25706 0.720799 -0.387622
1.25932 0.716846 -0.387622
1.25315 0.708134 -0.385038
1.25537 0.704194 -0.385038
1.26602 0.704946 -0.387622
1.25132 0.691619 -0.382453
1.26195 0.692331 -0.385038
1.2726 0.692983 -0.387622
1.27478 0.688981 -0.387622
1.25991 0.67584 -0.382453
1.27055 0.676418 -0.385038
1.27267 0.672424 -0.385038
1.27478 0.668422 -0.385038
1.27687 0.664414 -0.385038
1.28754 0.664831 -0.387622
1.28962 0.660784 -0.387622
1.29169 0.656729 -0.387622
1.29375 0.652667 -0.387622
1.28715 0.644276 -0.385038
1.30647 0.648822 -0.390206
1.29984 0.640446 -0.387622
1.30184 0.636359 -0.387622
1.31253 0.63648 -0.390206
1.34064 0.644917 -0.397958
1.3601 0.649024 -0.403127
1.36213 0.644748 -0.403127
1.41419 0.574244 -0.408295
1.40703 0.566192 -0.405711
1.38188 0.551034 -0.397958
1.3836 0.54669 -0.397958
1.38531 0.542341 -0.397958
1.3871 0.537744 -0.397958
1.38879 0.533384 -0.397958
1.39036 0.529261 -0.397958
1.39202 0.52489 -0.397958
1.39366 0.520514 -0.397958
1.39529 0.516134 -0.397958
1.3969 0.511748 -0.397958
1.39851 0.507356 -0.397958
1.391 0.499695 -0.395374
1.39265 0.495079 -0.395374
1.40331 0.493909 -0.397958
1.40486 0.489498 -0.397958
1.40639 0.485082 -0.397958
1.41705 0.483782 -0.400542
1.42771 0.482421 -0.403127
1.42922 0.477933 -0.403127
1.42146 0.470654 -0.400542
1.41375 0.463178 -0.397958
1.42439 0.461713 -0.400542
1.46271 0.468781 -0.410879
1.48259 0.470022 -0.416047
1.53363 0.397479 -0.4238
1.53487 0.392659 -0.4238
1.49863 0.378376 -0.413463
1.50918 0.376001 -0.416047
1.50097 0.368952 -0.413463
1.50213 0.364235 -0.413463
1.51266 0.361761 -0.416047
1.51379 0.357007 -0.416047
1.50549 0.350062 -0.413463
1.516 0.347489 -0.416047
1.52651 0.344853 -0.418631
1.53701 0.342155 -0.421216
1.52864 0.335255 -0.418631
1.52969 0.330451 -0.418631
1.54962 0.329664 -0.4238
1.55065 0.324795 -0.4238
1.55166 0.319921 -0.4238
1.55266 0.315045 -0.4238
1.55364 0.310165 -0.4238
1.55461 0.305283 -0.4238
1.55556 0.300398 -0.4238
1.57547 0.299113 -0.428968
1.60489 0.299479 -0.43672
1.6555 0.228836 -0.447057
1.66578 0.224926 -0.449641
1.63775 0.215905 -0.441889
1.62884 0.209526 -0.439305
1.62949 0.204407 -0.439305
1.63971 0.20046 -0.441889
1.64992 0.196449 -0.444473
1.63134 0.189041 -0.439305
1.63193 0.183916 -0.439305
1.65173 0.180602 -0.444473
1.6619 0.176432 -0.447057
1.66245 0.17121 -0.447057
1.65336 0.165028 -0.444473
1.66349 0.160762 -0.447057
1.66396 0.155825 -0.447057
1.66444 0.150597 -0.447057
1.67453 0.146207 -0.449641
1.68463 0.141462 -0.452225
1.68507 0.13617 -0.452225
1.68549 0.130875 -0.452225
1.68589 0.125578 -0.452225
1.69591 0.12097 -0.454809
1.70592 0.116298 -0.457394
1.69664 0.110312 -0.454809
1.69698 0.104981 -0.454809
1.6973 0.099649 -0.454809
1.73618 0.09646 -0.465146
1.15965 0.857155 -0.333023
1.17019 0.859274 -0.335273
1.14927 0.838367 -0.328523
1.13612 0.823317 -0.324023
1.1387 0.819744 -0.324023
1.13334 0.810495 -0.321772
1.13588 0.806931 -0.321772
1.13045 0.79774 -0.319522
1.14093 0.799777 -0.321772
1.14344 0.79619 -0.321772
1.15394 0.798136 -0.324023
1.15645 0.794506 -0.324023
1.15894 0.790869 -0.324023
1.16142 0.787224 -0.324023
1.16388 0.783573 -0.324023
1.1662 0.780115 -0.324023
1.17676 0.78184 -0.326273
1.17921 0.778139 -0.326273
1.1735 0.76909 -0.324023
1.17591 0.7654 -0.324023
1.18649 0.766991 -0.326273
1.1807 0.757995 -0.324023
1.17486 0.749045 -0.321772
1.18544 0.750562 -0.324023
1.18779 0.746835 -0.324023
1.19013 0.743099 -0.324023
1.19246 0.739356 -0.324023
1.20307 0.740715 -0.326273
1.20539 0.736932 -0.326273
1.2077 0.733142 -0.326273
1.21 0.729344 -0.326273
1.20393 0.720535 -0.324023
1.20618 0.716749 -0.324023
1.20843 0.712956 -0.324023
1.21907 0.714082 -0.326273
1.21289 0.70535 -0.324023
1.22353 0.706407 -0.326273
1.22575 0.70256 -0.326273
1.27876 0.727618 -0.339774
1.28952 0.728389 -0.342024
1.28331 0.719569 -0.339774
1.28556 0.715533 -0.339774
1.27927 0.706779 -0.337524
1.29003 0.707442 -0.339774
1.30936 0.712702 -0.344274
1.31822 0.696193 -0.344274
1.29451 0.678478 -0.337524
1.32256 0.687896 -0.344274
1.29874 0.670331 -0.337524
1.31819 0.675132 -0.342024
1.3203 0.670987 -0.342024
1.3311 0.671222 -0.344274
1.31578 0.658318 -0.339774
1.32657 0.658514 -0.342024
1.32863 0.654343 -0.342024
1.33068 0.650166 -0.342024
1.31518 0.637482 -0.337524
1.28205 0.616458 -0.328523
1.29278 0.616622 -0.330773
1.2859 0.608391 -0.328523
1.2878 0.604348 -0.328523
1.29853 0.60441 -0.330773
1.30042 0.600328 -0.330773
1.3023 0.59624 -0.330773
1.30417 0.592145 -0.330773
1.30602 0.588046 -0.330773
1.29886 0.580194 -0.328523
1.3185 0.584002 -0.333023
1.32033 0.579858 -0.333023
1.32214 0.575706 -0.333023
1.32394 0.57155 -0.333023
1.33479 0.570989 -0.335273
1.32761 0.562989 -0.333023
1.33835 0.562591 -0.335273
1.34011 0.558383 -0.335273
1.33285 0.550452 -0.333023
1.3435 0.550187 -0.335273
1.33619 0.542299 -0.333023
1.33789 0.538099 -0.333023
1.33957 0.533893 -0.333023
1.35937 0.53684 -0.337524
1.37012 0.536117 -0.339774
1.39915 0.542132 -0.346524
1.40994 0.541226 -0.348774
1.42065 0.540504 -0.351024
1.42234 0.536039 -0.351024
1.41489 0.52816 -0.348774
1.41654 0.523713 -0.348774
1.40903 0.51591 -0.346524
1.4198 0.514802 -0.348774
1.41224 0.507046 -0.346524
1.41392 0.50236 -0.346524
1.44306 0.507616 -0.353275
1.44465 0.50308 -0.353275
1.4278 0.492188 -0.348774
1.42012 0.484553 -0.346524
1.45856 0.49256 -0.355525
1.44161 0.481798 -0.351024
1.45229 0.48058 -0.353275
1.45379 0.476014 -0.353275
1.44601 0.468442 -0.351024
1.45683 0.466617 -0.353275
1.42114 0.450266 -0.344274
1.42255 0.445799 -0.344274
1.42394 0.441328 -0.344274
1.42532 0.436852 -0.344274
1.42668 0.432373 -0.344274
1.42804 0.427888 -0.344274
1.42937 0.4234 -0.344274
1.4307 0.418907 -0.344274
1.44129 0.41737 -0.346524
1.4426 0.412841 -0.346524
1.44389 0.408306 -0.346524
1.464 0.408757 -0.351024
1.45589 0.401564 -0.348774
1.45714 0.396989 -0.348774
1.45838 0.392409 -0.348774
1.4596 0.387825 -0.348774
1.46075 0.383493 -0.348774
1.45258 0.376204 -0.346524
1.4632 0.374052 -0.348774
1.47381 0.371837 -0.351024
1.46552 0.364851 -0.348774
1.47612 0.36257 -0.351024
1.51513 0.367108 -0.360025
1.52575 0.364611 -0.362275
1.53637 0.362051 -0.364525
1.5375 0.357222 -0.364525
1.56711 0.358916 -0.371276
1.55872 0.351845 -0.369026
1.55031 0.344832 -0.366776
1.55139 0.33996 -0.366776
1.54292 0.333028 -0.364525
1.58209 0.336283 -0.373526
1.56406 0.327319 -0.369026
1.57462 0.324369 -0.371276
1.57563 0.319421 -0.371276
1.57663 0.314469 -0.371276
1.57761 0.309514 -0.371276
1.57858 0.304558 -0.371276
1.56995 0.297781 -0.369026
1.58046 0.294633 -0.371276
1.54304 0.282644 -0.362275
1.54392 0.277795 -0.362275
1.53519 0.271248 -0.360025
1.54563 0.268089 -0.362275
1.54647 0.263232 -0.362275
1.56651 0.261581 -0.366776
1.55771 0.255084 -0.364525
1.56812 0.251734 -0.366776
1.57853 0.24832 -0.369026
1.59856 0.246328 -0.373526
1.6186 0.244212 -0.378026
1.61936 0.239126 -0.378026
1.62974 0.235431 -0.380276
1.62083 0.228946 -0.378026
1.64084 0.226518 -0.382527
1.64155 0.221362 -0.382527
1.65189 0.217476 -0.384777
1.63324 0.209803 -0.380276
1.60489 0.201037 -0.373526
1.61518 0.197175 -0.375776
1.60612 0.190949 -0.373526
1.61639 0.187023 -0.375776
1.61697 0.181944 -0.375776
1.61756 0.176581 -0.375776
1.6278 0.172524 -0.378026
1.62833 0.16741 -0.378026
1.63855 0.16326 -0.380276
1.63905 0.158112 -0.380276
1.63951 0.153247 -0.380276
1.63999 0.148096 -0.380276
1.64044 0.142943 -0.380276
1.67004 0.139943 -0.387027
1.66076 0.133913 -0.384777
1.65146 0.127942 -0.382527
1.65185 0.122753 -0.382527
1.67166 0.118947 -0.387027
1.65259 0.112372 -0.382527
1.66265 0.107811 -0.384777
1.67271 0.103186 -0.387027
1.68275 0.098501 -0.389277
1.68306 0.093214 -0.389277
1.69307 0.088434 -0.391527
1.68361 0.082636 -0.389277
1.68386 0.077347 -0.389277
1.17614 0.869029 -0.28562
1.14722 0.8421 -0.277952
1.12607 0.821143 -0.272202
1.11275 0.806086 -0.268368
1.12324 0.808319 -0.270285
1.12577 0.804786 -0.270285
1.1283 0.801246 -0.270285
1.12279 0.79204 -0.268368
1.12527 0.788508 -0.268368
1.12774 0.78497 -0.268368
1.1302 0.781423 -0.268368
1.14074 0.783424 -0.270285
1.15131 0.785367 -0.272202
1.15377 0.781746 -0.272202
1.16436 0.783598 -0.274118
1.15852 0.774684 -0.272202
1.16095 0.77104 -0.272202
1.17156 0.772794 -0.274118
1.16577 0.763731 -0.272202
1.17639 0.765418 -0.274118
1.17055 0.756391 -0.272202
1.18118 0.758011 -0.274118
1.18355 0.754296 -0.274118
1.18592 0.750575 -0.274118
1.18827 0.746845 -0.274118
1.18228 0.737912 -0.272202
1.19294 0.739364 -0.274118
1.19525 0.735613 -0.274118
1.19756 0.731854 -0.274118
1.19985 0.728089 -0.274118
1.19373 0.71925 -0.272202
1.21283 0.725574 -0.276035
1.20666 0.716748 -0.274118
1.20891 0.712954 -0.274118
1.21961 0.714112 -0.276035
1.21336 0.705344 -0.274118
1.20707 0.696622 -0.272202
1.22629 0.702585 -0.276035
1.21996 0.693877 -0.274118
1.21358 0.685215 -0.272202
1.21573 0.681399 -0.272202
1.20071 0.668033 -0.268368
1.2114 0.669003 -0.270285
1.2221 0.669912 -0.272202
1.2242 0.666068 -0.272202
1.22628 0.66222 -0.272202
1.21971 0.653727 -0.270285
1.23908 0.659111 -0.274118
1.24115 0.655215 -0.274118
1.2432 0.651312 -0.274118
1.23653 0.642876 -0.272202
1.25599 0.647988 -0.276035
1.24928 0.639567 -0.274118
1.25129 0.635639 -0.274118
1.24451 0.627287 -0.272202
1.25526 0.627764 -0.274118
1.26602 0.62818 -0.276035
1.25918 0.619865 -0.274118
1.26112 0.615906 -0.274118
1.28071 0.620499 -0.277952
1.26496 0.60797 -0.274118
1.27573 0.608217 -0.276035
1.2865 0.608402 -0.277952
1.28841 0.604357 -0.277952
1.2814 0.596166 -0.276035
1.29218 0.59625 -0.277952
1.29405 0.592188 -0.277952
1.2959 0.588119 -0.277952
1.29774 0.584045 -0.277952
1.29051 0.576191 -0.276035
1.30129 0.576107 -0.277952
1.30309 0.572016 -0.277952
1.31388 0.571836 -0.279869
1.30666 0.563817 -0.277952
1.31754 0.563339 -0.279869
1.31931 0.559197 -0.279869
1.32106 0.55505 -0.279869
1.33186 0.55467 -0.281786
1.33359 0.550484 -0.281786
1.32614 0.542806 -0.279869
1.32783 0.538637 -0.279869
1.32041 0.530803 -0.277952
1.32207 0.526652 -0.277952
1.33285 0.526099 -0.279869
1.3345 0.521909 -0.279869
1.35452 0.52457 -0.283703
1.36533 0.523828 -0.28562
1.38523 0.526751 -0.289454
1.35932 0.512018 -0.283703
1.37012 0.511175 -0.28562
1.39013 0.513673 -0.289454
1.3733 0.502557 -0.28562
1.37487 0.49824 -0.28562
1.38567 0.497233 -0.287537
1.41506 0.502488 -0.293288
1.39811 0.49153 -0.289454
1.39965 0.487135 -0.289454
1.41045 0.485932 -0.291371
1.41197 0.481499 -0.291371
1.41348 0.477061 -0.291371
1.41497 0.472618 -0.291371
1.40705 0.465336 -0.289454
1.4085 0.460913 -0.289454
1.44729 0.468579 -0.297121
1.42079 0.454801 -0.291371
1.43157 0.453297 -0.293288
1.42362 0.445864 -0.291371
1.39689 0.432678 -0.28562
1.40763 0.431162 -0.287537
1.41837 0.429583 -0.289454
1.41031 0.422309 -0.287537
1.42104 0.420662 -0.289454
1.41294 0.413439 -0.287537
1.42359 0.411974 -0.289454
1.42487 0.407499 -0.289454
1.42614 0.403021 -0.289454
1.42747 0.39829 -0.289454
1.43818 0.396411 -0.291371
1.42995 0.389312 -0.289454
1.44064 0.387367 -0.291371
1.44185 0.382839 -0.291371
1.44298 0.378559 -0.291371
1.45373 0.376231 -0.293288
1.43589 0.366804 -0.289454
1.44655 0.364691 -0.291371
1.45721 0.362513 -0.293288
1.47741 0.362613 -0.297121
1.47854 0.357969 -0.297121
1.47966 0.353323 -0.297121
1.4712 0.346423 -0.295205
1.51053 0.350677 -0.302872
1.51162 0.34593 -0.302872
1.5127 0.341179 -0.302872
1.54251 0.342813 -0.308623
1.51481 0.331668 -0.302872
1.51585 0.326907 -0.302872
1.54567 0.32826 -0.308623
1.5563 0.325412 -0.31054
1.52848 0.314585 -0.304789
1.55832 0.315627 -0.31054
1.5593 0.310729 -0.31054
1.56027 0.305829 -0.31054
1.59013 0.306499 -0.316291
1.5718 0.297847 -0.312457
1.59203 0.296502 -0.316291
1.55433 0.284432 -0.308623
1.55522 0.279548 -0.308623
1.53676 0.271249 -0.304789
1.5376 0.266419 -0.304789
1.53843 0.261588 -0.304789
1.53925 0.256753 -0.304789
1.54005 0.251916 -0.304789
1.54083 0.247077 -0.304789
1.56099 0.245282 -0.308623
1.57145 0.24187 -0.31054
1.58191 0.238394 -0.312457
1.57294 0.231991 -0.31054
1.58338 0.228451 -0.312457
1.58409 0.223475 -0.312457
1.5945 0.219838 -0.314374
1.58546 0.213517 -0.312457
1.58612 0.208535 -0.312457
1.58677 0.203552 -0.312457
1.57766 0.197347 -0.31054
1.56853 0.191202 -0.308623
1.57887 0.18743 -0.31054
1.57945 0.18247 -0.31054
1.58977 0.178603 -0.312457
1.61962 0.17652 -0.318207
1.62993 0.172463 -0.320124
1.65975 0.170348 -0.325875
1.64075 0.16319 -0.322041
1.65102 0.158976 -0.323958
1.65149 0.154076 -0.323958
1.68129 0.151529 -0.329709
1.6622 0.144547 -0.325875
1.66267 0.139034 -0.325875
1.6631 0.13381 -0.325875
1.65373 0.127828 -0.323958
1.69327 0.125534 -0.331626
1.67408 0.118825 -0.327792
1.66465 0.112901 -0.325875
1.68458 0.108937 -0.329709
1.63594 0.100631 -0.320124
1.63625 0.095492 -0.320124
1.64634 0.090892 -0.322041
1.67602 0.08725 -0.327792
1.66648 0.081504 -0.325875
1.67653 0.076717 -0.327792
1.68657 0.071868 -0.329709
1.7064 0.067344 -0.333543
1.70661 0.061982 -0.333543
1.70679 0.05662 -0.333543
1.68734 0.050669 -0.329709
1.19674 0.889749 -0.237203
1.18364 0.87425 -0.234061
1.13861 0.835472 -0.224635
1.12527 0.820256 -0.221494
1.11984 0.810924 -0.219923
1.10635 0.795868 -0.216781
1.12491 0.803873 -0.219923
1.11938 0.794618 -0.218352
1.12994 0.796789 -0.219923
1.13244 0.793235 -0.219923
1.12682 0.784033 -0.218352
1.14552 0.791719 -0.221494
1.148 0.788116 -0.221494
1.14232 0.778942 -0.219923
1.14476 0.775349 -0.219923
1.18816 0.799312 -0.227777
1.19052 0.795783 -0.227777
1.18479 0.786576 -0.226206
1.22023 0.804597 -0.23249
1.20623 0.789938 -0.229348
1.20871 0.786145 -0.229348
1.21947 0.787702 -0.230919
1.23856 0.794532 -0.234061
1.22439 0.780024 -0.230919
1.23518 0.781454 -0.23249
1.22091 0.767062 -0.229348
1.21493 0.757995 -0.227777
1.24249 0.769778 -0.23249
1.25332 0.771046 -0.234061
1.25573 0.767105 -0.234061
1.24969 0.758034 -0.23249
1.26053 0.7592 -0.234061
1.27138 0.760304 -0.235632
1.27376 0.756306 -0.235632
1.26763 0.747286 -0.234061
1.26997 0.7433 -0.234061
1.2723 0.739306 -0.234061
1.26606 0.73037 -0.23249
1.2255 0.701849 -0.224635
1.24487 0.707758 -0.227777
1.22128 0.689281 -0.223065
1.22344 0.685441 -0.223065
1.21696 0.676794 -0.221494
1.21908 0.672968 -0.221494
1.22985 0.673881 -0.223065
1.22328 0.665295 -0.221494
1.24275 0.670831 -0.224635
1.24485 0.666923 -0.224635
1.24694 0.66301 -0.224635
1.24028 0.65448 -0.223065
1.23358 0.645998 -0.221494
1.24437 0.646674 -0.223065
1.22884 0.633708 -0.219923
1.2572 0.643342 -0.224635
1.2416 0.630446 -0.221494
1.24358 0.626542 -0.221494
1.25437 0.627048 -0.223065
1.25634 0.623105 -0.223065
1.25829 0.619155 -0.223065
1.2691 0.619531 -0.224635
1.25327 0.606932 -0.221494
1.27297 0.611545 -0.224635
1.2838 0.611791 -0.226206
1.27679 0.603534 -0.224635
1.3055 0.612098 -0.229348
1.33428 0.620486 -0.234061
1.34519 0.620428 -0.235632
1.34714 0.616199 -0.235632
1.34907 0.611963 -0.235632
1.35098 0.607722 -0.235632
1.3618 0.607736 -0.237203
1.34564 0.595462 -0.234061
1.3475 0.591232 -0.234061
1.37652 0.598814 -0.238773
1.36933 0.590576 -0.237203
1.38036 0.589912 -0.238773
1.38221 0.585573 -0.238773
1.39314 0.585052 -0.240344
1.41321 0.588262 -0.243486
1.38766 0.57252 -0.238773
1.38936 0.5684 -0.238773
1.38198 0.560322 -0.237203
1.36541 0.548614 -0.234061
1.39465 0.555281 -0.238773
1.39639 0.550897 -0.238773
1.39811 0.546507 -0.238773
1.34466 0.520478 -0.229348
1.35551 0.519787 -0.230919
1.34781 0.512254 -0.229348
1.34941 0.508018 -0.229348
1.36026 0.507226 -0.230919
1.35258 0.499529 -0.229348
1.35414 0.495278 -0.229348
1.35569 0.491021 -0.229348
1.36652 0.490093 -0.230919
1.36814 0.485559 -0.230919
1.36966 0.481259 -0.230919
1.36184 0.473709 -0.229348
1.36332 0.469428 -0.229348
1.37413 0.468329 -0.230919
1.3756 0.46401 -0.230919
1.36768 0.456558 -0.229348
1.37841 0.455598 -0.230919
1.37983 0.451265 -0.230919
1.39064 0.449968 -0.23249
1.38272 0.442346 -0.230919
1.3841 0.437999 -0.230919
1.40432 0.439549 -0.234061
1.38682 0.429294 -0.230919
1.39761 0.427826 -0.23249
1.41785 0.429155 -0.235632
1.4665 0.438855 -0.243486
1.47734 0.437048 -0.245057
1.48819 0.435176 -0.246628
1.4705 0.425271 -0.243486
1.46233 0.417936 -0.241915
1.49215 0.421391 -0.246628
1.50305 0.419094 -0.248199
1.46627 0.403879 -0.241915
1.47706 0.401863 -0.243486
1.4974 0.402347 -0.246628
1.49865 0.39764 -0.246628
1.49983 0.393192 -0.246628
1.50112 0.388216 -0.246628
1.53104 0.390826 -0.25134
1.53226 0.386015 -0.25134
1.53347 0.381199 -0.25134
1.50588 0.369323 -0.246628
1.52623 0.369234 -0.24977
1.53699 0.36673 -0.25134
1.49968 0.352852 -0.245057
1.49116 0.345907 -0.243486
1.47299 0.336818 -0.240344
1.47404 0.332188 -0.240344
1.46543 0.325415 -0.238773
1.46645 0.32081 -0.238773
1.48676 0.320362 -0.241915
1.48776 0.315689 -0.241915
1.48874 0.311014 -0.241915
1.48004 0.304346 -0.240344
1.50034 0.303613 -0.243486
1.49161 0.296969 -0.241915
1.50222 0.294179 -0.243486
1.51284 0.291327 -0.245057
1.50404 0.284735 -0.243486
1.51464 0.281816 -0.245057
1.5058 0.275279 -0.243486
1.50666 0.270548 -0.243486
1.52695 0.269243 -0.246628
1.52779 0.264444 -0.246628
1.50914 0.256336 -0.243486
1.51968 0.253217 -0.245057
1.54971 0.253219 -0.24977
1.59925 0.256159 -0.257624
1.60005 0.251133 -0.257624
1.60083 0.246106 -0.257624
1.61136 0.242545 -0.259195
1.62189 0.238921 -0.260766
1.63241 0.235234 -0.262337
1.63314 0.230104 -0.262337
1.63385 0.224971 -0.262337
1.65412 0.22247 -0.265478
1.63523 0.214702 -0.262337
1.64569 0.210819 -0.263907
1.63655 0.204423 -0.262337
1.61758 0.196894 -0.259195
1.6378 0.194136 -0.262337
1.66783 0.192385 -0.267049
1.66843 0.187145 -0.267049
1.58068 0.171996 -0.252911
1.60086 0.169104 -0.256053
1.58173 0.162061 -0.252911
1.61171 0.160018 -0.257624
1.60238 0.15401 -0.256053
1.61266 0.15017 -0.257624
1.61313 0.145102 -0.257624
1.61357 0.140035 -0.257624
1.59435 0.13304 -0.254482
1.61444 0.129612 -0.257624
1.62469 0.125298 -0.259195
1.62508 0.120193 -0.259195
1.61559 0.114391 -0.257624
1.6258 0.109981 -0.259195
1.62614 0.104872 -0.259195
1.63631 0.100368 -0.260766
1.63662 0.095227 -0.260766
1.63691 0.090085 -0.260766
1.64705 0.085454 -0.262337
1.65718 0.080759 -0.263907
1.65742 0.075553 -0.263907
1.64778 0.069927 -0.262337
1.65786 0.065138 -0.263907
1.6778 0.060642 -0.267049
1.66811 0.055045 -0.265478
1.67815 0.050099 -0.267049
1.6783 0.044827 -0.267049
1.14709 0.852529 -0.175971
1.11783 0.825341 -0.171083
1.12042 0.821824 -0.171083
1.09893 0.800766 -0.167417
1.07732 0.77985 -0.163751
1.07171 0.770667 -0.162529
1.07412 0.767297 -0.162529
1.08462 0.769662 -0.163751
1.08703 0.766251 -0.163751
1.08131 0.757139 -0.162529
1.09183 0.759406 -0.163751
1.08604 0.75033 -0.162529
1.08839 0.746914 -0.162529
1.09074 0.743492 -0.162529
1.09307 0.740061 -0.162529
1.11186 0.747701 -0.164973
1.10582 0.738885 -0.163751
1.11641 0.740895 -0.164973
1.12701 0.742846 -0.166195
1.12104 0.733866 -0.164973
1.12334 0.730341 -0.164973
1.13396 0.732192 -0.166195
1.14461 0.733983 -0.167417
1.13854 0.725052 -0.166195
1.14081 0.721472 -0.166195
1.14307 0.717885 -0.166195
1.14532 0.71429 -0.166195
1.14756 0.710688 -0.166195
1.14134 0.70188 -0.164973
1.15201 0.703464 -0.166195
1.15421 0.699841 -0.166195
1.1564 0.696212 -0.166195
1.15007 0.687482 -0.164973
1.15222 0.683866 -0.164973
1.15436 0.680243 -0.164973
1.16506 0.681625 -0.166195
1.1672 0.677962 -0.166195
1.17792 0.679249 -0.167417
1.16282 0.665684 -0.164973
1.1649 0.662027 -0.164973
1.18427 0.668118 -0.167417
1.19502 0.669244 -0.168639
1.19712 0.665486 -0.168639
1.20789 0.666517 -0.169861
1.20998 0.662719 -0.169861
1.21206 0.658914 -0.169861
1.22285 0.659816 -0.171083
1.21617 0.651286 -0.169861
1.20945 0.642805 -0.168639
1.22024 0.643632 -0.169861
1.22226 0.639795 -0.169861
1.22426 0.635952 -0.169861
1.22625 0.632102 -0.169861
1.2194 0.623728 -0.168639
1.23905 0.628878 -0.171083
1.22329 0.616053 -0.168639
1.24298 0.62108 -0.171083
1.2716 0.630397 -0.174749
1.25769 0.61369 -0.172305
1.22388 0.592438 -0.167417
1.27047 0.610072 -0.173527
1.26531 0.597838 -0.172305
1.24022 0.581224 -0.168639
1.23304 0.573141 -0.167417
1.24384 0.57342 -0.168639
1.23661 0.565383 -0.167417
1.24742 0.565594 -0.168639
1.24919 0.561672 -0.168639
1.25992 0.562006 -0.169861
1.2526 0.554031 -0.168639
1.25434 0.550093 -0.168639
1.25606 0.546149 -0.168639
1.26688 0.54613 -0.169861
1.26869 0.541925 -0.169861
1.26124 0.534067 -0.168639
1.26291 0.530103 -0.168639
1.27374 0.529945 -0.169861
1.2754 0.525941 -0.169861
1.26776 0.518397 -0.168639
1.27858 0.51814 -0.169861
1.28021 0.514121 -0.169861
1.28182 0.510096 -0.169861
1.30188 0.513348 -0.172305
1.29424 0.505644 -0.171083
1.28665 0.497768 -0.169861
1.29748 0.497276 -0.171083
1.30823 0.496948 -0.172305
1.2912 0.485845 -0.169861
1.31132 0.488718 -0.172305
1.30354 0.48116 -0.171083
1.31437 0.48047 -0.172305
1.31587 0.476338 -0.172305
1.31736 0.472202 -0.172305
1.30956 0.464513 -0.171083
1.32038 0.463685 -0.172305
1.34058 0.466053 -0.174749
1.31388 0.45215 -0.171083
1.34348 0.457621 -0.174749
1.33551 0.450227 -0.173527
1.34633 0.44917 -0.174749
1.32881 0.438948 -0.172305
1.33962 0.437854 -0.173527
1.33154 0.43059 -0.172305
1.34242 0.429195 -0.173527
1.3343 0.421982 -0.172305
1.34509 0.420751 -0.173527
1.33692 0.41359 -0.172305
1.3477 0.412292 -0.173527
1.36799 0.413803 -0.175971
1.36928 0.409503 -0.175971
1.36105 0.402386 -0.174749
1.40041 0.409243 -0.179637
1.40162 0.405087 -0.179637
1.42197 0.406133 -0.182081
1.41369 0.398968 -0.180859
1.415 0.394278 -0.180859
1.45451 0.400366 -0.185747
1.43661 0.390587 -0.183303
1.44741 0.388646 -0.184525
1.42944 0.379009 -0.182081
1.44016 0.377282 -0.183303
1.45101 0.374987 -0.184525
1.45218 0.370427 -0.184525
1.47259 0.370709 -0.186969
1.45448 0.361295 -0.184525
1.44597 0.354362 -0.183303
1.45672 0.352149 -0.184525
1.46748 0.349873 -0.185747
1.45891 0.34299 -0.184525
1.46965 0.340645 -0.185747
1.47071 0.336026 -0.185747
1.44271 0.324864 -0.182081
1.43403 0.31818 -0.180859
1.44472 0.315793 -0.182081
1.44571 0.311252 -0.182081
1.42726 0.302592 -0.179637
1.4282 0.298107 -0.179637
1.44858 0.297613 -0.182081
1.43978 0.291095 -0.180859
1.44068 0.28657 -0.180859
1.43184 0.280136 -0.179637
1.4522 0.279388 -0.182081
1.45307 0.274823 -0.182081
1.45393 0.270257 -0.182081
1.45477 0.265688 -0.182081
1.47514 0.264622 -0.184525
1.44664 0.254821 -0.180859
1.45721 0.251966 -0.182081
1.45799 0.247387 -0.182081
1.47835 0.246064 -0.184525
1.47911 0.241419 -0.184525
1.47006 0.235203 -0.183303
1.4904 0.233657 -0.185747
1.52056 0.233493 -0.189413
1.54092 0.231666 -0.191857
1.54164 0.226824 -0.191857
1.57181 0.226222 -0.195523
1.57252 0.221282 -0.195523
1.56337 0.214989 -0.194301
1.57387 0.211398 -0.195523
1.57453 0.206452 -0.195523
1.57517 0.201505 -0.195523
1.59549 0.199012 -0.197967
1.58626 0.192801 -0.196745
1.59671 0.188983 -0.197967
1.5973 0.183966 -0.197967
1.59787 0.178948 -0.197967
1.58859 0.172576 -0.196745
1.61873 0.170706 -0.200411
1.61926 0.165621 -0.200411
1.59014 0.157596 -0.196745
1.56099 0.149757 -0.193079
1.55155 0.144206 -0.191857
1.54211 0.138443 -0.190635
1.55242 0.134455 -0.191857
1.55286 0.129306 -0.191857
1.55326 0.124426 -0.191857
1.56354 0.120308 -0.193079
1.55401 0.114664 -0.191857
1.56426 0.110482 -0.193079
1.5646 0.105567 -0.193079
1.57483 0.101287 -0.194301
1.57514 0.09634 -0.194301
1.56553 0.090816 -0.193079
1.57571 0.086441 -0.194301
1.57598 0.08149 -0.194301
1.56631 0.076057 -0.193079
1.57646 0.071586 -0.194301
1.57668 0.066634 -0.194301
1.58679 0.062068 -0.195523
1.58698 0.057083 -0.195523
1.58715 0.052096 -0.195523
1.59723 0.047405 -0.196745
1.61721 0.042913 -0.199189
1.60742 0.037601 -0.197967
1.6373 0.033153 -0.201633
1.62747 0.027839 -0.200411
1.61763 0.022588 -0.199189
1.16741 0.867308 -0.128616
1.14608 0.84589 -0.125973
1.1166 0.818725 -0.122449
1.08696 0.791754 -0.118925
1.0733 0.776656 -0.117163
1.06765 0.767466 -0.116283
1.07006 0.764108 -0.116283
1.07245 0.760743 -0.116283
1.08298 0.763107 -0.117163
1.08537 0.759701 -0.117163
1.07957 0.750602 -0.116283
1.08193 0.747206 -0.116283
1.09248 0.749438 -0.117163
1.0866 0.740394 -0.116283
1.09717 0.742559 -0.117163
1.09123 0.733552 -0.116283
1.10168 0.735843 -0.117163
1.09569 0.726872 -0.116283
1.1146 0.734387 -0.118044
1.10857 0.725428 -0.117163
1.10249 0.716514 -0.116283
1.11311 0.718448 -0.117163
1.11536 0.714947 -0.117163
1.1176 0.71144 -0.117163
1.11983 0.707926 -0.117163
1.12205 0.704404 -0.117163
1.12425 0.700876 -0.117163
1.12645 0.69734 -0.117163
1.12015 0.688581 -0.116283
1.12231 0.685059 -0.116283
1.12445 0.68153 -0.116283
1.13512 0.68313 -0.117163
1.13726 0.67956 -0.117163
1.13083 0.670902 -0.116283
1.13293 0.667346 -0.116283
1.14362 0.668812 -0.117163
1.14571 0.665216 -0.117163
1.1478 0.661613 -0.117163
1.14122 0.653057 -0.116283
1.14327 0.649469 -0.116283
1.15398 0.650766 -0.117163
1.17341 0.656869 -0.118925
1.219 0.677371 -0.12333
1.24729 0.687972 -0.125973
1.24944 0.68405 -0.125973
1.26034 0.684877 -0.126854
1.27125 0.685643 -0.127735
1.25583 0.672244 -0.125973
1.25794 0.668296 -0.125973
1.26884 0.668986 -0.126854
1.27977 0.669614 -0.127735
1.28186 0.665591 -0.127735
1.28395 0.66156 -0.127735
1.27715 0.652988 -0.126854
1.2792 0.648973 -0.126854
1.28123 0.644951 -0.126854
1.29216 0.645374 -0.127735
1.28525 0.636889 -0.126854
1.29619 0.637242 -0.127735
1.28923 0.6288 -0.126854
1.30913 0.633424 -0.128616
1.29316 0.620687 -0.126854
1.2951 0.616622 -0.126854
1.30604 0.616804 -0.127735
1.32601 0.621149 -0.129496
1.26472 0.5876 -0.12333
1.23942 0.571118 -0.120687
1.23215 0.563081 -0.119806
1.22484 0.555095 -0.118925
1.22658 0.551245 -0.118925
1.2282 0.547603 -0.118925
1.23903 0.547769 -0.119806
1.24074 0.543874 -0.119806
1.23331 0.536003 -0.118925
1.23508 0.531911 -0.118925
1.24591 0.531939 -0.119806
1.24757 0.528022 -0.119806
1.24923 0.524101 -0.119806
1.25087 0.520173 -0.119806
1.25249 0.516241 -0.119806
1.25402 0.512522 -0.119806
1.24639 0.504841 -0.118925
1.25722 0.504633 -0.119806
1.2588 0.500681 -0.119806
1.26036 0.496724 -0.119806
1.2712 0.496385 -0.120687
1.26354 0.488574 -0.119806
1.26507 0.484603 -0.119806
1.28513 0.487918 -0.121568
1.26801 0.476866 -0.119806
1.2695 0.472879 -0.119806
1.3364 0.493023 -0.125973
1.36601 0.499078 -0.128616
1.37694 0.498172 -0.129496
1.37858 0.493604 -0.129496
1.3989 0.495927 -0.131258
1.38165 0.484932 -0.129496
1.39258 0.483859 -0.130377
1.39409 0.479481 -0.130377
1.40502 0.478309 -0.131258
1.40652 0.473893 -0.131258
1.408 0.469472 -0.131258
1.41885 0.468415 -0.132139
1.41084 0.460862 -0.131258
1.41236 0.456181 -0.131258
1.42328 0.454774 -0.132139
1.4152 0.447298 -0.131258
1.4166 0.44285 -0.131258
1.41798 0.438397 -0.131258
1.41935 0.43394 -0.131258
1.42071 0.429479 -0.131258
1.4316 0.427866 -0.132139
1.44249 0.426189 -0.13302
1.41513 0.413278 -0.130377
1.3685 0.395257 -0.125973
1.36016 0.388222 -0.125092
1.36144 0.383709 -0.125092
1.35304 0.376758 -0.124211
1.35422 0.372506 -0.124211
1.35538 0.36825 -0.124211
1.35653 0.36399 -0.124211
1.37693 0.364829 -0.125973
1.35879 0.355459 -0.124211
1.3599 0.351188 -0.124211
1.37065 0.349375 -0.125092
1.37174 0.345068 -0.125092
1.37282 0.340756 -0.125092
1.38356 0.33881 -0.125973
1.36525 0.329785 -0.124211
1.39535 0.33242 -0.126854
1.39639 0.328035 -0.126854
1.39741 0.323646 -0.126854
1.39842 0.319254 -0.126854
1.40914 0.317046 -0.127735
1.4004 0.310461 -0.126854
1.39164 0.303935 -0.125973
1.43154 0.307941 -0.129496
1.48122 0.313763 -0.133901
1.5017 0.313176 -0.135663
1.50268 0.308456 -0.135663
1.51341 0.305706 -0.136544
1.51436 0.30095 -0.136544
1.5153 0.296191 -0.136544
1.51622 0.29143 -0.136544
1.5367 0.290363 -0.138306
1.53761 0.285535 -0.138306
1.5385 0.280702 -0.138306
1.54918 0.277625 -0.139187
1.55004 0.272757 -0.139187
1.54108 0.26619 -0.138306
1.56155 0.264676 -0.140068
1.55254 0.258136 -0.139187
1.56318 0.25486 -0.140068
1.55413 0.248376 -0.139187
1.54507 0.241951 -0.138306
1.54582 0.237095 -0.138306
1.52685 0.22928 -0.136544
1.46844 0.215793 -0.131258
1.46911 0.211179 -0.131258
1.47963 0.207948 -0.132139
1.4704 0.201943 -0.131258
1.49078 0.199971 -0.13302
1.4914 0.195287 -0.13302
1.492 0.190601 -0.13302
1.4926 0.185913 -0.13302
1.49317 0.181222 -0.13302
1.49373 0.176531 -0.13302
1.50418 0.172975 -0.133901
1.50474 0.167987 -0.133901
1.49536 0.162184 -0.13302
1.50577 0.158528 -0.133901
1.50626 0.153797 -0.133901
1.50673 0.149064 -0.133901
1.5072 0.14433 -0.133901
1.51754 0.140778 -0.134782
1.50805 0.13512 -0.133901
1.55811 0.1344 -0.138306
1.60816 0.133628 -0.14271
1.62843 0.130162 -0.144472
1.62883 0.125046 -0.144472
1.62922 0.119928 -0.144472
1.63952 0.11551 -0.145353
1.64981 0.111027 -0.146234
1.64022 0.105205 -0.145353
1.64054 0.100052 -0.145353
1.64084 0.094898 -0.145353
1.65108 0.090287 -0.146234
1.6613 0.085612 -0.147115
1.65161 0.07991 -0.146234
1.66181 0.075172 -0.147115
1.66204 0.069951 -0.147115
1.6722 0.065117 -0.147996
1.69231 0.060575 -0.149758
1.64271 0.053633 -0.145353
1.613 0.047591 -0.14271
1.59323 0.041999 -0.140949
1.59335 0.036993 -0.140949
1.60342 0.032187 -0.141829
1.60351 0.027149 -0.141829
1.60359 0.022112 -0.141829
1.60365 0.017074 -0.141829
1.6037 0.012036 -0.141829
1.63361 0.007128 -0.144472
1.14645 0.851429 -0.074973
1.13305 0.835966 -0.073924
1.10345 0.808787 -0.071827
1.05755 0.770048 -0.068681
1.05996 0.766721 -0.068681
1.04615 0.751733 -0.067633
1.0485 0.748443 -0.067633
1.05085 0.745145 -0.067633
1.05318 0.74184 -0.067633
1.05551 0.738527 -0.067633
1.04963 0.729509 -0.067108
1.06013 0.731881 -0.067633
1.06242 0.728547 -0.067633
1.06471 0.725206 -0.067633
1.07525 0.727453 -0.068157
1.07753 0.724072 -0.068157
1.07968 0.720871 -0.068157
1.09026 0.722995 -0.068681
1.10086 0.725059 -0.069205
1.08642 0.710664 -0.068157
1.08027 0.701807 -0.067633
1.09926 0.709238 -0.068681
1.09307 0.700393 -0.068157
1.09527 0.696955 -0.068157
1.10589 0.698846 -0.068681
1.10808 0.695368 -0.068681
1.10179 0.686602 -0.068157
1.11243 0.688392 -0.068681
1.1231 0.690122 -0.069205
1.11673 0.681389 -0.068681
1.12741 0.683052 -0.069205
1.12955 0.679507 -0.069205
1.12311 0.670834 -0.068681
1.12521 0.667302 -0.068681
1.1273 0.663764 -0.068681
1.12938 0.660219 -0.068681
1.14872 0.666694 -0.06973
1.14216 0.658096 -0.069205
1.13555 0.649546 -0.068681
1.13758 0.645976 -0.068681
1.13961 0.642398 -0.068681
1.14162 0.638815 -0.068681
1.15235 0.640074 -0.069205
1.1631 0.641273 -0.06973
1.15635 0.632822 -0.069205
1.15833 0.629185 -0.069205
1.1603 0.625543 -0.069205
1.17107 0.626606 -0.06973
1.17303 0.622924 -0.06973
1.16615 0.61458 -0.069205
1.16807 0.610913 -0.069205
1.16999 0.607241 -0.069205
1.17189 0.603562 -0.069205
1.18267 0.604422 -0.06973
1.17566 0.596187 -0.069205
1.18645 0.596979 -0.06973
1.18832 0.593249 -0.06973
1.19017 0.589513 -0.06973
1.20098 0.590175 -0.070254
1.19385 0.582024 -0.06973
1.19568 0.57827 -0.06973
1.19749 0.574511 -0.06973
1.19929 0.570746 -0.06973
1.20107 0.566975 -0.06973
1.20285 0.563199 -0.06973
1.19555 0.555211 -0.069205
1.25171 0.576519 -0.072351
1.18994 0.54354 -0.068681
1.22802 0.556281 -0.070778
1.21155 0.544236 -0.06973
1.2314 0.548769 -0.070778
1.22398 0.540862 -0.070254
1.26226 0.553044 -0.072351
1.25484 0.545097 -0.071827
1.25663 0.540933 -0.071827
1.26751 0.540902 -0.072351
1.25081 0.529136 -0.071303
1.26168 0.529066 -0.071827
1.25411 0.521266 -0.071303
1.26498 0.521128 -0.071827
1.25727 0.513595 -0.071303
1.27739 0.517138 -0.072351
1.24194 0.49825 -0.070254
1.28062 0.509102 -0.072351
1.24504 0.490436 -0.070254
1.26518 0.493784 -0.071303
1.26682 0.489586 -0.071303
1.25902 0.482033 -0.070778
1.26045 0.478295 -0.070778
1.28064 0.48136 -0.071827
1.27278 0.47385 -0.071303
1.27427 0.469849 -0.071303
1.2945 0.472695 -0.072351
1.30537 0.472021 -0.072875
1.30693 0.46769 -0.072875
1.28956 0.456912 -0.071827
1.29099 0.452858 -0.071827
1.29241 0.4488 -0.071827
1.30326 0.447984 -0.072351
1.2952 0.44067 -0.071827
1.30605 0.439787 -0.072351
1.30742 0.435681 -0.072351
1.30871 0.4318 -0.072351
1.31955 0.430786 -0.072875
1.32097 0.426408 -0.072875
1.3223 0.422256 -0.072875
1.32362 0.418099 -0.072875
1.34399 0.419895 -0.073924
1.32623 0.409774 -0.072875
1.34661 0.411442 -0.073924
1.33833 0.404322 -0.0734
1.3396 0.400115 -0.0734
1.35043 0.398733 -0.073924
1.3325 0.388892 -0.072875
1.38162 0.398784 -0.075497
1.35406 0.386224 -0.073924
1.36494 0.384439 -0.074448
1.33728 0.372118 -0.072875
1.3577 0.373208 -0.073924
1.3685 0.371558 -0.074448
1.36966 0.367257 -0.074448
1.37081 0.362952 -0.074448
1.37195 0.358643 -0.074448
1.38273 0.356827 -0.074973
1.38385 0.352481 -0.074973
1.38495 0.348132 -0.074973
1.36665 0.338971 -0.073924
1.37741 0.337049 -0.074448
1.38817 0.335064 -0.074973
1.38921 0.330701 -0.074973
1.39025 0.326336 -0.074973
1.38154 0.319714 -0.074448
1.39227 0.317593 -0.074973
1.38352 0.311028 -0.074448
1.38449 0.30668 -0.074448
1.3952 0.304458 -0.074973
1.39615 0.300073 -0.074973
1.37755 0.29155 -0.073924
1.40778 0.293333 -0.075497
1.42826 0.292921 -0.076545
1.42918 0.288433 -0.076545
1.43008 0.283941 -0.076545
1.44076 0.281361 -0.07707
1.44164 0.276834 -0.07707
1.4425 0.272303 -0.07707
1.45317 0.269592 -0.077594
1.44418 0.263234 -0.07707
1.46466 0.262215 -0.078118
1.46548 0.257613 -0.078118
1.46628 0.253007 -0.078118
1.48676 0.251734 -0.079167
1.48755 0.247062 -0.079167
1.48831 0.242388 -0.079167
1.49893 0.239285 -0.079691
1.48981 0.233031 -0.079167
1.52015 0.232886 -0.08074
1.511 0.226628 -0.080215
1.53146 0.224781 -0.081264
1.49262 0.214292 -0.079167
1.45373 0.204049 -0.07707
1.49394 0.204909 -0.079167
1.45498 0.194911 -0.07707
1.45559 0.19034 -0.07707
1.47599 0.188294 -0.078118
1.46666 0.182423 -0.077594
1.47714 0.179015 -0.078118
1.45786 0.172033 -0.07707
1.46832 0.168592 -0.077594
1.47879 0.164828 -0.078118
1.4793 0.160181 -0.078118
1.48973 0.156577 -0.078643
1.48028 0.150883 -0.078118
1.48075 0.146232 -0.078118
1.4812 0.141579 -0.078118
1.48161 0.137184 -0.078118
1.49198 0.133418 -0.078643
1.51232 0.130184 -0.079691
1.51272 0.125431 -0.079691
1.4932 0.11909 -0.078643
1.53339 0.11745 -0.08074
1.58355 0.116288 -0.083361
1.60383 0.112714 -0.08441
1.60418 0.107674 -0.08441
1.61447 0.103271 -0.084934
1.60482 0.097593 -0.08441
1.62506 0.093701 -0.085458
1.62534 0.088595 -0.085458
1.62562 0.083488 -0.085458
1.63584 0.078861 -0.085982
1.63608 0.073722 -0.085982
1.63631 0.068582 -0.085982
1.63652 0.06344 -0.085982
1.63671 0.058299 -0.085982
1.63688 0.053157 -0.085982
1.62706 0.047721 -0.085458
1.65715 0.043394 -0.087031
1.61734 0.037267 -0.084934
1.56753 0.031193 -0.082312
1.57761 0.026435 -0.082837
1.57768 0.021479 -0.082837
1.57774 0.016523 -0.082837
1.57779 0.011566 -0.082837
1.57781 0.006609 -0.082837
1.57783 0.001652 -0.082837
1.58781 -0.003326 -0.083361
1.58779 -0.008314 -0.083361
1.11604 0.828241 -0.023888
1.09449 0.806931 -0.023372
1.09702 0.803488 -0.023372
1.0672 0.776507 -0.022685
1.06153 0.767293 -0.022513
1.03957 0.74646 -0.021997
1.05819 0.754802 -0.022341
1.03609 0.734132 -0.021825
1.04656 0.736629 -0.021997
1.04887 0.733337 -0.021997
1.05117 0.730039 -0.021997
1.04523 0.721055 -0.021825
1.05574 0.723419 -0.021997
1.058 0.720099 -0.021997
1.06842 0.722558 -0.022169
1.05408 0.708048 -0.021825
1.08957 0.726929 -0.022513
1.12519 0.745594 -0.0232
1.13588 0.747552 -0.023372
1.14659 0.749451 -0.023544
1.14894 0.745845 -0.023544
1.14287 0.736814 -0.023372
1.1536 0.738611 -0.023544
1.14748 0.729618 -0.023372
1.15822 0.731349 -0.023544
1.15204 0.722394 -0.023372
1.16279 0.724057 -0.023544
1.13955 0.704625 -0.023028
1.16732 0.716736 -0.023544
1.16956 0.713066 -0.023544
1.14614 0.693853 -0.023028
1.18259 0.710854 -0.023716
1.17623 0.702011 -0.023544
1.17843 0.698312 -0.023544
1.16339 0.684467 -0.0232
1.16553 0.680808 -0.0232
1.18496 0.687175 -0.023544
1.16979 0.673471 -0.0232
1.18058 0.674755 -0.023372
1.19139 0.675977 -0.023544
1.18479 0.667324 -0.023372
1.19561 0.668478 -0.023544
1.17148 0.650162 -0.023028
1.14724 0.632005 -0.022513
1.14045 0.623601 -0.022341
1.1424 0.620015 -0.022341
1.14434 0.616423 -0.022341
1.13746 0.608111 -0.022169
1.13936 0.604535 -0.022169
1.14126 0.600953 -0.022169
1.152 0.601995 -0.022341
1.15389 0.598373 -0.022341
1.14687 0.59017 -0.022169
1.14872 0.586564 -0.022169
1.15055 0.582952 -0.022169
1.15238 0.579335 -0.022169
1.16314 0.580175 -0.022341
1.16496 0.576518 -0.022341
1.16676 0.572855 -0.022341
1.17755 0.573565 -0.022513
1.17934 0.569863 -0.022513
1.17211 0.561833 -0.022341
1.17387 0.558148 -0.022341
1.18466 0.558722 -0.022513
1.17735 0.550762 -0.022341
1.18815 0.551268 -0.022513
1.18079 0.543353 -0.022341
1.18249 0.539641 -0.022341
1.1932 0.540254 -0.022513
1.20401 0.540598 -0.022685
1.2331 0.549013 -0.0232
1.25312 0.553213 -0.023544
1.27317 0.557292 -0.023888
1.28408 0.55727 -0.02406
1.26746 0.54533 -0.023716
1.28756 0.549191 -0.02406
1.28937 0.544918 -0.02406
1.29108 0.540865 -0.02406
1.26498 0.525524 -0.023544
1.29436 0.532968 -0.02406
1.29603 0.528899 -0.02406
1.28841 0.521076 -0.023888
1.28076 0.513306 -0.023716
1.30096 0.516661 -0.02406
1.30257 0.512571 -0.02406
1.30418 0.508476 -0.02406
1.31509 0.50798 -0.024231
1.29801 0.496699 -0.023888
1.29956 0.492619 -0.023888
1.31046 0.492048 -0.02406
1.312 0.487929 -0.02406
1.33229 0.490716 -0.024403
1.32443 0.483102 -0.024231
1.30714 0.472145 -0.023888
1.26154 0.4512 -0.023028
1.27238 0.450573 -0.0232
1.25499 0.439738 -0.022857
1.24692 0.432517 -0.022685
1.26719 0.435091 -0.023028
1.27802 0.434325 -0.0232
1.26982 0.427343 -0.023028
1.27116 0.423351 -0.023028
1.28198 0.422485 -0.0232
1.26429 0.412256 -0.022857
1.28461 0.414422 -0.0232
1.2859 0.410384 -0.0232
1.28726 0.406118 -0.0232
1.28853 0.402072 -0.0232
1.28978 0.398021 -0.0232
1.30059 0.396886 -0.023372
1.30183 0.392798 -0.023372
1.31264 0.391564 -0.023544
1.3138 0.387668 -0.023544
1.30541 0.380739 -0.023372
1.3066 0.376636 -0.023372
1.30778 0.37253 -0.023372
1.30894 0.368419 -0.023372
1.31972 0.366984 -0.023544
1.33057 0.365252 -0.023716
1.37032 0.371536 -0.024403
1.40039 0.375233 -0.024919
1.39189 0.368273 -0.024747
1.40272 0.366425 -0.024919
1.41354 0.364514 -0.025091
1.39536 0.354896 -0.024747
1.40617 0.352945 -0.024919
1.39757 0.346121 -0.024747
1.42778 0.348848 -0.025263
1.40943 0.339676 -0.024919
1.42995 0.339871 -0.025263
1.41154 0.330814 -0.024919
1.45154 0.335381 -0.025606
1.43309 0.326378 -0.025263
1.43411 0.321875 -0.025263
1.43511 0.317368 -0.025263
1.45564 0.317115 -0.025606
1.4273 0.306247 -0.025091
1.43804 0.303828 -0.025263
1.45856 0.303382 -0.025606
1.44971 0.296792 -0.025434
1.43104 0.288287 -0.025091
1.38289 0.274071 -0.024231
1.38375 0.269726 -0.024231
1.37477 0.263495 -0.02406
1.37559 0.259175 -0.02406
1.38623 0.256672 -0.024231
1.39687 0.254105 -0.024403
1.38781 0.247957 -0.024231
1.39843 0.245324 -0.024403
1.3992 0.240929 -0.024403
1.39995 0.236532 -0.024403
1.40068 0.232133 -0.024403
1.42114 0.230939 -0.024747
1.41199 0.224901 -0.024575
1.42257 0.222005 -0.024747
1.41338 0.216024 -0.024575
1.42394 0.213063 -0.024747
1.4246 0.208588 -0.024747
1.42525 0.204112 -0.024747
1.42588 0.199633 -0.024747
1.43641 0.196507 -0.024919
1.40728 0.188022 -0.024403
1.45744 0.190065 -0.025263
1.49771 0.190532 -0.02595
1.51814 0.188287 -0.026294
1.51873 0.183517 -0.026294
1.51929 0.178745 -0.026294
1.53972 0.176245 -0.026637
1.52039 0.169195 -0.026294
1.54079 0.166568 -0.026637
1.53139 0.160415 -0.026466
1.53189 0.155604 -0.026466
1.54229 0.152039 -0.026637
1.53281 0.146243 -0.026466
1.54322 0.142345 -0.026637
1.54366 0.137496 -0.026637
1.55405 0.133503 -0.026809
1.55446 0.128619 -0.026809
1.54491 0.122672 -0.026637
1.55526 0.118578 -0.026809
1.57556 0.115149 -0.027153
1.52605 0.106712 -0.026294
1.50642 0.100585 -0.02595
1.51671 0.096486 -0.026122
1.50703 0.091118 -0.02595
1.5073 0.086383 -0.02595
1.50757 0.081647 -0.02595
1.5178 0.07742 -0.026122
1.50805 0.072173 -0.02595
1.51826 0.067882 -0.026122
1.52845 0.063527 -0.026294
1.52865 0.058725 -0.026294
1.51883 0.05357 -0.026122
1.52899 0.049118 -0.026294
1.53913 0.044605 -0.026466
1.53926 0.03977 -0.026466
1.53938 0.034933 -0.026466
1.52948 0.029902 -0.026294
1.54956 0.025424 -0.026637
1.53964 0.020424 -0.026466
1.54969 0.015688 -0.026637
1.54973 0.010819 -0.026637
1.55976 0.005989 -0.026809
1.56977 0.001096 -0.026981
1.56976 -0.003836 -0.026981
1.55974 -0.008711 -0.026809
1.55971 -0.013611 -0.026809
1.55966 -0.018511 -0.026809
1.55959 -0.023683 -0.026809
0.887982 0.667443 0.2975
0.843636 0.629973 0.281979
0.845611 0.62732 0.281979
0.847578 0.62466 0.281979
0.841742 0.616288 0.279392
0.843674 0.61364 0.279392
0.845598 0.610987 0.279392
0.847513 0.608327 0.279392
0.857285 0.61127 0.281979
0.843436 0.597407 0.276805
0.853209 0.600313 0.279392
0.85509 0.597629 0.279392
0.849029 0.589431 0.276805
0.850876 0.586761 0.276805
0.852716 0.584085 0.276805
0.862533 0.586837 0.279392
0.86427 0.584275 0.279392
0.866101 0.581557 0.279392
0.859888 0.573474 0.276805
0.869738 0.576104 0.279392
0.871544 0.573369 0.279392
0.873341 0.570628 0.279392
0.875129 0.567881 0.279392
0.876909 0.565129 0.279392
0.886816 0.567579 0.281979
0.888595 0.56479 0.281979
0.890365 0.561996 0.281979
0.883941 0.554065 0.279392
0.885677 0.551286 0.279392
0.887405 0.5485 0.279392
0.889124 0.54571 0.279392
0.890834 0.542914 0.279392
0.892535 0.540113 0.279392
0.902507 0.542281 0.281979
0.904207 0.539443 0.281979
0.897586 0.531677 0.279392
0.907578 0.533751 0.281979
0.90925 0.530897 0.281979
0.910914 0.528038 0.281979
0.912568 0.525174 0.281979
0.905826 0.517513 0.279392
0.91585 0.51943 0.281979
0.917477 0.51655 0.281979
0.910663 0.508953 0.279392
0.912258 0.506089 0.279392
0.913843 0.503221 0.279392
0.915419 0.500347 0.279392
0.916987 0.497469 0.279392
0.92705 0.499165 0.281979
0.928614 0.49625 0.281979
0.930168 0.493331 0.281979
0.931714 0.490406 0.281979
0.93325 0.487476 0.281979
0.934776 0.484542 0.281979
0.936294 0.481603 0.281979
0.937802 0.478659 0.281979
0.939302 0.475711 0.281979
0.949423 0.477095 0.284566
0.942272 0.4698 0.281979
0.943743 0.466837 0.281979
0.953877 0.468125 0.284566
0.937973 0.45667 0.279392
0.948101 0.457922 0.281979
0.958246 0.459115 0.284566
0.95096 0.451956 0.281979
0.961112 0.453085 0.284566
0.962531 0.450063 0.284566
0.96394 0.447037 0.284566
0.96534 0.444007 0.284566
0.96673 0.440972 0.284566
0.959234 0.434119 0.281979
0.969405 0.435058 0.284566
0.979593 0.435938 0.287153
0.97212 0.428959 0.284566
0.973463 0.425903 0.284566
0.983658 0.426686 0.287153
0.976119 0.419778 0.284566
0.986319 0.420497 0.287153
0.987708 0.417224 0.287153
0.989014 0.414119 0.287153
0.990238 0.411183 0.287153
0.991525 0.40807 0.287153
0.992802 0.404953 0.287153
0.99407 0.401832 0.287153
0.995327 0.398707 0.287153
1.00555 0.399142 0.289739
0.997813 0.392446 0.287153
1.00804 0.392816 0.289739
1.00026 0.386168 0.287153
1.01049 0.386475 0.289739
1.00267 0.379876 0.287153
1.0129 0.380118 0.289739
1.01409 0.376934 0.289739
1.02433 0.377083 0.292326
1.01644 0.370555 0.289739
1.01759 0.36736 0.289739
1.01874 0.364161 0.289739
1.01988 0.360959 0.289739
1.02107 0.357575 0.289739
1.03132 0.35753 0.292326
1.0233 0.351152 0.289739
1.0244 0.347935 0.289739
1.03458 0.347974 0.292326
1.03567 0.344722 0.292326
1.03675 0.341467 0.292326
1.03781 0.338208 0.292326
1.03887 0.334946 0.292326
1.03992 0.331681 0.292326
1.04101 0.32823 0.292326
1.05126 0.327834 0.294913
1.04306 0.321683 0.292326
1.04406 0.318405 0.292326
1.0543 0.317912 0.294913
1.0553 0.314598 0.294913
1.05623 0.311465 0.294913
1.0572 0.308146 0.294913
1.05816 0.304823 0.294913
1.05912 0.301497 0.294913
1.06006 0.298168 0.294913
1.06099 0.294836 0.294913
1.06196 0.291317 0.294913
1.06287 0.287979 0.294913
1.07305 0.287323 0.2975
1.07395 0.28395 0.2975
1.07484 0.280574 0.2975
1.07571 0.277197 0.2975
1.07662 0.273628 0.2975
1.07748 0.270245 0.2975
1.0877 0.269178 0.300087
1.08854 0.26576 0.300087
1.08937 0.262339 0.300087
1.09019 0.258915 0.300087
1.08159 0.253287 0.2975
1.09179 0.25206 0.300087
1.09258 0.248629 0.300087
1.08393 0.243082 0.2975
1.09412 0.24176 0.300087
1.09487 0.238321 0.300087
1.09562 0.23488 0.300087
1.09635 0.231437 0.300087
1.09707 0.227992 0.300087
1.09778 0.224544 0.300087
1.09848 0.221094 0.300087
1.10865 0.219518 0.302674
1.09985 0.214188 0.300087
1.11001 0.212548 0.302674
1.11067 0.20906 0.302674
1.11132 0.205569 0.302674
1.12146 0.203804 0.305261
1.11259 0.198583 0.302674
1.12272 0.196754 0.305261
1.11381 0.191588 0.302674
1.12393 0.189696 0.305261
1.12453 0.186164 0.305261
1.12511 0.18263 0.305261
1.12567 0.179095 0.305261
1.13577 0.177045 0.307848
1.13633 0.173476 0.307848
1.12731 0.168478 0.305261
1.13739 0.166333 0.307848
1.13791 0.162759 0.307848
1.13842 0.159184 0.307848
1.15805 0.158221 0.313022
1.15854 0.154583 0.313022
1.15902 0.150942 0.313022
1.15949 0.1473 0.313022
1.16954 0.144844 0.315609
1.17957 0.142326 0.318196
1.1992 0.140874 0.32337
1.19964 0.137106 0.32337
1.20966 0.134403 0.325957
1.21008 0.130602 0.325957
1.22011 0.127593 0.328544
1.2109 0.122785 0.325957
0.91352 0.681909 0.263404
0.884353 0.655821 0.254398
0.87072 0.641481 0.249896
0.872731 0.638743 0.249896
0.874734 0.635998 0.249896
0.868829 0.627541 0.247644
0.878712 0.630489 0.249896
0.880689 0.627726 0.249896
0.882657 0.624956 0.249896
0.884615 0.62218 0.249896
0.886566 0.619397 0.249896
0.888507 0.616609 0.249896
0.89044 0.613815 0.249896
0.892364 0.611014 0.249896
0.894279 0.608208 0.249896
0.89608 0.605552 0.249896
0.897978 0.602734 0.249896
0.899867 0.59991 0.249896
0.901747 0.59708 0.249896
0.903618 0.594244 0.249896
0.905481 0.591402 0.249896
0.89916 0.583252 0.247644
0.909179 0.585701 0.249896
0.911014 0.582842 0.249896
0.912841 0.579977 0.249896
0.914658 0.577107 0.249896
0.916467 0.57423 0.249896
0.909994 0.566201 0.247644
0.920057 0.56846 0.249896
0.921838 0.565567 0.249896
0.92361 0.562669 0.249896
0.925374 0.559764 0.249896
0.927127 0.556854 0.249896
0.937241 0.558929 0.252147
0.930608 0.551018 0.249896
0.940734 0.55303 0.252147
0.942467 0.550071 0.252147
0.93576 0.542223 0.249896
0.945904 0.544139 0.252147
0.939148 0.536333 0.249896
0.940828 0.53338 0.249896
0.950991 0.5352 0.252147
0.952667 0.53221 0.252147
0.954335 0.529214 0.252147
0.955992 0.526213 0.252147
0.94909 0.518536 0.249896
0.950715 0.515552 0.249896
0.95233 0.512562 0.249896
0.953935 0.509568 0.249896
0.96414 0.511132 0.252147
0.965741 0.508101 0.252147
0.967332 0.505064 0.252147
0.960263 0.497541 0.249896
0.970487 0.498976 0.252147
0.972049 0.495925 0.252147
0.973603 0.492869 0.252147
0.96644 0.485434 0.249896
0.97668 0.486742 0.252147
0.978204 0.483671 0.252147
0.979719 0.480596 0.252147
0.981224 0.477516 0.252147
0.98272 0.47443 0.252147
0.984205 0.471341 0.252147
0.985681 0.468247 0.252147
0.987147 0.465148 0.252147
0.99743 0.46617 0.254398
0.99889 0.463034 0.254398
1.00034 0.459893 0.254398
0.992914 0.452707 0.252147
0.994253 0.449758 0.252147
1.00455 0.450621 0.254398
0.997059 0.443502 0.252147
0.998448 0.440368 0.252147
1.00875 0.441133 0.254398
1.01013 0.437962 0.254398
1.01151 0.434786 0.254398
1.0039 0.427786 0.252147
1.01429 0.428245 0.254398
1.01563 0.425057 0.254398
1.01689 0.422041 0.254398
1.01821 0.418844 0.254398
1.01952 0.415643 0.254398
1.02986 0.416088 0.25665
1.02211 0.40923 0.254398
1.02339 0.406016 0.254398
1.02466 0.402799 0.254398
1.02592 0.399578 0.254398
1.03626 0.399861 0.25665
1.03752 0.396604 0.25665
1.02964 0.389892 0.254398
1.03086 0.386655 0.254398
1.04121 0.386807 0.25665
1.05156 0.386899 0.258901
1.04362 0.380258 0.25665
1.04481 0.376977 0.25665
1.05516 0.376971 0.258901
1.04715 0.370406 0.25665
1.05757 0.370149 0.258901
1.05873 0.366825 0.258901
1.05066 0.360336 0.25665
1.06101 0.360165 0.258901
1.06208 0.357016 0.258901
1.06319 0.353678 0.258901
1.0643 0.350336 0.258901
1.0654 0.34699 0.258901
1.06648 0.343642 0.258901
1.06755 0.34029 0.258901
1.07797 0.339676 0.261152
1.07903 0.336287 0.261152
1.07077 0.330026 0.258901
1.08112 0.329501 0.261152
1.08215 0.326104 0.261152
1.08317 0.322702 0.261152
1.08413 0.319486 0.261152
1.08512 0.316079 0.261152
1.08611 0.312669 0.261152
1.08709 0.309255 0.261152
1.09743 0.308475 0.263404
1.0984 0.305025 0.263404
1.0994 0.301381 0.263404
1.09094 0.29538 0.261152
1.10122 0.29466 0.263404
1.10214 0.291199 0.263404
1.10305 0.287735 0.263404
1.10395 0.284268 0.263404
1.10489 0.280606 0.263404
1.11522 0.279502 0.265655
1.11609 0.275997 0.265655
1.12642 0.274798 0.267906
1.12727 0.271259 0.267906
1.12812 0.267716 0.267906
1.11947 0.26195 0.265655
1.12029 0.258432 0.265655
1.12109 0.254911 0.265655
1.13139 0.253519 0.267906
1.12267 0.247863 0.265655
1.13296 0.246405 0.267906
1.13373 0.242845 0.267906
1.13449 0.239281 0.267906
1.14478 0.237698 0.270158
1.14552 0.2341 0.270158
1.1558 0.23242 0.272409
1.15653 0.228788 0.272409
1.15724 0.225154 0.272409
1.16751 0.223348 0.27466
1.15863 0.217878 0.272409
1.15931 0.214237 0.272409
1.15998 0.210594 0.272409
1.16063 0.206949 0.272409
1.17087 0.204982 0.27466
1.16191 0.199653 0.272409
1.16253 0.196001 0.272409
1.17275 0.193938 0.27466
1.18297 0.191812 0.276912
1.17395 0.186566 0.27466
1.18416 0.184375 0.276912
1.18473 0.180654 0.276912
1.17566 0.175493 0.27466
1.19548 0.174615 0.279163
1.18638 0.16948 0.276912
1.18691 0.165753 0.276912
1.19708 0.16334 0.279163
1.19758 0.159579 0.279163
1.20774 0.157072 0.281414
1.19856 0.152051 0.279163
1.2087 0.149481 0.281414
1.19949 0.144517 0.279163
1.20962 0.141883 0.281414
1.21974 0.139187 0.283665
1.21048 0.13428 0.281414
1.2109 0.130477 0.281414
1.21133 0.12646 0.281414
1.22141 0.123636 0.283665
1.21208 0.119059 0.281414
1.22214 0.116172 0.283665
1.2225 0.112332 0.283665
1.22285 0.108491 0.283665
1.23289 0.10548 0.285917
1.23322 0.101606 0.285917
1.23355 0.097515 0.285917
1.23385 0.09364 0.285917
1.24385 0.09047 0.288168
1.24413 0.086562 0.288168
1.2444 0.082653 0.288168
1.24465 0.078743 0.288168
1.24489 0.074833 0.288168
1.25485 0.071476 0.290419
1.24534 0.067009 0.288168
1.25527 0.06359 0.290419
1.25547 0.059645 0.290419
1.25565 0.055701 0.290419
1.26555 0.052158 0.292671
1.26571 0.048181 0.292671
1.26585 0.044205 0.292671
1.26599 0.040227 0.292671
1.27585 0.036529 0.294922
1.27596 0.032521 0.294922
1.27605 0.028512 0.294922
1.27613 0.024503 0.294922
1.28595 0.02065 0.297173
1.27626 0.016484 0.294922
1.27631 0.012475 0.294922
1.27634 0.008465 0.294922
1.28611 0.004489 0.297173
1.28611 0.000449 0.297173
1.28611 -0.003592 0.297173
1.28609 -0.007632 0.297173
1.2958 -0.011761 0.299425
1.29576 -0.015831 0.299425
1.2957 -0.020128 0.299425
1.29563 -0.024199 0.299425
1.30529 -0.028482 0.301676
1.30519 -0.032582 0.301676
1.31482 -0.036956 0.303927
1.30496 -0.040782 0.301676
1.31457 -0.045217 0.303927
1.31442 -0.049346 0.303927
1.32399 -0.053871 0.306179
1.31408 -0.057604 0.303927
1.32363 -0.062189 0.306179
1.33316 -0.066835 0.30843
1.33294 -0.071023 0.30843
1.33271 -0.07521 0.30843
1.33247 -0.079396 0.30843
1.35166 -0.084802 0.312933
1.35139 -0.089048 0.312933
1.36082 -0.093964 0.315184
1.37024 -0.098941 0.317435
1.3602 -0.102513 0.315184
1.36959 -0.107548 0.317435
1.07783 0.804269 0.261401
1.02515 0.759958 0.248045
1.01406 0.74191 0.244229
0.984626 0.715635 0.236597
1.01075 0.729777 0.242321
0.981126 0.703713 0.234689
0.983332 0.700628 0.234689
0.969504 0.686193 0.230873
0.979685 0.68879 0.232781
0.989892 0.691329 0.234689
1.00012 0.693811 0.236597
0.994216 0.685096 0.234689
0.996363 0.681969 0.234689
0.998501 0.678835 0.234689
1.00876 0.681189 0.236597
1.00263 0.672723 0.234689
1.01291 0.675014 0.236597
1.01502 0.671828 0.236597
1.00892 0.663244 0.234689
1.011 0.660071 0.234689
0.996599 0.64621 0.230873
0.998624 0.643076 0.230873
1.01718 0.650513 0.234689
1.01922 0.647315 0.234689
1.01294 0.638873 0.232781
1.01495 0.635687 0.232781
1.01694 0.632496 0.232781
1.02727 0.634456 0.234689
1.02926 0.631226 0.234689
1.03124 0.627989 0.234689
1.0164 0.614587 0.230873
1.03516 0.621497 0.234689
1.02868 0.613215 0.232781
1.03905 0.614981 0.234689
1.03251 0.60674 0.232781
1.03441 0.603493 0.232781
1.0363 0.600241 0.232781
1.04669 0.601875 0.234689
1.04858 0.598584 0.234689
1.059 0.600127 0.236597
1.06088 0.596797 0.236597
1.06274 0.593461 0.236597
1.0646 0.590119 0.236597
1.05785 0.58204 0.234689
1.06829 0.583419 0.236597
1.06149 0.575382 0.234689
1.07194 0.576695 0.236597
1.06508 0.568701 0.234689
1.05819 0.560756 0.232781
1.05995 0.557429 0.232781
1.0791 0.563179 0.236597
1.06343 0.550757 0.232781
1.08261 0.556389 0.236597
1.07561 0.548525 0.234689
1.07733 0.545143 0.234689
1.08781 0.54616 0.236597
1.08952 0.54274 0.236597
1.10002 0.543664 0.238505
1.09291 0.535884 0.236597
1.10342 0.536742 0.238505
1.09625 0.529006 0.236597
1.09791 0.52556 0.236597
1.09956 0.522108 0.236597
1.11007 0.522834 0.238505
1.10282 0.515189 0.236597
1.11334 0.515849 0.238505
1.10603 0.50825 0.236597
1.10762 0.504773 0.236597
1.11815 0.505333 0.238505
1.10173 0.493981 0.234689
1.11224 0.494505 0.236597
1.12277 0.494968 0.238505
1.11533 0.487507 0.236597
1.12586 0.487904 0.238505
1.12739 0.484365 0.238505
1.12899 0.480623 0.238505
1.13049 0.477074 0.238505
1.14104 0.477309 0.240413
1.1244 0.466202 0.236597
1.13486 0.466596 0.238505
1.14541 0.466733 0.240413
1.14687 0.463133 0.240413
1.1392 0.455881 0.238505
1.14976 0.455917 0.240413
1.15118 0.452303 0.240413
1.1526 0.448684 0.240413
1.15408 0.44486 0.240413
1.1554 0.441434 0.240413
1.15678 0.437802 0.240413
1.13976 0.427273 0.236597
1.1319 0.420274 0.234689
1.17006 0.430268 0.242321
1.16219 0.423231 0.240413
1.16351 0.419578 0.240413
1.16482 0.41592 0.240413
1.17545 0.415326 0.242321
1.14895 0.401907 0.236597
1.18731 0.411144 0.244229
1.16074 0.397863 0.238505
1.18058 0.400522 0.242321
1.18183 0.396812 0.242321
1.19232 0.3964 0.244229
1.17491 0.386517 0.240413
1.19478 0.3889 0.244229
1.17731 0.379127 0.240413
1.18792 0.378199 0.242321
1.1891 0.374465 0.242321
1.19027 0.370727 0.242321
1.19143 0.366986 0.242321
1.19257 0.363242 0.242321
1.18431 0.356663 0.240413
1.20424 0.358543 0.244229
1.19595 0.351986 0.242321
1.21583 0.353923 0.246137
1.19807 0.344674 0.242321
1.20859 0.343593 0.244229
1.21912 0.342449 0.246137
1.22025 0.338404 0.246137
1.23077 0.337162 0.248045
1.22235 0.33073 0.246137
1.22338 0.326889 0.246137
1.23384 0.325763 0.248045
1.22536 0.319409 0.246137
1.2169 0.3129 0.244229
1.23691 0.313905 0.248045
1.23789 0.310017 0.248045
1.22933 0.303772 0.246137
1.23981 0.302233 0.248045
1.24075 0.298337 0.248045
1.24168 0.294437 0.248045
1.25216 0.29277 0.249953
1.24351 0.28663 0.248045
1.2444 0.282721 0.248045
1.24529 0.278811 0.248045
1.24616 0.274897 0.248045
1.25661 0.273065 0.249953
1.25746 0.269116 0.249953
1.2583 0.265164 0.249953
1.26874 0.263205 0.251861
1.25994 0.257254 0.249953
1.27036 0.255227 0.251861
1.27116 0.251235 0.251861
1.27194 0.247241 0.251861
1.27271 0.243244 0.251861
1.27347 0.239244 0.251861
1.27422 0.235242 0.251861
1.28461 0.23299 0.253769
1.28533 0.228953 0.253769
1.28605 0.224914 0.253769
1.28675 0.220872 0.253769
1.28743 0.216828 0.253769
1.27842 0.211183 0.251861
1.28877 0.208736 0.253769
1.29911 0.206224 0.255677
1.29976 0.202142 0.255677
1.30038 0.198058 0.255677
1.29129 0.192524 0.253769
1.3016 0.189884 0.255677
1.30219 0.185793 0.255677
1.31249 0.183058 0.257585
1.31306 0.178933 0.257585
1.31362 0.174807 0.257585
1.31416 0.17068 0.257585
1.31469 0.16655 0.257585
1.32495 0.163622 0.259493
1.32546 0.159459 0.259493
1.3357 0.156436 0.261401
1.33619 0.152239 0.261401
1.33666 0.14804 0.261401
1.3469 0.144656 0.263309
1.33759 0.139406 0.261401
1.32825 0.134216 0.259493
1.3482 0.131955 0.263309
1.33882 0.127027 0.261401
1.32943 0.121924 0.259493
1.33959 0.118612 0.261401
1.34974 0.115239 0.263309
1.34033 0.10996 0.261401
1.36024 0.107292 0.265217
1.36057 0.103018 0.265217
1.36089 0.098744 0.265217
1.36119 0.094467 0.265217
1.37127 0.09084 0.267125
1.37155 0.086531 0.267125
1.38162 0.082809 0.269033
1.39167 0.079025 0.270941
1.37231 0.073601 0.267125
1.37253 0.069289 0.267125
1.38255 0.065441 0.269033
1.38275 0.061097 0.269033
1.39274 0.057156 0.270941
1.3831 0.052408 0.269033
1.39307 0.048404 0.270941
1.39322 0.044027 0.270941
1.40316 0.039929 0.27285
1.41309 0.035769 0.274758
1.40338 0.031112 0.27285
1.40347 0.026703 0.27285
1.40355 0.022294 0.27285
1.40361 0.017884 0.27285
1.41348 0.013569 0.274758
1.41351 0.009128 0.274758
1.41354 0.004688 0.274758
1.41355 0.000246 0.274758
1.42335 -0.004223 0.276666
1.41352 -0.008635 0.274758
1.4233 -0.013166 0.276666
1.42325 -0.017886 0.276666
1.42318 -0.022357 0.276666
1.42311 -0.026828 0.276666
1.42302 -0.031299 0.276666
1.43272 -0.036016 0.278574
1.4326 -0.040517 0.278574
1.44228 -0.045326 0.280482
1.44213 -0.049856 0.280482
1.45178 -0.054757 0.28239
1.44179 -0.058916 0.280482
1.45141 -0.063877 0.28239
1.4512 -0.068437 0.28239
1.46078 -0.073489 0.284298
1.45074 -0.077553 0.28239
1.47009 -0.08322 0.286206
1.46982 -0.087838 0.286206
1.47933 -0.093072 0.288114
1.46924 -0.097072 0.286206
1.46893 -0.101687 0.286206
1.4686 -0.106301 0.286206
1.45847 -0.110175 0.284298
1.50667 -0.123341 0.293838
1.45735 -0.12417 0.284298
1.03468 0.77686 0.204997
1.00545 0.749984 0.198737
0.991929 0.735061 0.195608
0.978325 0.72023 0.192478
0.988556 0.722983 0.194043
0.982831 0.714069 0.192478
0.993079 0.716758 0.194043
0.987299 0.70788 0.192478
0.989518 0.704775 0.192478
0.99979 0.707367 0.194043
0.993926 0.698543 0.192478
0.996116 0.695417 0.192478
0.998296 0.692284 0.192478
1.00047 0.689145 0.192478
1.00263 0.685998 0.192478
1.00478 0.682845 0.192478
1.00692 0.679685 0.192478
1.00893 0.676695 0.192478
1.01105 0.673522 0.192478
1.01316 0.670342 0.192478
0.998753 0.656308 0.189348
1.00908 0.658565 0.190913
1.00286 0.650019 0.189348
1.0215 0.657558 0.192478
1.01524 0.649025 0.190913
1.02561 0.651126 0.192478
1.02766 0.647901 0.192478
1.03806 0.649911 0.194043
1.03171 0.641432 0.192478
1.03372 0.638187 0.192478
1.03572 0.634936 0.192478
1.02927 0.626544 0.190913
1.03123 0.623307 0.190913
1.04165 0.625147 0.192478
1.03513 0.616815 0.190913
1.04556 0.61859 0.192478
1.0475 0.615302 0.192478
1.05796 0.616984 0.194043
1.05134 0.608708 0.192478
1.05325 0.605402 0.192478
1.06373 0.606986 0.194043
1.06563 0.603641 0.194043
1.06752 0.60029 0.194043
1.06078 0.592119 0.192478
1.07127 0.593571 0.194043
1.06448 0.585443 0.192478
1.07498 0.586828 0.194043
1.06813 0.578743 0.192478
1.06995 0.575384 0.192478
1.07175 0.57202 0.192478
1.08227 0.573273 0.194043
1.08406 0.569871 0.194043
1.08585 0.566462 0.194043
1.08762 0.563048 0.194043
1.08939 0.559629 0.194043
1.09114 0.556203 0.194043
1.09288 0.552773 0.194043
1.09461 0.549336 0.194043
1.09633 0.545895 0.194043
1.09804 0.542448 0.194043
1.09974 0.538996 0.194043
1.10143 0.535538 0.194043
1.10311 0.532075 0.194043
1.10477 0.528607 0.194043
1.11535 0.529369 0.195608
1.10807 0.521655 0.194043
1.1097 0.518172 0.194043
1.12029 0.518833 0.195608
1.12191 0.515311 0.195608
1.12353 0.511785 0.195608
1.12513 0.508252 0.195608
1.12663 0.504912 0.195608
1.12821 0.501369 0.195608
1.12074 0.49384 0.194043
1.13134 0.494271 0.195608
1.13289 0.490714 0.195608
1.13443 0.487152 0.195608
1.13603 0.483388 0.195608
1.14665 0.483656 0.197173
1.13905 0.476241 0.195608
1.14054 0.47266 0.195608
1.14194 0.469274 0.195608
1.15255 0.469409 0.197173
1.15402 0.465787 0.197173
1.15548 0.462159 0.197173
1.15692 0.458526 0.197173
1.15836 0.454889 0.197173
1.16899 0.454829 0.198737
1.16127 0.4474 0.197173
1.17182 0.447476 0.198737
1.16399 0.440298 0.197173
1.16536 0.436638 0.197173
1.16673 0.432975 0.197173
1.16808 0.429308 0.197173
1.17871 0.429015 0.198737
1.18005 0.425309 0.198737
1.18138 0.421599 0.198737
1.17346 0.414391 0.197173
1.18408 0.413962 0.198737
1.18537 0.41024 0.198737
1.18666 0.406514 0.198737
1.19728 0.405956 0.200302
1.18919 0.399051 0.198737
1.19974 0.398634 0.200302
1.20098 0.394863 0.200302
1.19283 0.388033 0.198737
1.19404 0.384284 0.198737
1.19531 0.380322 0.198737
1.1965 0.376565 0.198737
1.2071 0.375739 0.200302
1.19884 0.36904 0.198737
1.19999 0.365272 0.198737
1.21059 0.364347 0.200302
1.21173 0.360542 0.200302
1.21286 0.356733 0.200302
1.21391 0.353133 0.200302
1.21501 0.349318 0.200302
1.22561 0.348198 0.201867
1.22669 0.344346 0.201867
1.22783 0.340276 0.201867
1.22889 0.336417 0.201867
1.22994 0.332555 0.201867
1.24052 0.331237 0.203432
1.23195 0.325035 0.201867
1.24252 0.323653 0.203432
1.23402 0.317073 0.201867
1.23501 0.313195 0.201867
1.24557 0.311711 0.203432
1.24655 0.307796 0.203432
1.24751 0.303878 0.203432
1.24846 0.299958 0.203432
1.259 0.298312 0.204997
1.25993 0.294355 0.204997
1.25123 0.288178 0.203432
1.26176 0.286432 0.204997
1.27229 0.284624 0.206562
1.26353 0.278499 0.204997
1.2644 0.274528 0.204997
1.27492 0.27262 0.206562
1.27577 0.268613 0.206562
1.26693 0.2626 0.204997
1.27743 0.260592 0.206562
1.27824 0.256578 0.206562
1.28873 0.254474 0.208127
1.27983 0.248542 0.206562
1.2903 0.246372 0.208127
1.29107 0.242317 0.208127
1.29183 0.23826 0.208127
1.29257 0.2342 0.208127
1.2933 0.230139 0.208127
1.30374 0.227774 0.209691
1.30445 0.223677 0.209691
1.29541 0.217939 0.208127
1.30583 0.215477 0.209691
1.31625 0.212951 0.211256
1.30716 0.207268 0.209691
1.32732 0.206193 0.212821
1.3182 0.200536 0.211256
1.31883 0.196394 0.211256
1.32921 0.193674 0.212821
1.32981 0.189497 0.212821
1.3304 0.185318 0.212821
1.33098 0.181138 0.212821
1.33154 0.176956 0.212821
1.33209 0.172772 0.212821
1.34242 0.169825 0.214386
1.34295 0.165607 0.214386
1.35327 0.162565 0.215951
1.35377 0.158313 0.215951
1.35426 0.15406 0.215951
1.35474 0.149804 0.215951
1.36505 0.146364 0.217516
1.3655 0.142074 0.217516
1.36594 0.137784 0.217516
1.35654 0.132532 0.215951
1.35693 0.128506 0.215951
1.35732 0.124243 0.215951
1.36755 0.120847 0.217516
1.36792 0.11655 0.217516
1.3683 0.112014 0.217516
1.36864 0.107714 0.217516
1.37882 0.104158 0.219081
1.37914 0.099826 0.219081
1.3893 0.096175 0.220646
1.3896 0.09181 0.220646
1.38002 0.086824 0.219081
1.39015 0.083077 0.220646
1.40026 0.079268 0.22221
1.39064 0.074341 0.220646
1.40073 0.070468 0.22221
1.40095 0.066067 0.22221
1.40115 0.061666 0.22221
1.41121 0.057667 0.223775
1.41138 0.053233 0.223775
1.41154 0.048799 0.223775
1.41169 0.044364 0.223775
1.42169 0.040208 0.22534
1.41194 0.035494 0.223775
1.42192 0.031274 0.22534
1.43188 0.026994 0.226905
1.42208 0.02234 0.22534
1.43202 0.017996 0.226905
1.44195 0.013591 0.22847
1.44198 0.00906 0.22847
1.44201 0.00453 0.22847
1.44201 -0 0.22847
1.44201 -0.00453 0.22847
1.44198 -0.00906 0.22847
1.44195 -0.01359 0.22847
1.46165 -0.018624 0.2316
1.45171 -0.023059 0.230035
1.45163 -0.027619 0.230035
1.45153 -0.032179 0.230035
1.47117 -0.037239 0.233164
1.47105 -0.041861 0.233164
1.46104 -0.04617 0.2316
1.47076 -0.051103 0.233164
1.48046 -0.056097 0.234729
1.49014 -0.061153 0.236294
1.48994 -0.065834 0.236294
1.48973 -0.070514 0.236294
1.4895 -0.075194 0.236294
1.48926 -0.079873 0.236294
1.49886 -0.085111 0.237859
1.48872 -0.089229 0.236294
1.48844 -0.093905 0.236294
1.46811 -0.101888 0.233164
1.46779 -0.1065 0.233164
1.06381 0.798438 0.162523
0.970819 0.723889 0.147968
0.981064 0.726745 0.149181
0.983342 0.723659 0.149181
0.993624 0.726424 0.150394
1.00393 0.729132 0.151607
0.998169 0.720167 0.150394
1.00043 0.717028 0.150394
1.01076 0.719638 0.151607
1.00491 0.710728 0.150394
1.01526 0.713273 0.151607
1.0175 0.71008 0.151607
1.01972 0.70688 0.151607
1.03011 0.709303 0.15282
1.01595 0.694855 0.150394
1.02634 0.697238 0.151607
1.03675 0.699563 0.15282
1.02234 0.685428 0.150394
1.03275 0.687715 0.151607
1.04318 0.689942 0.15282
1.03705 0.681212 0.151607
1.0475 0.683375 0.15282
1.05797 0.685478 0.154033
1.04342 0.671408 0.151607
1.04552 0.668127 0.151607
1.04762 0.664839 0.151607
1.0497 0.661545 0.151607
1.06019 0.663509 0.15282
1.05384 0.654936 0.151607
1.05589 0.651622 0.151607
1.04947 0.643115 0.150394
1.07692 0.655295 0.154033
1.06199 0.641642 0.151607
1.05548 0.633196 0.150394
1.07452 0.640036 0.15282
1.07653 0.636657 0.15282
1.07852 0.633272 0.15282
1.07193 0.624882 0.151607
1.07389 0.621511 0.151607
1.09305 0.628024 0.154033
1.06915 0.609833 0.150394
1.08834 0.616253 0.15282
1.08161 0.607967 0.151607
1.09219 0.609402 0.15282
1.08541 0.601159 0.151607
1.09599 0.602529 0.15282
1.09788 0.599083 0.15282
1.09976 0.59563 0.15282
1.09288 0.587472 0.151607
1.10348 0.588708 0.15282
1.09655 0.580594 0.151607
1.09837 0.577147 0.151607
1.10898 0.578282 0.15282
1.10197 0.570233 0.151607
1.11259 0.571304 0.15282
1.12322 0.572312 0.154033
1.11616 0.564302 0.15282
1.1268 0.565243 0.154033
1.11968 0.557277 0.15282
1.13033 0.558152 0.154033
1.12316 0.550231 0.15282
1.12488 0.5467 0.15282
1.1266 0.543163 0.15282
1.14621 0.548187 0.155245
1.13895 0.540329 0.154033
1.14963 0.540974 0.155245
1.14233 0.533162 0.154033
1.13499 0.5254 0.15282
1.14566 0.525974 0.154033
1.1473 0.522372 0.154033
1.13989 0.51468 0.15282
1.15047 0.515354 0.154033
1.14301 0.507707 0.15282
1.15369 0.508115 0.154033
1.15528 0.504488 0.154033
1.15686 0.500856 0.154033
1.15842 0.497219 0.154033
1.1692 0.49726 0.155245
1.1799 0.497441 0.156458
1.16314 0.486077 0.154033
1.16466 0.48242 0.154033
1.15691 0.475191 0.15282
1.16759 0.475296 0.154033
1.17828 0.47534 0.155245
1.17977 0.471636 0.155245
1.17202 0.464271 0.154033
1.17347 0.460587 0.154033
1.17491 0.456898 0.154033
1.18568 0.456567 0.155245
1.17776 0.449507 0.154033
1.19773 0.452825 0.156458
1.18986 0.445579 0.155245
1.20056 0.445291 0.156458
1.21127 0.44494 0.157671
1.23132 0.447919 0.160097
1.21404 0.43732 0.157671
1.21541 0.433504 0.157671
1.19812 0.422864 0.155245
1.20881 0.422372 0.156458
1.21013 0.418572 0.156458
1.22083 0.417984 0.157671
1.22214 0.414147 0.157671
1.21402 0.407149 0.156458
1.22465 0.406673 0.157671
1.21649 0.399725 0.156458
1.22718 0.398971 0.157671
1.22842 0.395114 0.157671
1.23919 0.394046 0.158884
1.24042 0.390151 0.158884
1.24164 0.386252 0.158884
1.25233 0.385268 0.160097
1.24404 0.378443 0.158884
1.24522 0.374533 0.158884
1.22737 0.364961 0.156458
1.24755 0.366701 0.158884
1.2391 0.360227 0.157671
1.24023 0.356333 0.157671
1.24134 0.352435 0.157671
1.27111 0.356576 0.16131
1.26272 0.349709 0.160097
1.27339 0.34836 0.16131
1.25531 0.33918 0.158884
1.27556 0.340352 0.16131
1.25736 0.331505 0.158884
1.27761 0.332554 0.16131
1.28832 0.330784 0.162523
1.28935 0.326735 0.162523
1.29037 0.322683 0.162523
1.29138 0.318628 0.162523
1.29237 0.314569 0.162523
1.2837 0.30819 0.16131
1.28467 0.304156 0.16131
1.30495 0.304631 0.163735
1.28655 0.296078 0.16131
1.29716 0.29423 0.162523
1.30776 0.29232 0.163735
1.29898 0.286075 0.162523
1.29987 0.281992 0.162523
1.31046 0.279981 0.163735
1.31133 0.275862 0.163735
1.31219 0.271742 0.163735
1.31304 0.267618 0.163735
1.31387 0.263492 0.163735
1.33417 0.263205 0.166161
1.3155 0.255232 0.163735
1.3163 0.251097 0.163735
1.30732 0.245132 0.162523
1.32761 0.24462 0.164948
1.32837 0.240449 0.164948
1.31935 0.234537 0.163735
1.32986 0.232097 0.164948
1.34036 0.229594 0.166161
1.34108 0.225382 0.166161
1.35158 0.222782 0.167374
1.34247 0.216952 0.166161
1.34314 0.212733 0.166161
1.35361 0.210035 0.167374
1.35427 0.205781 0.167374
1.34509 0.200065 0.166161
1.35553 0.197268 0.167374
1.35615 0.193008 0.167374
1.36658 0.190115 0.168587
1.36717 0.18582 0.168587
1.35791 0.180218 0.167374
1.35846 0.175952 0.167374
1.36886 0.172927 0.168587
1.3694 0.168626 0.168587
1.37977 0.165505 0.1698
1.37043 0.160018 0.168587
1.38079 0.156833 0.1698
1.38127 0.152494 0.1698
1.39164 0.148969 0.171013
1.38223 0.143571 0.1698
1.38267 0.139228 0.1698
1.40286 0.13681 0.172225
1.40326 0.132647 0.172225
1.40367 0.128238 0.172225
1.40407 0.123827 0.172225
1.40445 0.119416 0.172225
1.40484 0.114758 0.172225
1.41509 0.111121 0.173438
1.41543 0.106675 0.173438
1.41576 0.102228 0.173438
1.41607 0.09778 0.173438
1.41637 0.093331 0.173438
1.41666 0.08888 0.173438
1.40702 0.083839 0.172225
1.4271 0.080537 0.174651
1.42735 0.076053 0.174651
1.42758 0.071569 0.174651
1.43771 0.067549 0.175864
1.428 0.062598 0.174651
1.45794 0.059322 0.17829
1.43828 0.053996 0.175864
1.44836 0.049819 0.177077
1.45844 0.045578 0.17829
1.44865 0.040718 0.177077
1.43885 0.035919 0.175864
1.4588 0.031831 0.17829
1.46882 0.027434 0.179503
1.47882 0.022973 0.180715
1.46896 0.018204 0.179503
1.46901 0.013589 0.179503
1.47897 0.009035 0.180715
1.46907 0.004359 0.179503
1.479 -0.000258 0.180715
1.47899 -0.004905 0.180715
1.4889 -0.009615 0.181928
1.49878 -0.014388 0.183141
1.49873 -0.019358 0.183141
1.49866 -0.024066 0.183141
1.49858 -0.028774 0.183141
1.48855 -0.03326 0.181928
1.49837 -0.038189 0.183141
1.50816 -0.04318 0.184354
1.51794 -0.048234 0.185567
1.51778 -0.053002 0.185567
1.50769 -0.057392 0.184354
1.5075 -0.062129 0.184354
1.51721 -0.067304 0.185567
1.51699 -0.07207 0.185567
1.51676 -0.076836 0.185567
1.52642 -0.082134 0.18678
1.49643 -0.085235 0.183141
1.49615 -0.089936 0.183141
1.46614 -0.092756 0.179503
1.09431 0.815674 0.118572
1.01681 0.752945 0.109917
1.01114 0.743844 0.109052
1.01347 0.740663 0.109052
1.01579 0.737476 0.109052
1.01811 0.734281 0.109052
1.02041 0.731079 0.109052
1.01458 0.722093 0.108186
1.01685 0.718902 0.108186
1.02725 0.721429 0.109052
1.02951 0.718198 0.109052
1.03176 0.714961 0.109052
1.0258 0.706068 0.108186
1.03624 0.708464 0.109052
1.03846 0.705205 0.109052
1.04067 0.701939 0.109052
1.03447 0.693302 0.108186
1.04494 0.695569 0.109052
1.04712 0.692283 0.109052
1.04929 0.688989 0.109052
1.05145 0.68569 0.109052
1.05359 0.682383 0.109052
1.04735 0.673681 0.108186
1.05786 0.67575 0.109052
1.05998 0.672423 0.109052
1.06209 0.66909 0.109052
1.05574 0.660466 0.108186
1.06627 0.662404 0.109052
1.06834 0.65905 0.109052
1.07041 0.655691 0.109052
1.08098 0.657502 0.109917
1.06598 0.643802 0.108186
1.07654 0.645574 0.109052
1.07857 0.642188 0.109052
1.08058 0.638797 0.109052
1.08258 0.635399 0.109052
1.08457 0.631995 0.109052
1.08655 0.628585 0.109052
1.09716 0.630129 0.109917
1.09048 0.621745 0.109052
1.10109 0.623224 0.109917
1.09436 0.614881 0.109052
1.09629 0.61144 0.109052
1.0982 0.607993 0.109052
1.10884 0.609338 0.109917
1.09326 0.596311 0.108186
1.13017 0.611845 0.111648
1.15841 0.622437 0.114245
1.16915 0.623483 0.11511
1.17111 0.619807 0.11511
1.17305 0.616125 0.11511
1.17498 0.612436 0.11511
1.1769 0.608742 0.11511
1.1788 0.605042 0.11511
1.1807 0.601336 0.11511
1.18258 0.597624 0.11511
1.18445 0.593905 0.11511
1.19523 0.594618 0.115976
1.18816 0.586452 0.11511
1.19894 0.587097 0.115976
1.19182 0.578975 0.11511
1.21158 0.583877 0.116841
1.20442 0.575772 0.115976
1.19722 0.567717 0.11511
1.20802 0.568192 0.115976
1.2098 0.564394 0.115976
1.21156 0.560591 0.115976
1.19521 0.548472 0.114245
1.21506 0.552968 0.115976
1.20771 0.54505 0.11511
1.20932 0.541463 0.11511
1.22012 0.541704 0.115976
1.16711 0.513785 0.110783
1.17785 0.514102 0.111648
1.17032 0.506442 0.110783
1.1719 0.502762 0.110783
1.17356 0.498874 0.110783
1.17513 0.495184 0.110783
1.17667 0.49149 0.110783
1.18742 0.491602 0.111648
1.17966 0.484293 0.110783
1.18117 0.480585 0.110783
1.19192 0.480597 0.111648
1.18417 0.473154 0.110783
1.19491 0.473099 0.111648
1.19639 0.469342 0.111648
1.19786 0.465581 0.111648
1.1994 0.461607 0.111648
1.20076 0.458046 0.111648
1.21151 0.457793 0.112514
1.21295 0.453984 0.112514
1.21437 0.450172 0.112514
1.20642 0.442921 0.111648
1.21717 0.442533 0.112514
1.21855 0.438707 0.112514
1.21993 0.434876 0.112514
1.22136 0.430829 0.112514
1.22271 0.42699 0.112514
1.21463 0.419891 0.111648
1.20652 0.412848 0.110783
1.27386 0.431426 0.116841
1.28465 0.430588 0.117707
1.28593 0.426774 0.117707
1.30619 0.428949 0.119438
1.29806 0.421765 0.118572
1.29938 0.417685 0.118572
1.30076 0.413374 0.118572
1.30205 0.409285 0.118572
1.31284 0.40815 0.119438
1.31412 0.404024 0.119438
1.30585 0.396996 0.118572
1.30709 0.392892 0.118572
1.32741 0.394459 0.120303
1.32865 0.390286 0.120303
1.3298 0.386342 0.120303
1.31185 0.376664 0.118572
1.3322 0.37798 0.120303
1.33338 0.373792 0.120303
1.34422 0.372026 0.121168
1.34538 0.367801 0.121168
1.34653 0.363573 0.121168
1.33804 0.356774 0.120303
1.34872 0.355341 0.121168
1.29198 0.336054 0.115976
1.29309 0.331768 0.115976
1.29412 0.327704 0.115976
1.29515 0.323637 0.115976
1.28649 0.317182 0.11511
1.30684 0.317847 0.116841
1.29814 0.311416 0.115976
1.29911 0.307337 0.115976
1.30977 0.305517 0.116841
1.30102 0.299168 0.115976
1.30195 0.295079 0.115976
1.3126 0.29316 0.116841
1.30378 0.286893 0.115976
1.31441 0.284906 0.116841
1.3153 0.280776 0.116841
1.32592 0.278691 0.117707
1.31704 0.272506 0.116841
1.32765 0.270355 0.117707
1.33826 0.268139 0.118572
1.31955 0.260081 0.116841
1.33992 0.259726 0.118572
1.33094 0.25365 0.117707
1.33173 0.249468 0.117707
1.33251 0.245282 0.117707
1.34308 0.242868 0.118572
1.32422 0.235164 0.116841
1.38383 0.241269 0.122034
1.41404 0.241961 0.12463
1.42462 0.239167 0.125496
1.41554 0.233072 0.12463
1.41626 0.228624 0.12463
1.42681 0.22573 0.125496
1.42752 0.221246 0.125496
1.4282 0.21676 0.125496
1.43873 0.213736 0.126361
1.4394 0.209216 0.126361
1.44005 0.204692 0.126361
1.44068 0.200168 0.126361
1.45118 0.19698 0.127227
1.44191 0.191112 0.126361
1.45238 0.187859 0.127227
1.44308 0.182048 0.126361
1.45354 0.178729 0.127227
1.45409 0.174162 0.127227
1.46453 0.170747 0.128092
1.48485 0.16839 0.129823
1.43586 0.158267 0.125496
1.41657 0.151388 0.123765
1.41704 0.146936 0.123765
1.41749 0.142484 0.123765
1.41793 0.13803 0.123765
1.41833 0.133822 0.123765
1.41875 0.129366 0.123765
1.42907 0.125781 0.12463
1.42946 0.121291 0.12463
1.42985 0.116551 0.12463
1.44015 0.112836 0.125496
1.42062 0.106817 0.123765
1.43089 0.10307 0.12463
1.43121 0.098574 0.12463
1.44145 0.09473 0.125496
1.44174 0.090201 0.125496
1.45196 0.086262 0.126361
1.45222 0.081701 0.126361
1.45247 0.077138 0.126361
1.45271 0.072575 0.126361
1.46288 0.068476 0.127227
1.46309 0.06388 0.127227
1.45333 0.05888 0.126361
1.46346 0.054686 0.127227
1.46363 0.050088 0.127227
1.46378 0.045489 0.127227
1.46391 0.040891 0.127227
1.47399 0.036539 0.128092
1.4741 0.031908 0.128092
1.48416 0.027461 0.128958
1.47427 0.022645 0.128092
1.49426 0.018257 0.129823
1.48435 0.013472 0.128958
1.49434 0.008868 0.129823
1.49437 0.004173 0.129823
1.50433 -0.000525 0.130689
1.51429 -0.005286 0.131554
1.5043 -0.009977 0.130689
1.51422 -0.0148 0.131554
1.51417 -0.019822 0.131554
1.5141 -0.024578 0.131554
1.52397 -0.029528 0.13242
1.53383 -0.03454 0.133285
1.53372 -0.039358 0.133285
1.53358 -0.044176 0.133285
1.5434 -0.049312 0.134151
1.54323 -0.054161 0.134151
1.54306 -0.059009 0.134151
1.55282 -0.064268 0.135016
1.5327 -0.068259 0.133285
1.51209 -0.081627 0.131554
1.10511 0.823422 0.071492
1.09164 0.808063 0.070456
1.03785 0.763215 0.06683
1.06444 0.777624 0.068384
1.04263 0.756679 0.06683
1.0531 0.75924 0.067348
1.03924 0.744298 0.066312
1.04157 0.74103 0.066312
1.0439 0.737754 0.066312
1.04621 0.73447 0.066312
1.04851 0.73118 0.066312
1.0426 0.722196 0.065794
1.03663 0.713257 0.065276
1.04711 0.715631 0.065794
1.05762 0.717947 0.066312
1.05987 0.714621 0.066312
1.05369 0.705915 0.065794
1.06421 0.708133 0.066312
1.0581 0.69928 0.065794
1.06864 0.701433 0.066312
1.07084 0.698072 0.066312
1.07303 0.694704 0.066312
1.0752 0.69133 0.066312
1.07737 0.687948 0.066312
1.08796 0.689909 0.06683
1.09012 0.686488 0.06683
1.07534 0.672469 0.065794
1.07745 0.669088 0.065794
1.08805 0.670941 0.066312
1.08163 0.662305 0.065794
1.09224 0.664092 0.066312
1.09432 0.660657 0.066312
1.09639 0.657216 0.066312
1.08987 0.64866 0.065794
1.1005 0.650314 0.066312
1.10254 0.646854 0.066312
1.10456 0.643386 0.066312
1.10658 0.639913 0.066312
1.10858 0.636434 0.066312
1.11058 0.632948 0.066312
1.11256 0.629456 0.066312
1.11453 0.625957 0.066312
1.11649 0.622453 0.066312
1.11844 0.618942 0.066312
1.12913 0.620234 0.06683
1.13985 0.621464 0.067348
1.17692 0.636891 0.06942
1.18772 0.637916 0.069938
1.19853 0.638879 0.070456
1.20053 0.635111 0.070456
1.19368 0.626694 0.069938
1.2045 0.627555 0.070456
1.2242 0.632941 0.071492
1.2173 0.624534 0.070974
1.22816 0.625237 0.071492
1.2212 0.616873 0.070974
1.21421 0.608558 0.070456
1.21611 0.604741 0.070456
1.22696 0.605336 0.070974
1.21989 0.597088 0.070456
1.22176 0.593252 0.070456
1.23261 0.593745 0.070974
1.22546 0.585565 0.070456
1.22729 0.581712 0.070456
1.24719 0.586351 0.071492
1.25808 0.58665 0.07201
1.23272 0.570119 0.070456
1.23451 0.566244 0.070456
1.25446 0.570633 0.071492
1.26535 0.570795 0.07201
1.22146 0.546641 0.06942
1.21404 0.53875 0.068902
1.20659 0.530912 0.068384
1.18994 0.519132 0.067348
1.19157 0.515391 0.067348
1.19327 0.511436 0.067348
1.19487 0.507685 0.067348
1.19646 0.503929 0.067348
1.19804 0.500168 0.067348
1.20883 0.50022 0.067866
1.21031 0.496631 0.067866
1.21186 0.492826 0.067866
1.21341 0.489017 0.067866
1.21494 0.485203 0.067866
1.21646 0.481383 0.067866
1.22726 0.481204 0.068384
1.21946 0.47373 0.067866
1.22102 0.469684 0.067866
1.23174 0.469617 0.068384
1.23321 0.465745 0.068384
1.23467 0.461868 0.068384
1.22675 0.454518 0.067866
1.23754 0.454102 0.068384
1.23897 0.450211 0.068384
1.24977 0.449698 0.068902
1.24185 0.442201 0.068384
1.25265 0.441619 0.068902
1.2446 0.43439 0.068384
1.28372 0.443522 0.070456
1.3229 0.452414 0.072529
1.35269 0.457861 0.074083
1.35412 0.45361 0.074083
1.34599 0.446445 0.073565
1.33789 0.4391 0.073047
1.33926 0.434895 0.073047
1.35021 0.433505 0.073565
1.35156 0.429261 0.073565
1.34338 0.422019 0.073047
1.35423 0.42076 0.073565
1.35555 0.416503 0.073565
1.36641 0.415146 0.074083
1.3677 0.410851 0.074083
1.36899 0.406552 0.074083
1.37984 0.405062 0.074601
1.37144 0.398182 0.074083
1.37269 0.393872 0.074083
1.37392 0.389557 0.074083
1.38482 0.387691 0.074601
1.38603 0.383339 0.074601
1.38723 0.378983 0.074601
1.39805 0.377224 0.075119
1.36063 0.362545 0.073047
1.30376 0.343251 0.069938
1.33389 0.346457 0.071492
1.30595 0.334825 0.069938
1.31667 0.33317 0.070456
1.31772 0.329032 0.070456
1.30905 0.322502 0.069938
1.32946 0.323104 0.070974
1.32076 0.316598 0.070456
1.32175 0.312448 0.070456
1.33245 0.31056 0.070974
1.33342 0.306373 0.070974
1.33437 0.302182 0.070974
1.33531 0.297989 0.070974
1.33624 0.293793 0.070974
1.34692 0.291707 0.071492
1.34783 0.287474 0.071492
1.34873 0.283238 0.071492
1.33983 0.276978 0.070974
1.35048 0.274758 0.071492
1.34154 0.268554 0.070974
1.36198 0.268197 0.07201
1.36281 0.263917 0.07201
1.36364 0.259634 0.07201
1.35463 0.253512 0.071492
1.40453 0.258286 0.074083
1.45447 0.262749 0.076673
1.45529 0.258179 0.076673
1.45609 0.253605 0.076673
1.45688 0.24903 0.076673
1.46751 0.246103 0.077191
1.44856 0.23825 0.076155
1.46902 0.236878 0.077191
1.45003 0.229144 0.076155
1.47048 0.227643 0.077191
1.46132 0.221525 0.076673
1.48176 0.219865 0.077709
1.49233 0.216644 0.078227
1.46334 0.207743 0.076673
1.49366 0.207263 0.078227
1.48441 0.201227 0.077709
1.48503 0.196563 0.077709
1.49555 0.193176 0.078227
1.50606 0.189725 0.078745
1.51656 0.18621 0.079263
1.48739 0.177886 0.077709
1.45818 0.169749 0.076155
1.4587 0.165167 0.076155
1.43939 0.158147 0.075119
1.43988 0.153625 0.075119
1.43042 0.148072 0.074601
1.45075 0.145572 0.075637
1.4512 0.141014 0.075637
1.44167 0.13577 0.075119
1.44209 0.131241 0.075119
1.45245 0.127583 0.075637
1.45286 0.122766 0.075637
1.46319 0.119011 0.076155
1.46356 0.114414 0.076155
1.45395 0.109068 0.075637
1.47421 0.105932 0.076673
1.46457 0.100615 0.076155
1.46488 0.096014 0.076155
1.47514 0.092033 0.076673
1.47543 0.087397 0.076673
1.47569 0.082763 0.076673
1.47595 0.078126 0.076673
1.48616 0.073986 0.077191
1.55621 0.072572 0.080818
1.56641 0.068117 0.081336
1.58657 0.064001 0.082372
1.57679 0.058645 0.081854
1.56698 0.053351 0.081336
1.58711 0.049045 0.082372
1.59724 0.044336 0.08289
1.59737 0.039318 0.08289
1.59748 0.034299 0.08289
1.5876 0.029098 0.082372
1.58768 0.02411 0.082372
1.59774 0.019242 0.08289
1.60777 0.014312 0.083408
1.60781 0.00926 0.083408
1.60783 0.00421 0.083408
1.60784 -0.000842 0.083408
1.59784 -0.005856 0.08289
1.55787 -0.010604 0.080818
1.55782 -0.01577 0.080818
1.5378 -0.020399 0.079781
1.56768 -0.025722 0.081336
1.55761 -0.030452 0.080818
1.56749 -0.035571 0.081336
1.56737 -0.040496 0.081336
1.56723 -0.045419 0.081336
1.57706 -0.050663 0.081854
1.5769 -0.055618 0.081854
1.55656 -0.064695 0.080818
1.59626 -0.071369 0.08289
1.11459 0.830187 0.023888
1.07701 0.796945 0.023028
1.0634 0.781713 0.022685
1.06585 0.778369 0.022685
1.06829 0.775016 0.022685
1.0626 0.76581 0.022513
1.08126 0.774109 0.022857
1.06739 0.759119 0.022513
1.06977 0.755762 0.022513
1.07214 0.752397 0.022513
1.0663 0.743308 0.022341
1.07685 0.745646 0.022513
1.07919 0.74226 0.022513
1.07326 0.733225 0.022341
1.08383 0.735464 0.022513
1.07784 0.726468 0.022341
1.07169 0.717702 0.022169
1.09891 0.730945 0.022685
1.10954 0.733 0.022857
1.12856 0.740481 0.0232
1.14763 0.747849 0.023544
1.14998 0.74424 0.023544
1.16072 0.74603 0.023716
1.15463 0.737 0.023544
1.15694 0.733369 0.023544
1.1677 0.735057 0.023716
1.16153 0.726085 0.023544
1.1638 0.722432 0.023544
1.17458 0.724019 0.023716
1.17685 0.720326 0.023716
1.1791 0.716625 0.023716
1.17279 0.707751 0.023544
1.17501 0.704063 0.023544
1.18581 0.70548 0.023716
1.18802 0.701752 0.023716
1.18159 0.692958 0.023544
1.1924 0.694273 0.023716
1.19458 0.690523 0.023716
1.21408 0.69672 0.02406
1.20758 0.687954 0.023888
1.20103 0.679235 0.023716
1.21188 0.680353 0.023888
1.16161 0.647338 0.022857
1.15489 0.638846 0.022685
1.15689 0.635215 0.022685
1.15888 0.631578 0.022685
1.16086 0.627934 0.022685
1.17163 0.629013 0.022857
1.16478 0.620627 0.022685
1.17556 0.621639 0.022857
1.17751 0.617943 0.022857
1.17944 0.614241 0.022857
1.18137 0.610532 0.022857
1.18328 0.606818 0.022857
1.18518 0.603098 0.022857
1.18707 0.599371 0.022857
1.18001 0.591161 0.022685
1.18186 0.58745 0.022685
1.19266 0.588157 0.022857
1.19451 0.584407 0.022857
1.18734 0.576286 0.022685
1.19816 0.57689 0.022857
1.19094 0.568815 0.022685
1.20176 0.569351 0.022857
1.20354 0.565573 0.022857
1.20531 0.561789 0.022857
1.21614 0.562195 0.023028
1.19973 0.550038 0.022685
1.21965 0.554543 0.023028
1.20316 0.542489 0.022685
1.20476 0.538916 0.022685
1.23387 0.547291 0.0232
1.26304 0.555488 0.023716
1.27394 0.555514 0.023888
1.28486 0.555476 0.02406
1.2867 0.551212 0.02406
1.27922 0.543259 0.023888
1.28092 0.539238 0.023888
1.27338 0.531361 0.023716
1.28428 0.531179 0.023888
1.30435 0.534954 0.024231
1.29676 0.527089 0.02406
1.31696 0.530484 0.024403
1.30005 0.518931 0.02406
1.32027 0.522199 0.024403
1.3219 0.518048 0.024403
1.30488 0.506655 0.02406
1.30656 0.502325 0.02406
1.31738 0.502006 0.024231
1.3096 0.494335 0.02406
1.32988 0.497221 0.024403
1.32206 0.489569 0.024231
1.32359 0.485413 0.024231
1.3345 0.484665 0.024403
1.3078 0.47032 0.023888
1.29051 0.459275 0.023544
1.30138 0.458542 0.023716
1.29337 0.451158 0.023544
1.29478 0.447092 0.023544
1.30564 0.446256 0.023716
1.30703 0.442153 0.023716
1.30842 0.438045 0.023716
1.30971 0.43416 0.023716
1.30157 0.426927 0.023544
1.31241 0.425922 0.023716
1.3043 0.418513 0.023544
1.31514 0.417438 0.023716
1.31644 0.413305 0.023716
1.31773 0.409167 0.023716
1.31901 0.405025 0.023716
1.32984 0.403784 0.023888
1.33111 0.399604 0.023888
1.33236 0.395421 0.023888
1.33359 0.391233 0.023888
1.32514 0.384488 0.023716
1.33596 0.38308 0.023888
1.33715 0.37888 0.023888
1.3384 0.374444 0.023888
1.33957 0.370237 0.023888
1.34073 0.366027 0.023888
1.32256 0.356608 0.023544
1.35266 0.360169 0.02406
1.37306 0.361242 0.024403
1.38393 0.359198 0.024575
1.38505 0.354849 0.024575
1.40555 0.355398 0.024919
1.40666 0.35098 0.024919
1.40776 0.34656 0.024919
1.39912 0.339775 0.024747
1.41963 0.340037 0.025091
1.41096 0.333277 0.024919
1.42174 0.33111 0.025091
1.43252 0.328879 0.025263
1.43354 0.324377 0.025263
1.4248 0.317696 0.025091
1.43555 0.315364 0.025263
1.41699 0.306623 0.024919
1.42772 0.304254 0.025091
1.41889 0.297714 0.024919
1.41982 0.293255 0.024919
1.43053 0.290785 0.025091
1.44124 0.28825 0.025263
1.41271 0.27793 0.024747
1.40376 0.271592 0.024575
1.41443 0.269049 0.024747
1.41526 0.264604 0.024747
1.41609 0.260156 0.024747
1.4169 0.255706 0.024747
1.4177 0.251254 0.024747
1.41848 0.246799 0.024747
1.41925 0.242341 0.024747
1.42986 0.239533 0.024919
1.42074 0.233419 0.024747
1.43134 0.230545 0.024919
1.42218 0.224488 0.024747
1.43276 0.221547 0.024919
1.44333 0.218541 0.025091
1.44401 0.214006 0.025091
1.44468 0.209469 0.025091
1.44533 0.204929 0.025091
1.45587 0.20176 0.025263
1.4565 0.197185 0.025263
1.45711 0.192608 0.025263
1.45771 0.18803 0.025263
1.44837 0.182201 0.025091
1.44893 0.17765 0.025091
1.45941 0.174283 0.025263
1.45995 0.169697 0.025263
1.46048 0.16511 0.025263
1.46102 0.160266 0.025263
1.46151 0.155675 0.025263
1.47194 0.15211 0.025434
1.47241 0.147486 0.025434
1.47287 0.142859 0.025434
1.48324 0.139424 0.025606
1.48367 0.134764 0.025606
1.49405 0.130975 0.025778
1.49448 0.12602 0.025778
1.4849 0.120516 0.025606
1.49524 0.116627 0.025778
1.4956 0.111929 0.025778
1.49594 0.107231 0.025778
1.50625 0.103214 0.02595
1.51654 0.099134 0.026122
1.52682 0.094989 0.026294
1.53709 0.090781 0.026466
1.52739 0.085395 0.026294
1.52765 0.080595 0.026294
1.53788 0.076291 0.026466
1.53811 0.071459 0.026466
1.53833 0.066627 0.026466
1.53853 0.061794 0.026466
1.53872 0.05696 0.026466
1.55888 0.052803 0.026809
1.54904 0.047598 0.026637
1.55918 0.043007 0.026809
1.5593 0.038109 0.026809
1.55942 0.03321 0.026809
1.55951 0.028311 0.026809
1.55959 0.023411 0.026809
1.57966 0.018749 0.027153
1.57971 0.013786 0.027153
1.57974 0.008823 0.027153
1.57976 0.00386 0.027153
1.57977 -0.001103 0.027153
1.57975 -0.006066 0.027153
1.58973 -0.011099 0.027325
1.58968 -0.01637 0.027325
1.59962 -0.021499 0.027497
1.59954 -0.026524 0.027497
1.59945 -0.031549 0.027497
1.59934 -0.036574 0.027497
1.60922 -0.041858 0.027669
1.56895 -0.050677 0.026981
