1.73281 1.26359 -0.57368
1.70548 1.23547 -0.563343
1.70151 1.22446 -0.560759
1.70535 1.21911 -0.560759
1.72492 1.22493 -0.565928
1.71298 1.20837 -0.560759
1.72468 1.20853 -0.563343
1.72053 1.19758 -0.560759
1.73223 1.19767 -0.563343
1.74395 1.19769 -0.565928
1.73972 1.18676 -0.563343
1.73545 1.17587 -0.560759
1.74694 1.17611 -0.563343
1.75063 1.17062 -0.563343
1.7543 1.16511 -0.563343
1.75795 1.15959 -0.563343
1.76158 1.15407 -0.563343
1.7571 1.14326 -0.560759
1.7688 1.14297 -0.563343
1.76425 1.13219 -0.560759
1.77595 1.13184 -0.563343
1.77949 1.12625 -0.563343
1.78302 1.12066 -0.563343
1.78654 1.11505 -0.563343
1.79824 1.11452 -0.565928
1.79351 1.1038 -0.563343
1.82169 1.11328 -0.571096
1.83344 1.11256 -0.57368
1.85347 1.11677 -0.578848
1.84869 1.10598 -0.576264
1.84385 1.09523 -0.57368
1.8556 1.09434 -0.576264
1.85884 1.08883 -0.576264
1.86225 1.08298 -0.576264
1.85728 1.0723 -0.57368
1.86082 1.06613 -0.57368
1.87256 1.06506 -0.576264
1.87589 1.05917 -0.576264
1.8706 1.04887 -0.57368
1.84012 1.0242 -0.563343
1.85179 1.02309 -0.565928
1.85517 1.01694 -0.565928
1.85836 1.01111 -0.565928
1.86152 1.00526 -0.565928
1.8645 0.999735 -0.565928
1.8591 0.989335 -0.563343
1.87074 0.988001 -0.565928
1.8824 0.986603 -0.568512
1.88549 0.980685 -0.568512
1.87997 0.970325 -0.565928
1.88301 0.964416 -0.565928
1.88603 0.958495 -0.565928
1.88903 0.952564 -0.565928
1.89202 0.946625 -0.565928
1.89498 0.940677 -0.565928
1.89793 0.93472 -0.565928
1.90085 0.928752 -0.565928
1.92984 0.935416 -0.57368
1.93277 0.929349 -0.57368
1.9444 0.927432 -0.576264
1.95604 0.92545 -0.578848
1.9327 0.906988 -0.571096
1.92678 0.896835 -0.568512
1.93836 0.894827 -0.571096
1.93238 0.884712 -0.568512
1.94394 0.88263 -0.571096
1.94671 0.876519 -0.571096
1.94945 0.870398 -0.571096
1.96101 0.86818 -0.57368
1.97257 0.865899 -0.576264
1.95757 0.851987 -0.571096
1.96023 0.845833 -0.571096
1.97176 0.843469 -0.57368
1.96551 0.8335 -0.571096
1.96812 0.827321 -0.571096
1.97071 0.821133 -0.571096
1.98221 0.818626 -0.57368
1.98477 0.812394 -0.57368
1.97822 0.802869 -0.571096
1.98073 0.796651 -0.571096
1.9922 0.794 -0.57368
2.00381 0.790937 -0.576264
1.99728 0.781119 -0.57368
2.00874 0.778331 -0.576264
2.02006 0.775831 -0.578848
2.01345 0.766045 -0.576264
2.04297 0.769937 -0.584017
2.02728 0.756758 -0.578848
2.03871 0.753736 -0.581432
2.04106 0.747327 -0.581432
2.0434 0.740911 -0.581432
2.04572 0.734488 -0.581432
2.04802 0.728057 -0.581432
2.05941 0.724827 -0.584017
2.05268 0.714817 -0.581432
2.06404 0.711513 -0.584017
2.07529 0.708507 -0.586601
2.06835 0.698892 -0.584017
2.07054 0.69239 -0.584017
2.0727 0.685882 -0.584017
2.08403 0.682372 -0.586601
2.09535 0.6788 -0.589185
2.11587 0.67811 -0.594353
2.1272 0.674379 -0.596937
2.13853 0.670583 -0.599521
2.14062 0.663861 -0.599521
2.13346 0.654301 -0.596937
2.14475 0.650399 -0.599521
2.15604 0.646432 -0.602106
2.13953 0.634165 -0.596937
2.15078 0.630156 -0.599521
2.16203 0.626083 -0.602106
2.17328 0.621946 -0.60469
2.14733 0.607229 -0.596937
2.13062 0.595281 -0.591769
2.14179 0.591155 -0.594353
2.15296 0.586964 -0.596937
2.15479 0.580198 -0.596937
2.15661 0.573425 -0.596937
2.1584 0.566648 -0.596937
2.16952 0.562287 -0.599521
2.16191 0.553075 -0.596937
2.16364 0.546281 -0.596937
2.17472 0.541815 -0.599521
2.17641 0.534981 -0.599521
2.16869 0.525864 -0.596937
2.17973 0.521296 -0.599521
2.18136 0.514446 -0.599521
2.19237 0.509777 -0.602106
2.19396 0.502888 -0.602106
2.19553 0.495992 -0.602106
2.19708 0.489093 -0.602106
2.20804 0.484258 -0.60469
2.20955 0.477318 -0.60469
2.20159 0.468364 -0.602106
2.20305 0.461446 -0.602106
1.72039 1.24581 -0.490534
1.74011 1.25178 -0.495034
1.75196 1.25197 -0.497285
1.74794 1.24082 -0.495034
1.75183 1.23532 -0.495034
1.76368 1.2354 -0.497285
1.76756 1.22986 -0.497285
1.7634 1.21876 -0.495034
1.78328 1.22424 -0.499535
1.78712 1.21863 -0.499535
1.79094 1.21301 -0.499535
1.78645 1.20226 -0.497285
1.79022 1.19664 -0.497285
1.79397 1.191 -0.497285
1.7977 1.18536 -0.497285
1.80141 1.17971 -0.497285
1.81328 1.17936 -0.499535
1.81697 1.17366 -0.499535
1.81245 1.16268 -0.497285
1.82431 1.16222 -0.499535
1.81972 1.15127 -0.497285
1.82333 1.14555 -0.497285
1.83519 1.14497 -0.499535
1.83877 1.1392 -0.499535
1.84234 1.13342 -0.499535
1.87915 1.14794 -0.508535
1.88275 1.14203 -0.508535
1.89468 1.14114 -0.510786
1.88989 1.13018 -0.508535
1.88505 1.11926 -0.506285
1.89695 1.11828 -0.508535
1.90867 1.11757 -0.510786
1.90375 1.10668 -0.508535
1.90722 1.10069 -0.508535
1.9024 1.08951 -0.506285
1.91428 1.08835 -0.508535
1.9177 1.08233 -0.508535
1.9209 1.07664 -0.508535
1.84764 1.02796 -0.488284
1.89351 1.0457 -0.499535
1.90551 1.0441 -0.501785
1.90878 1.03811 -0.501785
1.91203 1.03211 -0.501785
1.9065 1.02183 -0.499535
1.9183 1.02041 -0.501785
1.90426 1.00528 -0.497285
1.93331 1.01286 -0.504035
1.92783 1.00228 -0.501785
1.92231 0.991754 -0.499535
1.93409 0.990152 -0.501785
1.93719 0.98407 -0.501785
1.94028 0.977979 -0.501785
1.94334 0.971879 -0.501785
1.94638 0.965769 -0.501785
1.96992 0.962072 -0.506285
1.99047 0.964375 -0.510786
1.99349 0.958117 -0.510786
2.00529 0.956044 -0.513036
1.99947 0.945573 -0.510786
2.00243 0.939287 -0.510786
2.01421 0.937101 -0.513036
2.01714 0.930769 -0.513036
2.02892 0.928482 -0.515286
2.02295 0.918077 -0.513036
2.03471 0.915716 -0.515286
2.02868 0.905348 -0.513036
2.03151 0.89897 -0.513036
1.97187 0.86518 -0.497285
2.01032 0.874528 -0.506285
2.022 0.872067 -0.508535
2.01577 0.861879 -0.506285
2.03641 0.863147 -0.510786
2.03911 0.856746 -0.510786
2.0328 0.846589 -0.508535
2.02644 0.836482 -0.506285
2.03808 0.8338 -0.508535
2.04054 0.82775 -0.508535
2.04313 0.821335 -0.508535
2.04571 0.814912 -0.508535
2.05746 0.8117 -0.510786
2.06 0.805232 -0.510786
2.05343 0.795238 -0.508535
2.06488 0.792634 -0.510786
2.07647 0.789605 -0.513036
2.09717 0.789947 -0.517536
2.10877 0.78676 -0.519786
2.11123 0.780133 -0.519786
2.11368 0.773496 -0.519786
2.12526 0.770171 -0.522036
2.12767 0.763491 -0.522036
2.13924 0.760064 -0.524287
2.13242 0.750107 -0.522036
2.1441 0.746235 -0.524287
2.14643 0.739495 -0.524287
2.13939 0.729977 -0.522036
2.15091 0.72637 -0.524287
2.07925 0.694901 -0.506285
2.13693 0.706722 -0.519786
2.12988 0.696974 -0.517536
2.13206 0.69028 -0.517536
2.13422 0.683579 -0.517536
2.13635 0.67687 -0.517536
2.14777 0.673069 -0.519786
2.14987 0.666318 -0.519786
2.14264 0.656706 -0.517536
2.16334 0.655624 -0.522036
2.16539 0.648824 -0.522036
2.16742 0.642018 -0.522036
2.16942 0.635205 -0.522036
2.17141 0.628387 -0.522036
2.18274 0.624242 -0.524287
2.20344 0.62268 -0.528787
2.23354 0.623616 -0.535537
2.23549 0.616595 -0.535537
2.23742 0.60957 -0.535537
2.23932 0.602538 -0.535537
2.25062 0.598002 -0.537787
2.24306 0.588456 -0.535537
2.2449 0.581406 -0.535537
2.25615 0.576764 -0.537787
2.25795 0.569674 -0.537787
2.25973 0.562577 -0.537787
2.26149 0.555475 -0.537787
2.21587 0.536895 -0.526537
2.22703 0.532196 -0.528787
2.23817 0.527432 -0.531037
2.24931 0.522603 -0.533287
2.26044 0.517709 -0.535537
2.25255 0.508459 -0.533287
2.25413 0.501381 -0.533287
2.26522 0.496383 -0.535537
1.78084 1.28912 -0.429388
1.79285 1.28925 -0.431305
1.78092 1.2722 -0.427472
1.80892 1.28363 -0.433222
1.80492 1.27229 -0.431305
1.81695 1.27224 -0.433222
1.81288 1.26093 -0.431305
1.82491 1.2608 -0.433222
1.81658 1.23826 -0.429388
1.82046 1.23254 -0.429388
1.82411 1.22714 -0.429388
1.85243 1.23776 -0.435139
1.8236 1.21022 -0.427472
1.84379 1.21529 -0.431305
1.83938 1.20412 -0.429388
1.85961 1.20903 -0.433222
1.8634 1.20318 -0.433222
1.84239 1.18143 -0.427472
1.87092 1.19145 -0.433222
1.87466 1.18557 -0.433222
1.87006 1.17445 -0.431305
1.85709 1.15819 -0.427472
1.87741 1.16268 -0.431305
1.90613 1.1722 -0.437056
1.92656 1.17644 -0.44089
1.92185 1.16529 -0.438973
1.94232 1.16937 -0.442807
1.93756 1.15823 -0.44089
1.93275 1.14712 -0.438973
1.95325 1.15101 -0.442807
1.94819 1.14025 -0.44089
1.95176 1.13413 -0.44089
1.95531 1.12799 -0.44089
1.95904 1.1215 -0.44089
1.97109 1.12019 -0.442807
1.96605 1.10917 -0.44089
1.96077 1.09853 -0.438973
1.94186 1.07196 -0.433222
1.93679 1.0608 -0.431305
1.94874 1.0594 -0.433222
1.94342 1.04861 -0.431305
1.98113 1.06138 -0.438973
1.96712 1.04594 -0.435139
1.96172 1.03517 -0.433222
1.96496 1.029 -0.433222
1.9856 1.03188 -0.437056
1.96266 1.01214 -0.431305
1.97457 1.01044 -0.433222
1.98649 1.00867 -0.435139
1.98965 1.00243 -0.435139
1.94889 0.974231 -0.425555
2.0047 0.994269 -0.437056
2.02542 0.996632 -0.44089
2.03736 0.99457 -0.442807
2.04048 0.988164 -0.442807
2.04357 0.981749 -0.442807
2.05551 0.979546 -0.444724
2.0497 0.968889 -0.442807
2.04385 0.958279 -0.44089
2.04685 0.951853 -0.44089
2.04983 0.945418 -0.44089
2.06171 0.943057 -0.442807
2.05573 0.93252 -0.44089
2.0676 0.930084 -0.442807
2.07051 0.923583 -0.442807
2.05545 0.909134 -0.438973
2.05212 0.892288 -0.437056
2.07294 0.893607 -0.44089
2.07574 0.88709 -0.44089
2.08755 0.884393 -0.442807
2.09032 0.877831 -0.442807
2.08401 0.867488 -0.44089
2.08672 0.860937 -0.44089
2.10758 0.861806 -0.444724
2.11013 0.855549 -0.444724
2.1037 0.845257 -0.442807
2.11547 0.842273 -0.444724
2.10912 0.831654 -0.442807
2.05687 0.803594 -0.431305
2.12345 0.821928 -0.444724
2.12588 0.815625 -0.444724
2.13761 0.812428 -0.446641
2.14934 0.809167 -0.448558
2.15187 0.80241 -0.448558
2.15438 0.795646 -0.448558
2.14765 0.785503 -0.446641
2.15933 0.782094 -0.448558
2.17102 0.77862 -0.450474
2.16421 0.768511 -0.448558
2.17587 0.764964 -0.450474
2.17839 0.757744 -0.450474
2.18076 0.750897 -0.450474
2.18298 0.744423 -0.450474
2.15969 0.721364 -0.444724
2.1899 0.723817 -0.450474
2.18284 0.713882 -0.448558
2.19441 0.710043 -0.450474
2.21532 0.70913 -0.454308
2.20818 0.699203 -0.452391
2.21973 0.695196 -0.454308
2.2219 0.688219 -0.454308
2.22406 0.681236 -0.454308
2.21679 0.671401 -0.452391
2.23769 0.670063 -0.456225
2.22097 0.657459 -0.452391
2.19476 0.642209 -0.446641
2.25334 0.651671 -0.458142
2.24594 0.641892 -0.456225
2.25739 0.6375 -0.458142
2.25938 0.630405 -0.458142
2.26135 0.623303 -0.458142
2.28223 0.621353 -0.461976
2.2747 0.611632 -0.460059
2.27661 0.604482 -0.460059
2.28799 0.599816 -0.461976
2.28986 0.592625 -0.461976
2.29171 0.585429 -0.461976
2.28402 0.575827 -0.460059
2.31439 0.575756 -0.46581
2.29713 0.563804 -0.461976
2.29889 0.556584 -0.461976
2.31017 0.551639 -0.463893
2.30234 0.54213 -0.461976
2.31359 0.537113 -0.463893
2.31527 0.529842 -0.463893
2.30735 0.520406 -0.461976
1.85197 1.34899 -0.364444
1.8322 1.3258 -0.359731
1.84437 1.3258 -0.361302
1.83245 1.30852 -0.35816
1.83656 1.30276 -0.35816
1.85679 1.30836 -0.361302
1.86089 1.30252 -0.361302
1.86497 1.29667 -0.361302
1.85278 1.27958 -0.35816
1.87308 1.28493 -0.361302
1.87711 1.27904 -0.361302
1.88112 1.27313 -0.361302
1.88488 1.26755 -0.361302
1.88065 1.25613 -0.359731
1.90104 1.26114 -0.362873
1.89675 1.24972 -0.361302
1.90066 1.24376 -0.361302
1.90456 1.23778 -0.361302
1.90844 1.23179 -0.361302
1.9123 1.22579 -0.361302
1.91614 1.21978 -0.361302
1.92831 1.21903 -0.362873
1.91541 1.20246 -0.359731
1.92755 1.20167 -0.361302
1.93972 1.2008 -0.362873
1.97713 1.21539 -0.369156
1.98937 1.21432 -0.370727
1.97628 1.19782 -0.367585
1.98004 1.19161 -0.367585
2.00073 1.19551 -0.370727
2.00447 1.18922 -0.370727
1.99118 1.17289 -0.367585
2.0117 1.17696 -0.370727
2.00685 1.16567 -0.369156
2.01905 1.16429 -0.370727
2.01433 1.15269 -0.369156
2.02653 1.15123 -0.370727
1.96992 1.1109 -0.359731
1.99906 1.11953 -0.364444
1.99393 1.10844 -0.362873
2.00605 1.10695 -0.364444
1.99239 1.0908 -0.361302
2.00448 1.08925 -0.362873
2.01659 1.08764 -0.364444
2.0111 1.07699 -0.362873
2.01447 1.07066 -0.362873
2.01783 1.06433 -0.362873
2.02116 1.05798 -0.362873
2.042 1.06073 -0.366014
2.04533 1.05431 -0.366014
2.03983 1.04339 -0.364444
2.05191 1.04144 -0.366014
2.04635 1.03055 -0.364444
2.07608 1.03736 -0.369156
2.07933 1.03083 -0.369156
2.10028 1.03301 -0.372298
2.10352 1.02641 -0.372298
2.10673 1.01979 -0.372298
2.10992 1.01317 -0.372298
2.09526 0.998044 -0.369156
2.11625 0.999894 -0.372298
2.11938 0.993241 -0.372298
2.09562 0.974089 -0.367585
2.12558 0.979905 -0.372298
2.11068 0.96501 -0.369156
2.1227 0.962452 -0.370727
2.06266 0.927429 -0.359731
2.11066 0.941052 -0.367585
2.12264 0.93841 -0.369156
2.11653 0.927773 -0.367585
2.1285 0.925055 -0.369156
2.13139 0.918364 -0.369156
2.13427 0.911663 -0.369156
2.13712 0.904953 -0.369156
2.13995 0.898235 -0.369156
2.15188 0.895301 -0.370727
2.14555 0.884772 -0.369156
2.14832 0.878026 -0.369156
2.16007 0.875358 -0.370727
2.16281 0.868568 -0.370727
2.15635 0.858117 -0.369156
2.21705 0.865727 -0.378581
2.20133 0.851632 -0.37544
2.19463 0.841561 -0.373869
2.2065 0.838168 -0.37544
2.21836 0.834711 -0.377011
2.25799 0.841532 -0.383294
2.23283 0.824176 -0.378581
2.24468 0.820548 -0.380152
2.23796 0.81013 -0.378581
2.2126 0.793099 -0.373869
2.27093 0.805962 -0.383294
2.25481 0.792276 -0.380152
2.20146 0.765337 -0.370727
2.23187 0.768058 -0.37544
2.22479 0.758247 -0.373869
2.22716 0.751254 -0.373869
2.24824 0.750507 -0.377011
2.25059 0.743441 -0.377011
2.25291 0.736366 -0.377011
2.25522 0.729285 -0.377011
2.2575 0.722197 -0.377011
2.26917 0.71808 -0.378581
2.26199 0.707998 -0.377011
2.25477 0.697967 -0.37544
2.27584 0.696662 -0.378581
2.27801 0.68951 -0.378581
2.32965 0.689191 -0.386436
2.34129 0.68464 -0.388007
2.34343 0.677281 -0.388007
2.34554 0.669916 -0.388007
2.34763 0.662544 -0.388007
2.34019 0.652513 -0.386436
2.36127 0.650402 -0.389578
2.34424 0.637796 -0.386436
2.34624 0.630429 -0.386436
2.35775 0.625587 -0.388007
2.3597 0.618177 -0.388007
2.33295 0.603342 -0.383294
2.35397 0.600896 -0.386436
2.35585 0.593498 -0.386436
2.3577 0.586093 -0.386436
2.36912 0.581036 -0.388007
2.36134 0.571268 -0.386436
2.36312 0.563847 -0.386436
1.86568 1.34954 -0.283509
1.85379 1.33209 -0.281064
1.84989 1.32049 -0.279842
1.87022 1.32615 -0.282286
1.86627 1.31456 -0.281064
1.87852 1.31438 -0.282286
1.87449 1.3028 -0.281064
1.87857 1.29691 -0.281064
1.88264 1.291 -0.281064
1.89489 1.29067 -0.282286
1.93181 1.30695 -0.287175
1.91097 1.28461 -0.283509
1.92325 1.28411 -0.284731
1.93555 1.28354 -0.285953
1.93957 1.27745 -0.285953
1.93527 1.26592 -0.284731
1.94756 1.26524 -0.285953
1.95152 1.25912 -0.285953
1.95547 1.25298 -0.285953
1.9594 1.24683 -0.285953
1.97169 1.24597 -0.287175
1.96719 1.2345 -0.285953
1.94579 1.21256 -0.282286
1.94959 1.20644 -0.282286
1.95337 1.20031 -0.282286
1.95713 1.19417 -0.282286
1.96088 1.18802 -0.282286
1.9731 1.18697 -0.283509
1.9683 1.17567 -0.282286
1.97198 1.16948 -0.282286
1.97565 1.16328 -0.282286
1.97909 1.15742 -0.282286
1.98272 1.15119 -0.282286
1.97773 1.14 -0.281064
1.99011 1.13836 -0.282286
1.99368 1.13211 -0.282286
1.99722 1.12584 -0.282286
2.00922 1.12476 -0.283509
2.03877 1.1329 -0.287175
2.03362 1.1217 -0.285953
2.05475 1.12448 -0.288397
2.06699 1.12275 -0.289619
2.07051 1.11625 -0.289619
2.05631 1.10074 -0.287175
2.06852 1.09893 -0.288397
2.08952 1.10168 -0.290841
2.07539 1.08591 -0.288397
2.09641 1.08853 -0.290841
2.09099 1.07739 -0.289619
2.09437 1.07082 -0.289619
2.03576 1.0328 -0.281064
2.07446 1.04425 -0.285953
2.06885 1.03329 -0.284731
2.07208 1.02679 -0.284731
2.06639 1.0159 -0.283509
2.0785 1.01375 -0.284731
2.0906 1.01154 -0.285953
2.08482 1.00067 -0.284731
2.10588 1.00265 -0.287175
2.10902 0.996028 -0.287175
2.09416 0.980977 -0.284731
2.11524 0.982757 -0.287175
2.1093 0.971953 -0.285953
2.12137 0.969448 -0.287175
2.11536 0.958681 -0.285953
2.12742 0.9561 -0.287175
2.15761 0.961531 -0.290841
2.1697 0.95876 -0.292063
2.18179 0.955922 -0.293285
2.16657 0.941154 -0.290841
2.17863 0.938269 -0.292063
2.18157 0.931419 -0.292063
2.18449 0.924561 -0.292063
2.18738 0.917694 -0.292063
2.19942 0.914628 -0.293285
2.21146 0.911497 -0.294507
2.20512 0.900791 -0.293285
2.21698 0.897971 -0.294507
2.17374 0.872516 -0.288397
2.17647 0.865682 -0.288397
2.17933 0.85846 -0.288397
2.19126 0.855218 -0.289619
2.20319 0.851909 -0.290841
2.21498 0.848921 -0.292063
2.22691 0.84548 -0.293285
2.22027 0.834987 -0.292063
2.22288 0.828007 -0.292063
2.22547 0.82102 -0.292063
2.22804 0.814025 -0.292063
2.23992 0.810397 -0.293285
2.24245 0.803357 -0.293285
2.23561 0.79299 -0.292063
2.23809 0.785962 -0.292063
2.25006 0.781794 -0.293285
2.28066 0.784405 -0.296951
2.29238 0.780835 -0.298173
2.29482 0.77363 -0.298173
2.30665 0.769557 -0.299395
2.30906 0.762307 -0.299395
2.32088 0.758131 -0.300617
2.30436 0.744732 -0.298173
2.3445 0.749579 -0.303061
2.31845 0.733231 -0.299395
2.33969 0.73187 -0.301839
2.27561 0.703983 -0.293285
2.30628 0.705541 -0.296951
2.30849 0.698293 -0.296951
2.32018 0.69388 -0.298173
2.32235 0.686588 -0.298173
2.32449 0.679288 -0.298173
2.32661 0.671983 -0.298173
2.32871 0.66467 -0.298173
2.33079 0.657351 -0.298173
2.33284 0.650025 -0.298173
2.33488 0.642693 -0.298173
2.34646 0.637959 -0.299395
2.34845 0.630584 -0.299395
2.35042 0.623203 -0.299395
2.35237 0.615816 -0.299395
2.3639 0.610906 -0.300617
2.36581 0.603477 -0.300617
2.36769 0.596042 -0.300617
2.36955 0.5886 -0.300617
2.36175 0.578791 -0.299395
1.91306 1.3833 -0.20878
1.90931 1.37147 -0.207899
1.9055 1.35968 -0.207018
1.90976 1.35369 -0.207018
1.92215 1.35342 -0.207899
1.91823 1.34166 -0.207018
1.92243 1.33563 -0.207018
1.92662 1.32958 -0.207018
1.93079 1.32352 -0.207018
1.93493 1.31745 -0.207018
1.93906 1.31137 -0.207018
1.94295 1.30561 -0.207018
1.94704 1.29949 -0.207018
1.95111 1.29337 -0.207018
1.95516 1.28724 -0.207018
1.9592 1.28109 -0.207018
1.96321 1.27493 -0.207018
1.96721 1.26875 -0.207018
1.97119 1.26257 -0.207018
1.97514 1.25637 -0.207018
1.97908 1.25016 -0.207018
1.99144 1.24923 -0.207899
2.02466 1.25241 -0.210542
2.02858 1.24604 -0.210542
2.02398 1.23448 -0.209661
2.03637 1.23327 -0.210542
2.04024 1.22687 -0.210542
2.04408 1.22045 -0.210542
2.05647 1.2191 -0.211423
2.06029 1.21264 -0.211423
2.08108 1.21657 -0.213185
2.05905 1.19503 -0.210542
2.07163 1.19316 -0.211423
2.08402 1.1916 -0.212304
2.03577 1.15554 -0.207018
2.05675 1.15892 -0.20878
2.06887 1.15768 -0.209661
2.05508 1.1415 -0.207899
2.06758 1.13948 -0.20878
2.07115 1.13298 -0.20878
2.0747 1.12647 -0.20878
2.07823 1.11995 -0.20878
2.08154 1.11378 -0.20878
2.08503 1.10723 -0.20878
2.07969 1.09603 -0.207899
2.09195 1.09411 -0.20878
2.09537 1.08753 -0.20878
2.09878 1.08094 -0.20878
2.10216 1.07434 -0.20878
2.11777 1.06559 -0.209661
2.14785 1.07228 -0.212304
2.1512 1.06553 -0.212304
2.15454 1.05876 -0.212304
2.15786 1.05199 -0.212304
2.17012 1.04954 -0.213185
2.16442 1.03841 -0.212304
2.17667 1.03589 -0.213185
2.18892 1.0333 -0.214066
2.19216 1.02641 -0.214066
2.19537 1.01952 -0.214066
2.20761 1.01679 -0.214947
2.13831 0.976738 -0.207899
2.16859 0.982346 -0.210542
2.17166 0.975528 -0.210542
2.18382 0.972754 -0.211423
2.18686 0.965889 -0.211423
2.18076 0.955018 -0.210542
2.18375 0.948162 -0.210542
2.18672 0.941297 -0.210542
2.18966 0.934422 -0.210542
2.20176 0.93142 -0.211423
2.20468 0.924498 -0.211423
2.21677 0.92139 -0.212304
2.21965 0.914422 -0.212304
2.21329 0.903678 -0.211423
2.24651 0.901269 -0.214066
2.268 0.90117 -0.215827
2.28009 0.89769 -0.216708
2.27361 0.886902 -0.215827
2.29497 0.886937 -0.217589
2.29759 0.880124 -0.217589
2.30966 0.876435 -0.21847
2.30308 0.86567 -0.217589
2.31512 0.861906 -0.21847
2.30847 0.851183 -0.217589
2.30178 0.84051 -0.216708
2.28567 0.826499 -0.214947
2.2695 0.812599 -0.213185
2.29082 0.812123 -0.214947
2.29336 0.804921 -0.214947
2.29602 0.797312 -0.214947
2.29851 0.790094 -0.214947
2.31027 0.786482 -0.215827
2.31273 0.77922 -0.215827
2.32462 0.775101 -0.216708
2.32704 0.767794 -0.216708
2.32944 0.760479 -0.216708
2.3413 0.75622 -0.217589
2.34366 0.748861 -0.217589
2.34601 0.741494 -0.217589
2.36965 0.732623 -0.219351
2.39099 0.731 -0.221113
2.40281 0.726368 -0.221994
2.39554 0.715962 -0.221113
2.41688 0.714078 -0.222875
2.40955 0.703689 -0.221994
2.42132 0.698879 -0.222875
2.41392 0.688536 -0.221994
2.41608 0.680949 -0.221994
2.4182 0.673356 -0.221994
2.42991 0.668396 -0.222875
2.36471 0.642478 -0.216708
2.41482 0.647954 -0.221113
2.41685 0.640363 -0.221113
2.42848 0.635289 -0.221994
2.42082 0.625165 -0.221113
2.42277 0.617557 -0.221113
1.9387 1.39207 -0.125304
1.93493 1.38017 -0.124779
1.93926 1.37409 -0.124779
1.94356 1.36799 -0.124779
1.94785 1.36187 -0.124779
1.95212 1.35575 -0.124779
1.95637 1.34961 -0.124779
1.94413 1.33217 -0.123731
2.00609 1.36539 -0.127401
2.02692 1.37026 -0.128449
2.03097 1.36424 -0.128449
2.03525 1.35785 -0.128449
2.0395 1.35145 -0.128449
2.04374 1.34504 -0.128449
2.04795 1.33861 -0.128449
2.05215 1.33217 -0.128449
2.05632 1.32572 -0.128449
2.06048 1.31925 -0.128449
2.06461 1.31277 -0.128449
2.06873 1.30628 -0.128449
2.0136 1.26264 -0.124779
2.01755 1.25631 -0.124779
2.02998 1.25521 -0.125304
2.03392 1.24883 -0.125304
2.04636 1.24763 -0.125828
2.05027 1.2412 -0.125828
2.0456 1.2296 -0.125304
2.05803 1.22829 -0.125828
2.07047 1.22691 -0.126352
2.0657 1.21534 -0.125828
2.06068 1.20416 -0.125304
2.07309 1.20269 -0.125828
2.07706 1.19581 -0.125828
2.07214 1.18433 -0.125304
2.07585 1.17781 -0.125304
2.09694 1.18108 -0.126352
2.1353 1.19436 -0.128449
2.1565 1.19734 -0.129498
2.15172 1.18536 -0.128974
2.15543 1.1786 -0.128974
2.17668 1.18135 -0.130022
2.17158 1.16977 -0.129498
2.18385 1.16803 -0.130022
2.18751 1.16116 -0.130022
2.19998 1.15894 -0.130547
2.20361 1.15202 -0.130547
2.19836 1.14049 -0.130022
2.14866 1.10616 -0.126877
2.15212 1.0994 -0.126877
2.15556 1.09263 -0.126877
2.16791 1.09034 -0.127401
2.16239 1.07907 -0.126877
2.17471 1.0767 -0.127401
2.16912 1.06546 -0.126877
2.17246 1.05864 -0.126877
2.18477 1.05616 -0.127401
2.18807 1.04929 -0.127401
2.19136 1.04241 -0.127401
2.19462 1.03552 -0.127401
2.19787 1.02862 -0.127401
2.20109 1.02171 -0.127401
2.19521 1.01061 -0.126877
2.21655 1.01201 -0.127925
2.2652 1.02563 -0.130547
2.26841 1.01851 -0.130547
2.2716 1.01138 -0.130547
2.2839 1.00827 -0.131071
2.28706 1.00109 -0.131071
2.29019 0.993903 -0.131071
2.2933 0.986704 -0.131071
2.29639 0.979493 -0.131071
2.30866 0.976164 -0.131595
2.31171 0.968907 -0.131595
2.32397 0.96547 -0.132119
2.27158 0.935351 -0.128974
2.27451 0.92821 -0.128974
2.268 0.917712 -0.128449
2.28014 0.914299 -0.128974
2.29244 0.910418 -0.129498
2.29529 0.903212 -0.129498
2.29811 0.895996 -0.129498
2.30092 0.888772 -0.129498
2.30354 0.881942 -0.129498
2.3063 0.8747 -0.129498
2.30904 0.867451 -0.129498
2.31175 0.860192 -0.129498
2.32381 0.856379 -0.130022
2.31711 0.845651 -0.129498
2.33854 0.845155 -0.130547
2.3882 0.854628 -0.133168
2.38145 0.843786 -0.132644
2.40294 0.842911 -0.133692
2.42459 0.841487 -0.134741
2.42722 0.833865 -0.134741
2.42969 0.826659 -0.134741
2.4512 0.825397 -0.135789
2.44431 0.814534 -0.135265
2.43737 0.803724 -0.134741
2.45887 0.802258 -0.135789
2.36634 0.763853 -0.130547
2.38776 0.762491 -0.131595
2.39014 0.754985 -0.131595
2.40203 0.750451 -0.132119
2.41392 0.745848 -0.132644
2.4067 0.735344 -0.132119
2.409 0.727779 -0.132119
2.42084 0.723065 -0.132644
2.41353 0.712629 -0.132119
2.42534 0.70784 -0.132644
2.42755 0.700218 -0.132644
2.43934 0.695326 -0.133168
2.44151 0.687658 -0.133168
2.45328 0.682662 -0.133692
2.45542 0.674951 -0.133692
2.45752 0.667234 -0.133692
2.46925 0.662097 -0.134217
2.46167 0.65178 -0.133692
2.4637 0.644042 -0.133692
2.00656 1.43973 -0.042448
1.98664 1.41601 -0.041932
1.99108 1.40976 -0.041932
1.98732 1.39775 -0.041761
1.9999 1.39723 -0.041932
2.00428 1.39094 -0.041932
2.00864 1.38463 -0.041932
2.01298 1.37832 -0.041932
2.02533 1.37796 -0.042104
2.02136 1.36599 -0.041932
2.02564 1.35964 -0.041932
2.0299 1.35327 -0.041932
2.03415 1.34688 -0.041932
2.03001 1.33499 -0.041761
2.04257 1.33407 -0.041932
2.03836 1.32221 -0.041761
2.05091 1.32122 -0.041932
2.05505 1.31476 -0.041932
2.05917 1.3083 -0.041932
2.05482 1.29649 -0.041761
2.05888 1.29003 -0.041761
2.07141 1.28884 -0.041932
2.08396 1.28758 -0.042104
2.08799 1.28103 -0.042104
2.092 1.27446 -0.042104
2.096 1.26788 -0.042104
2.09997 1.26129 -0.042104
2.11251 1.25981 -0.042276
2.10764 1.24844 -0.042104
2.11155 1.24181 -0.042104
2.12407 1.24021 -0.042276
2.11931 1.22852 -0.042104
2.13182 1.22684 -0.042276
2.12699 1.21518 -0.042104
2.1221 1.20356 -0.041932
2.13458 1.20179 -0.042104
2.14707 1.19996 -0.042276
2.15083 1.19321 -0.042276
2.14581 1.18162 -0.042104
2.15828 1.17967 -0.042276
2.16198 1.17288 -0.042276
2.17446 1.17083 -0.042448
2.17792 1.16437 -0.042448
2.17274 1.15283 -0.042276
2.1854 1.15028 -0.042448
2.189 1.14341 -0.042448
2.19258 1.13653 -0.042448
2.18725 1.12506 -0.042276
2.19968 1.12273 -0.042448
2.23887 1.13388 -0.043135
2.25136 1.13133 -0.043307
2.26385 1.12871 -0.043479
2.26738 1.1216 -0.043479
2.2709 1.11447 -0.043479
2.2654 1.10295 -0.043307
2.27785 1.10018 -0.043479
2.29032 1.09734 -0.043651
2.28472 1.08584 -0.043479
2.29717 1.08292 -0.043651
2.30056 1.0757 -0.043651
2.2495 1.04323 -0.04262
2.26185 1.04034 -0.042792
2.25601 1.02908 -0.04262
2.26834 1.0261 -0.042792
2.27155 1.01897 -0.042792
2.27475 1.01183 -0.042792
2.27791 1.00468 -0.042792
2.29938 1.00553 -0.043135
2.30253 0.998302 -0.043135
2.29647 0.987115 -0.042964
2.30875 0.983815 -0.043135
2.30262 0.972666 -0.042964
2.32411 0.973151 -0.043307
2.32716 0.965845 -0.043307
2.33001 0.958936 -0.043307
2.37931 0.970492 -0.044167
2.39161 0.96676 -0.044338
2.39464 0.959242 -0.044338
2.39764 0.951714 -0.044338
2.40062 0.944177 -0.044338
2.41289 0.94026 -0.04451
2.41583 0.932676 -0.04451
2.41875 0.925082 -0.04451
2.42164 0.917478 -0.04451
2.43387 0.913378 -0.044682
2.36175 0.877859 -0.043307
2.37388 0.87389 -0.043479
2.39541 0.873277 -0.043823
2.39814 0.865747 -0.043823
2.39143 0.854843 -0.043651
2.41296 0.853999 -0.043995
2.42506 0.84972 -0.044167
2.41827 0.838821 -0.043995
2.4209 0.831219 -0.043995
2.4235 0.823609 -0.043995
2.44502 0.822367 -0.044338
2.43811 0.811524 -0.044167
2.43115 0.800733 -0.043995
2.43365 0.79309 -0.043995
2.46468 0.794646 -0.04451
2.50527 0.799052 -0.045198
2.5173 0.794185 -0.045369
2.51978 0.786274 -0.045369
2.51269 0.775405 -0.045198
2.53424 0.773344 -0.045541
2.52708 0.762491 -0.045369
2.54863 0.760264 -0.045713
2.551 0.752252 -0.045713
2.55335 0.744235 -0.045713
2.49803 0.719604 -0.044682
2.50028 0.711753 -0.044682
2.52176 0.709309 -0.045026
2.51434 0.698705 -0.044854
2.51652 0.690803 -0.044854
2.52833 0.685511 -0.045026
2.52081 0.674979 -0.044854
2.67604 1.249 0.467894
2.11961 1.51693 0.135214
2.12436 1.51026 0.135214
2.1291 1.50358 0.135214
2.13381 1.49689 0.135214
2.14669 1.49589 0.135732
2.14317 1.48345 0.135214
2.13959 1.47105 0.134696
2.14421 1.46432 0.134696
2.16532 1.46879 0.135732
2.16139 1.45678 0.135214
2.17426 1.45554 0.135732
2.1705 1.44317 0.135214
2.18336 1.44185 0.135732
2.18788 1.43498 0.135732
2.19237 1.4281 0.135732
2.19685 1.42121 0.135732
2.2013 1.4143 0.135732
2.20574 1.40737 0.135732
2.20171 1.39509 0.135214
2.20608 1.38817 0.135214
2.2189 1.38652 0.135732
2.23173 1.38481 0.13625
2.22757 1.37256 0.135732
2.23187 1.36555 0.135732
2.25322 1.3689 0.136768
2.24896 1.35666 0.13625
2.25321 1.34959 0.13625
2.26602 1.3476 0.136768
2.26164 1.3354 0.13625
2.27421 1.33374 0.136768
2.27839 1.32659 0.136768
2.29119 1.32442 0.137286
2.28691 1.31185 0.136768
2.2997 1.3096 0.137286
2.29511 1.29745 0.136768
2.29895 1.29064 0.136768
2.29427 1.27855 0.13625
2.29827 1.27133 0.13625
2.30247 1.2637 0.13625
2.3152 1.26124 0.136768
2.31915 1.25396 0.136768
2.31407 1.24235 0.13625
2.31796 1.23507 0.13625
2.32161 1.22819 0.13625
2.32567 1.22049 0.13625
2.32949 1.21318 0.13625
2.33329 1.20585 0.13625
2.32818 1.19396 0.135732
2.34973 1.1957 0.136768
2.35347 1.18831 0.136768
2.35719 1.18091 0.136768
2.36983 1.17794 0.137286
2.37352 1.17049 0.137286
2.36822 1.15864 0.136768
2.37185 1.15119 0.136768
2.38445 1.14807 0.137286
2.37903 1.13627 0.136768
2.38259 1.12879 0.136768
2.39516 1.12555 0.137286
2.39869 1.11802 0.137286
2.39312 1.10628 0.136768
2.40566 1.10292 0.137286
2.40912 1.09536 0.137286
2.41254 1.08779 0.137286
2.41595 1.0802 0.137286
2.41933 1.07261 0.137286
2.42269 1.065 0.137286
2.43518 1.06137 0.137804
2.4385 1.05372 0.137804
2.4418 1.04605 0.137804
2.44507 1.03838 0.137804
2.44832 1.03069 0.137804
2.46077 1.02684 0.138322
2.46398 1.0191 0.138322
2.47641 1.01514 0.13884
2.47016 1.00403 0.138322
2.4733 0.996267 0.138322
2.48569 0.992195 0.13884
2.47968 0.980274 0.138322
2.49205 0.976121 0.13884
2.4951 0.968288 0.13884
2.51661 0.968052 0.139876
2.51964 0.96014 0.139876
2.52264 0.95222 0.139876
2.52562 0.944289 0.139876
2.52857 0.936352 0.139876
2.5315 0.928403 0.139876
2.53441 0.920445 0.139876
2.54668 0.915858 0.140395
2.54955 0.907852 0.140395
2.54297 0.896519 0.139876
2.5552 0.891816 0.140395
2.55815 0.883337 0.140395
2.5702 0.878975 0.140913
2.57295 0.870897 0.140913
2.57568 0.86281 0.140913
2.57837 0.854713 0.140913
2.59053 0.84972 0.141431
2.60269 0.844661 0.141949
2.60533 0.836481 0.141949
2.60795 0.828292 0.141949
2.61054 0.820094 0.141949
2.62264 0.814851 0.142467
2.63473 0.809542 0.142985
2.63726 0.801261 0.142985
2.63976 0.792971 0.142985
2.65181 0.787518 0.143503
2.64469 0.776369 0.142985
2.65671 0.77084 0.143503
2.64952 0.759738 0.142985
2.64229 0.748687 0.142467
2.08175 1.48929 0.043995
2.07827 1.47695 0.043823
2.0829 1.47041 0.043823
2.0957 1.4696 0.043995
2.1003 1.46301 0.043995
2.09666 1.45072 0.043823
2.10945 1.44979 0.043995
2.114 1.44315 0.043995
2.11852 1.4365 0.043995
2.12277 1.43021 0.043995
2.11894 1.41797 0.043823
2.14004 1.42238 0.044167
2.13616 1.41014 0.043995
2.14894 1.40891 0.044167
2.15335 1.40215 0.044167
2.14935 1.38995 0.043995
2.16212 1.38859 0.044167
2.16647 1.38179 0.044167
2.1708 1.37498 0.044167
2.17511 1.36815 0.044167
2.1794 1.36131 0.044167
2.18367 1.35446 0.044167
2.1794 1.34235 0.043995
2.1836 1.33549 0.043995
2.18779 1.32863 0.043995
2.20051 1.32691 0.044167
2.20467 1.31999 0.044167
2.20881 1.31306 0.044167
2.21292 1.30611 0.044167
2.21679 1.29954 0.044167
2.22086 1.29257 0.044167
2.22491 1.28559 0.044167
2.23783 1.28317 0.044338
2.24185 1.27614 0.044338
2.24585 1.26909 0.044338
2.24089 1.25753 0.044167
2.24483 1.25048 0.044167
2.25749 1.24826 0.044338
2.25286 1.23596 0.044167
2.26551 1.23366 0.044338
2.26937 1.22653 0.044338
2.273 1.21979 0.044338
2.268 1.20795 0.044167
2.28041 1.20589 0.044338
2.27554 1.19367 0.044167
2.28815 1.19114 0.044338
2.29188 1.18394 0.044338
2.29559 1.17674 0.044338
2.29927 1.16952 0.044338
2.30294 1.16229 0.044338
2.31552 1.15953 0.04451
2.31915 1.15224 0.04451
2.32276 1.14495 0.04451
2.32634 1.13765 0.04451
2.3389 1.1347 0.044682
2.34245 1.12735 0.044682
2.34598 1.11998 0.044682
2.34949 1.11261 0.044682
2.34392 1.10097 0.04451
2.35644 1.09782 0.044682
2.35987 1.09041 0.044682
2.36329 1.083 0.044682
2.36668 1.07557 0.044682
2.37916 1.07223 0.044854
2.37339 1.06067 0.044682
2.37671 1.05321 0.044682
2.38916 1.04976 0.044854
2.39245 1.04225 0.044854
2.39571 1.03473 0.044854
2.40814 1.03113 0.045026
2.40216 1.01966 0.044854
2.41457 1.01598 0.045026
2.41775 1.00839 0.045026
2.42091 1.00079 0.045026
2.42404 0.993182 0.045026
2.43624 0.989749 0.045198
2.43006 0.978356 0.045026
2.44241 0.974422 0.045198
2.44563 0.966317 0.045198
2.44865 0.958629 0.045198
2.46097 0.954548 0.045369
2.46379 0.947242 0.045369
2.45741 0.935938 0.045198
2.4697 0.931743 0.045369
2.47261 0.923979 0.045369
2.48488 0.919678 0.045541
2.48776 0.911867 0.045541
2.49061 0.904046 0.045541
2.49343 0.896217 0.045541
2.49624 0.888379 0.045541
2.49902 0.880534 0.045541
2.50177 0.872678 0.045541
2.5141 0.867638 0.045713
2.51667 0.860175 0.045713
2.52883 0.855469 0.045885
2.5315 0.847521 0.045885
2.53415 0.839563 0.045885
2.53678 0.831597 0.045885
2.54889 0.826709 0.046057
2.55147 0.818698 0.046057
2.56356 0.813702 0.046229
2.56611 0.805645 0.046229
2.57817 0.800543 0.046401
2.58067 0.79244 0.046401
2.58315 0.78433 0.046401
2.5856 0.77621 0.046401
2.59762 0.770928 0.046572
2.59043 0.759948 0.046401
2.60241 0.754592 0.046572
2.60476 0.746413 0.046572
2.6071 0.738225 0.046572
2.6094 0.730032 0.046572
2.61168 0.72183 0.046572
