2.62249 0.424282 -0.71064
2.66198 0.422092 -0.720976
2.65375 0.412245 -0.718392
2.66458 0.405358 -0.720976
2.65628 0.395562 -0.718392
2.64795 0.385823 -0.715808
2.64915 0.377502 -0.715808
2.65989 0.370511 -0.718392
2.65147 0.360849 -0.715808
2.67175 0.355063 -0.720976
2.66327 0.345426 -0.718392
2.67392 0.338269 -0.720976
2.67497 0.329867 -0.720976
2.6664 0.320309 -0.718392
2.67694 0.313521 -0.720976
2.66831 0.304016 -0.718392
2.66925 0.295631 -0.718392
2.62214 0.282078 -0.705471
2.65184 0.276848 -0.713224
2.6527 0.268516 -0.713224
2.65353 0.260181 -0.713224
2.65433 0.251843 -0.713224
2.65511 0.243503 -0.713224
2.66549 0.236012 -0.715808
2.65659 0.226816 -0.713224
2.64766 0.217678 -0.71064
2.64833 0.209358 -0.71064
2.65861 0.201769 -0.713224
2.64956 0.193177 -0.71064
2.64052 0.18418 -0.708056
2.65072 0.176526 -0.71064
2.6609 0.168808 -0.713224
2.66142 0.160448 -0.713224
2.65227 0.151536 -0.71064
2.65273 0.143202 -0.71064
2.66282 0.135359 -0.713224
2.65358 0.126532 -0.71064
2.65396 0.118195 -0.71064
2.65432 0.109857 -0.71064
2.65465 0.101517 -0.71064
2.65496 0.093177 -0.71064
2.64558 0.084527 -0.708056
2.64584 0.076216 -0.708056
2.6364 0.067656 -0.705471
2.63661 0.059372 -0.705471
2.63678 0.051089 -0.705471
2.63692 0.043265 -0.705471
2.6467 0.035109 -0.708056
2.63714 0.026697 -0.705471
2.63721 0.018411 -0.705471
2.64691 0.010164 -0.708056
2.63727 0.001841 -0.705471
2.63726 -0.006444 -0.705471
2.63723 -0.014729 -0.705471
2.63718 -0.022554 -0.705471
2.63709 -0.031299 -0.705471
2.64663 -0.04019 -0.708056
2.63683 -0.048328 -0.705471
2.64633 -0.056357 -0.708056
2.64614 -0.06467 -0.708056
2.63627 -0.072717 -0.705471
2.63603 -0.080998 -0.705471
2.63576 -0.089279 -0.705471
2.64512 -0.097917 -0.708056
2.6448 -0.106226 -0.708056
2.64445 -0.114535 -0.708056
2.61515 -0.12104 -0.700303
2.63406 -0.130209 -0.705471
2.63364 -0.138484 -0.705471
2.63319 -0.146757 -0.705471
2.63271 -0.155029 -0.705471
2.63221 -0.163299 -0.705471
2.63169 -0.171567 -0.705471
2.63113 -0.179834 -0.705471
2.63056 -0.188099 -0.705471
2.62995 -0.196362 -0.705471
2.62932 -0.204624 -0.705471
2.62867 -0.212883 -0.705471
2.62799 -0.22114 -0.705471
2.62728 -0.229395 -0.705471
2.62654 -0.237648 -0.705471
2.62579 -0.245898 -0.705471
2.625 -0.254146 -0.705471
2.6338 -0.263352 -0.708056
2.62335 -0.270634 -0.705471
2.61288 -0.277853 -0.702887
2.61205 -0.285604 -0.702887
2.62073 -0.294889 -0.705471
2.6102 -0.30201 -0.702887
2.61883 -0.31135 -0.705471
2.61784 -0.319575 -0.705471
2.60724 -0.326597 -0.702887
2.62536 -0.337248 -0.708056
2.61471 -0.344233 -0.705471
2.62319 -0.353737 -0.708056
2.62207 -0.361976 -0.708056
2.61135 -0.368861 -0.705471
2.61018 -0.377063 -0.705471
2.60898 -0.385261 -0.705471
2.61731 -0.394897 -0.708056
2.60651 -0.401646 -0.705471
2.60524 -0.409832 -0.705471
2.61347 -0.419546 -0.708056
2.61214 -0.427755 -0.708056
2.61079 -0.435959 -0.708056
2.6094 -0.444159 -0.708056
2.61751 -0.454005 -0.71064
2.61607 -0.462226 -0.71064
2.6051 -0.468732 -0.708056
2.59411 -0.475173 -0.705471
2.58311 -0.48155 -0.702887
2.64516 0.427475 -0.618793
2.66574 0.422211 -0.623293
2.67668 0.415328 -0.625544
2.67797 0.406917 -0.625544
2.6696 0.397069 -0.623293
2.67083 0.38868 -0.623293
2.67204 0.380287 -0.623293
2.67322 0.371891 -0.623293
2.67438 0.36349 -0.623293
2.6755 0.355087 -0.623293
2.67661 0.346681 -0.623293
2.66802 0.337048 -0.621043
2.66906 0.328665 -0.621043
2.67008 0.320278 -0.621043
2.67102 0.312355 -0.621043
2.67199 0.303962 -0.621043
2.67293 0.295566 -0.621043
2.67384 0.287168 -0.621043
2.66504 0.277755 -0.618793
2.65621 0.268402 -0.616543
2.67643 0.261955 -0.621043
2.66754 0.252626 -0.618793
2.67803 0.245133 -0.621043
2.66908 0.23586 -0.618793
2.6698 0.227475 -0.618793
2.68993 0.22068 -0.623293
2.66147 0.209929 -0.616543
2.68155 0.203038 -0.621043
2.67242 0.194375 -0.618793
2.6633 0.185301 -0.616543
2.64442 0.175642 -0.612043
2.67413 0.169179 -0.618793
2.66492 0.160193 -0.616543
2.66541 0.15182 -0.616543
2.66588 0.143445 -0.616543
2.66631 0.13507 -0.616543
2.66672 0.126692 -0.616543
2.66711 0.118314 -0.616543
2.65773 0.109534 -0.614293
2.65806 0.101183 -0.614293
2.65837 0.092833 -0.614293
2.65865 0.08448 -0.614293
2.6589 0.076128 -0.614293
2.64939 0.067526 -0.612043
2.66907 0.059637 -0.616543
2.64976 0.050878 -0.612043
2.65964 0.043173 -0.614293
2.65976 0.034818 -0.614293
2.65986 0.026463 -0.614293
2.65019 0.018039 -0.612043
2.65023 0.009714 -0.612043
2.65999 0.001392 -0.614293
2.65024 -0.006938 -0.612043
2.65995 -0.01532 -0.614293
2.63066 -0.022957 -0.607542
2.65005 -0.031916 -0.612043
2.65968 -0.040853 -0.614293
2.65953 -0.049208 -0.614293
2.64964 -0.05689 -0.612043
2.65918 -0.065453 -0.614293
2.65897 -0.073807 -0.614293
2.64898 -0.081859 -0.612043
2.64871 -0.090181 -0.612043
2.65815 -0.098864 -0.614293
2.65783 -0.107214 -0.614293
2.64774 -0.11514 -0.612043
2.63766 -0.122543 -0.609792
2.65672 -0.131795 -0.614293
2.63684 -0.139114 -0.609792
2.63638 -0.147397 -0.609792
2.64564 -0.156253 -0.612043
2.64513 -0.164564 -0.612043
2.65433 -0.173508 -0.614293
2.65377 -0.181846 -0.614293
2.6629 -0.190879 -0.616543
2.64285 -0.19779 -0.612043
2.65194 -0.206849 -0.614293
2.64156 -0.214391 -0.612043
2.65058 -0.223507 -0.614293
2.61104 -0.228437 -0.605292
2.63942 -0.239277 -0.612043
2.64836 -0.248478 -0.614293
2.64756 -0.256797 -0.614293
2.64674 -0.265113 -0.614293
2.6459 -0.273427 -0.614293
2.64503 -0.281738 -0.614293
2.64418 -0.289585 -0.614293
2.64326 -0.29789 -0.614293
2.64231 -0.306193 -0.614293
2.62198 -0.312188 -0.609792
2.63066 -0.321606 -0.612043
2.62964 -0.329869 -0.612043
2.64791 -0.340615 -0.616543
2.61785 -0.345112 -0.609792
2.62641 -0.354638 -0.612043
2.61563 -0.361553 -0.609792
2.62413 -0.371133 -0.612043
2.62295 -0.379375 -0.612043
2.61211 -0.386189 -0.609792
2.62052 -0.395848 -0.612043
2.61926 -0.404079 -0.612043
2.61798 -0.412305 -0.612043
2.62629 -0.422074 -0.614293
2.61534 -0.428746 -0.612043
2.61398 -0.436961 -0.612043
2.6318 -0.448444 -0.616543
2.63038 -0.45671 -0.616543
2.62893 -0.464971 -0.616543
2.63705 -0.474955 -0.618793
2.61637 -0.479722 -0.614293
2.61485 -0.48794 -0.614293
2.71164 0.445993 -0.536736
2.58699 0.417612 -0.511816
2.64646 0.418684 -0.523317
2.69625 0.417884 -0.532902
2.70726 0.410884 -0.534819
2.70853 0.402377 -0.534819
2.69036 0.391043 -0.530985
2.71101 0.385351 -0.534819
2.69393 0.365669 -0.530985
2.68533 0.355915 -0.529068
2.6767 0.346219 -0.527151
2.69725 0.340264 -0.530985
2.68857 0.330591 -0.529068
2.67985 0.320975 -0.527151
2.68079 0.313023 -0.527151
2.69151 0.305708 -0.529068
2.6827 0.296173 -0.527151
2.6641 0.285651 -0.523317
2.65523 0.276264 -0.5214
2.70491 0.272846 -0.530985
2.69598 0.263394 -0.529068
2.68702 0.253998 -0.527151
2.68781 0.245556 -0.527151
2.68857 0.23711 -0.527151
2.69908 0.229494 -0.529068
2.68022 0.219413 -0.525234
2.6809 0.210991 -0.525234
2.68155 0.202568 -0.525234
2.67235 0.193901 -0.523317
2.67294 0.185504 -0.523317
2.68331 0.177755 -0.525234
2.68437 0.160892 -0.525234
2.68486 0.152458 -0.525234
2.67553 0.143496 -0.523317
2.66616 0.134596 -0.5214
2.67638 0.126682 -0.523317
2.66696 0.117841 -0.5214
2.65751 0.10906 -0.519483
2.65784 0.10071 -0.519483
2.65814 0.09236 -0.519483
2.65842 0.084008 -0.519483
2.63905 0.075098 -0.515649
2.6687 0.067553 -0.5214
2.67871 0.059385 -0.523317
2.66908 0.050783 -0.5214
2.66921 0.042863 -0.5214
2.67915 0.034604 -0.523317
2.66943 0.026092 -0.5214
2.6695 0.017705 -0.5214
2.66954 0.009319 -0.5214
2.66956 0.000931 -0.5214
2.66955 -0.007455 -0.5214
2.66951 -0.015841 -0.5214
2.66945 -0.023762 -0.5214
2.66936 -0.032614 -0.5214
2.64961 -0.041161 -0.517566
2.64947 -0.049485 -0.517566
2.6395 -0.057133 -0.515649
2.65893 -0.065911 -0.519483
2.63909 -0.073716 -0.515649
2.64865 -0.082312 -0.517566
2.65819 -0.090968 -0.519483
2.63827 -0.098585 -0.515649
2.65756 -0.107668 -0.519483
2.65721 -0.116016 -0.519483
2.65686 -0.1239 -0.519483
2.64665 -0.131758 -0.517566
2.66583 -0.14111 -0.5214
2.65557 -0.148934 -0.519483
2.66489 -0.157857 -0.5214
2.66438 -0.166228 -0.5214
2.65405 -0.173956 -0.519483
2.65349 -0.182293 -0.519483
2.66269 -0.191331 -0.5214
2.65229 -0.198961 -0.519483
2.65165 -0.207293 -0.519483
2.65099 -0.215622 -0.519483
2.6503 -0.223949 -0.519483
2.63981 -0.231417 -0.517566
2.62853 -0.24708 -0.515649
2.63751 -0.256286 -0.517566
2.62692 -0.263591 -0.515649
2.62608 -0.271842 -0.515649
2.62522 -0.280091 -0.515649
2.62437 -0.287879 -0.515649
2.64296 -0.298324 -0.519483
2.64201 -0.306626 -0.519483
2.64103 -0.314924 -0.519483
2.64003 -0.32322 -0.519483
2.64874 -0.332735 -0.5214
2.63795 -0.339801 -0.519483
2.66606 -0.35194 -0.525234
2.65521 -0.358999 -0.523317
2.65407 -0.367339 -0.523317
2.6529 -0.375675 -0.523317
2.65171 -0.384007 -0.523317
2.64078 -0.390899 -0.5214
2.64925 -0.400661 -0.523317
2.64797 -0.408982 -0.523317
2.64668 -0.417299 -0.523317
2.63566 -0.424052 -0.5214
2.644 -0.43392 -0.523317
2.63295 -0.440604 -0.5214
2.64123 -0.450524 -0.523317
2.6398 -0.458819 -0.523317
2.63834 -0.46711 -0.523317
2.63686 -0.475397 -0.523317
2.63535 -0.483678 -0.523317
2.61453 -0.488351 -0.519483
2.61557 0.404912 -0.420995
2.70471 0.410014 -0.435133
2.71575 0.402965 -0.436704
2.70723 0.393013 -0.435133
2.70845 0.384505 -0.435133
2.70965 0.375995 -0.435133
2.71081 0.36748 -0.435133
2.71196 0.358962 -0.435133
2.72287 0.351706 -0.436704
2.71416 0.341915 -0.435133
2.70542 0.332184 -0.433562
2.70645 0.323682 -0.433562
2.71721 0.316794 -0.435133
2.69856 0.306031 -0.431991
2.70933 0.298633 -0.433562
2.70043 0.28907 -0.431991
2.71115 0.281604 -0.433562
2.70219 0.272096 -0.431991
2.70303 0.263606 -0.431991
2.72351 0.256968 -0.435133
2.71447 0.247514 -0.433562
2.7054 0.238119 -0.431991
2.69629 0.228784 -0.43042
2.697 0.220312 -0.43042
2.68783 0.211065 -0.42885
2.71802 0.204847 -0.433562
2.70877 0.196069 -0.431991
2.67982 0.185511 -0.427279
2.70995 0.179045 -0.431991
2.72036 0.17115 -0.433562
2.71102 0.162014 -0.431991
2.71152 0.153497 -0.431991
2.69226 0.143923 -0.42885
2.6927 0.135464 -0.42885
2.70298 0.127469 -0.43042
2.70337 0.118977 -0.43042
2.70373 0.110484 -0.43042
2.69419 0.101617 -0.42885
2.68463 0.092811 -0.427279
2.69478 0.084686 -0.42885
2.69503 0.076221 -0.42885
2.69526 0.067754 -0.42885
2.69545 0.059285 -0.42885
2.69563 0.050818 -0.42885
2.68589 0.042662 -0.427279
2.70576 0.034476 -0.43042
2.69598 0.025881 -0.42885
2.6763 0.017283 -0.425708
2.66646 0.008843 -0.424137
2.70598 0.000472 -0.43042
2.69609 -0.007999 -0.42885
2.67631 -0.016349 -0.425708
2.64662 -0.024021 -0.420995
2.6959 -0.033409 -0.42885
2.67602 -0.042038 -0.425708
2.67588 -0.050445 -0.425708
2.68559 -0.0586 -0.427279
2.68539 -0.067037 -0.427279
2.68517 -0.075473 -0.427279
2.69479 -0.084216 -0.42885
2.68464 -0.092342 -0.427279
2.68434 -0.100776 -0.427279
2.67414 -0.108807 -0.425708
2.69352 -0.118073 -0.42885
2.68329 -0.125602 -0.427279
2.69231 -0.142983 -0.42885
2.69185 -0.15144 -0.42885
2.69136 -0.159896 -0.42885
2.69085 -0.168351 -0.42885
2.6903 -0.176803 -0.42885
2.68973 -0.185254 -0.42885
2.69899 -0.194413 -0.43042
2.68852 -0.202151 -0.42885
2.68787 -0.210596 -0.42885
2.68719 -0.219039 -0.42885
2.68649 -0.22748 -0.42885
2.67593 -0.235054 -0.427279
2.67517 -0.24346 -0.427279
2.66456 -0.250937 -0.425708
2.67359 -0.260264 -0.427279
2.67276 -0.268662 -0.427279
2.6719 -0.277057 -0.427279
2.67102 -0.28545 -0.427279
2.67016 -0.293374 -0.427279
2.67904 -0.30287 -0.42885
2.67808 -0.311285 -0.42885
2.66728 -0.318526 -0.427279
2.66627 -0.326904 -0.427279
2.66523 -0.335278 -0.427279
2.67395 -0.344913 -0.42885
2.66306 -0.352018 -0.427279
2.67173 -0.361707 -0.42885
2.6608 -0.368743 -0.427279
2.65963 -0.377101 -0.427279
2.65843 -0.385454 -0.427279
2.66698 -0.395252 -0.42885
2.66572 -0.403628 -0.42885
2.65468 -0.410492 -0.427279
2.66313 -0.42037 -0.42885
2.65205 -0.427163 -0.427279
2.65069 -0.435493 -0.427279
2.64931 -0.443818 -0.427279
2.66738 -0.455464 -0.43042
2.6562 -0.462148 -0.42885
2.64501 -0.468767 -0.427279
2.67268 -0.482336 -0.431991
2.61287 -0.480024 -0.422566
2.6764 0.422464 -0.333611
2.66791 0.412537 -0.332389
2.679 0.405639 -0.333611
2.67045 0.395766 -0.332389
2.6815 0.388799 -0.333611
2.67288 0.378979 -0.332389
2.68389 0.371943 -0.333611
2.68505 0.363509 -0.333611
2.66649 0.352471 -0.331167
2.66759 0.344093 -0.331167
2.6785 0.336949 -0.332389
2.67955 0.328533 -0.332389
2.69042 0.321289 -0.333611
2.68151 0.312158 -0.332389
2.66275 0.3015 -0.329945
2.67355 0.294218 -0.331167
2.68433 0.286872 -0.332389
2.66547 0.27639 -0.329945
2.68608 0.27 -0.332389
2.68691 0.261561 -0.332389
2.67784 0.252187 -0.331167
2.6885 0.244673 -0.332389
2.67937 0.235357 -0.331167
2.6801 0.226938 -0.331167
2.6808 0.218518 -0.331167
2.68147 0.210094 -0.331167
2.67222 0.200925 -0.329945
2.6827 0.193711 -0.331167
2.6635 0.183914 -0.328723
2.66406 0.175546 -0.328723
2.68441 0.168418 -0.331167
2.66511 0.158804 -0.328723
2.6656 0.150431 -0.328723
2.67597 0.142583 -0.329945
2.66649 0.133679 -0.328723
2.67681 0.125767 -0.329945
2.67719 0.117357 -0.329945
2.67755 0.108946 -0.329945
2.67788 0.100533 -0.329945
2.66826 0.091779 -0.328723
2.68838 0.084016 -0.331167
2.65886 0.074733 -0.327501
2.66901 0.066628 -0.328723
2.6692 0.058242 -0.328723
2.66937 0.049857 -0.328723
2.66951 0.041936 -0.328723
2.66963 0.033549 -0.328723
2.66972 0.025163 -0.328723
2.66979 0.016775 -0.328723
2.66983 0.008388 -0.328723
2.66984 -0 -0.328723
2.6599 -0.008356 -0.327501
2.65986 -0.016713 -0.327501
2.64987 -0.024975 -0.326279
2.66962 -0.034015 -0.328723
2.64966 -0.042087 -0.326279
2.67928 -0.050977 -0.329945
2.64935 -0.058272 -0.326279
2.64915 -0.066594 -0.326279
2.66877 -0.075478 -0.328723
2.6586 -0.08355 -0.327501
2.66825 -0.092245 -0.328723
2.65802 -0.100253 -0.327501
2.64778 -0.108197 -0.326279
2.65734 -0.116951 -0.327501
2.65698 -0.124835 -0.327501
2.64667 -0.132685 -0.326279
2.65615 -0.141527 -0.327501
2.6656 -0.15043 -0.328723
2.65521 -0.158213 -0.327501
2.65469 -0.166554 -0.327501
2.65416 -0.174893 -0.327501
2.65359 -0.183231 -0.327501
2.66291 -0.192281 -0.328723
2.66229 -0.200646 -0.328723
2.65175 -0.208232 -0.327501
2.65108 -0.216561 -0.327501
2.65039 -0.224889 -0.327501
2.6299 -0.231474 -0.325057
2.62916 -0.239735 -0.325057
2.62839 -0.247993 -0.325057
2.6276 -0.256249 -0.325057
2.64653 -0.266492 -0.327501
2.63581 -0.273779 -0.326279
2.65467 -0.284171 -0.328723
2.63409 -0.289875 -0.326279
2.63316 -0.298149 -0.326279
2.63221 -0.30642 -0.326279
2.64109 -0.315866 -0.327501
2.63024 -0.322952 -0.326279
2.61936 -0.329973 -0.325057
2.65769 -0.343287 -0.329945
2.63691 -0.349029 -0.327501
2.65548 -0.359978 -0.329945
2.6445 -0.366955 -0.328723
2.64334 -0.375261 -0.328723
2.64214 -0.383563 -0.328723
2.64092 -0.391862 -0.328723
2.63968 -0.400157 -0.328723
2.63841 -0.408448 -0.328723
2.64692 -0.418284 -0.329945
2.64559 -0.426597 -0.329945
2.64424 -0.434906 -0.329945
2.63307 -0.44157 -0.328723
2.63167 -0.44984 -0.328723
2.63024 -0.458105 -0.328723
2.62879 -0.466366 -0.328723
2.62731 -0.474622 -0.328723
2.61605 -0.481079 -0.327501
2.77203 0.454435 -0.248422
2.62585 0.422474 -0.235208
2.6862 0.42353 -0.240493
2.69736 0.41661 -0.241374
2.69866 0.408133 -0.241374
2.69007 0.398195 -0.240493
2.70117 0.39117 -0.241374
2.69252 0.381285 -0.240493
2.69371 0.372825 -0.240493
2.68499 0.363025 -0.239613
2.696 0.355892 -0.240493
2.6971 0.347421 -0.240493
2.70806 0.340187 -0.241374
2.69923 0.330468 -0.240493
2.70026 0.321986 -0.240493
2.7012 0.313973 -0.240493
2.70217 0.305486 -0.240493
2.70312 0.296994 -0.240493
2.69413 0.287445 -0.239613
2.71484 0.28103 -0.241374
2.69589 0.270511 -0.239613
2.69672 0.262041 -0.239613
2.69753 0.253567 -0.239613
2.67848 0.243289 -0.237851
2.68915 0.235743 -0.238732
2.68988 0.227294 -0.238732
2.67072 0.217228 -0.23697
2.68132 0.209612 -0.237851
2.68197 0.201186 -0.237851
2.68255 0.19323 -0.237851
2.67321 0.184116 -0.23697
2.64395 0.173758 -0.234327
2.68425 0.167938 -0.237851
2.68477 0.159504 -0.237851
2.68526 0.15107 -0.237851
2.68572 0.142633 -0.237851
2.68615 0.134195 -0.237851
2.67661 0.125289 -0.23697
2.68694 0.117315 -0.237851
2.6873 0.108873 -0.237851
2.68763 0.10043 -0.237851
2.68793 0.091986 -0.237851
2.68821 0.083541 -0.237851
2.68846 0.075095 -0.237851
2.66896 0.057771 -0.236089
2.67908 0.04957 -0.23697
2.67922 0.04162 -0.23697
2.6893 0.033327 -0.237851
2.67943 0.024787 -0.23697
2.67949 0.016368 -0.23697
2.65961 0.007892 -0.235208
2.66958 -0.000466 -0.236089
2.67953 -0.008886 -0.23697
2.66952 -0.017239 -0.236089
2.6595 -0.02553 -0.235208
2.66936 -0.034478 -0.236089
2.6792 -0.043024 -0.23697
2.67905 -0.05144 -0.23697
2.68884 -0.05961 -0.237851
2.66873 -0.067553 -0.236089
2.67846 -0.07622 -0.23697
2.67821 -0.084634 -0.23697
2.67793 -0.093047 -0.23697
2.67762 -0.10146 -0.23697
2.67729 -0.109871 -0.23697
2.67693 -0.118282 -0.23697
2.66662 -0.125754 -0.236089
2.68611 -0.135132 -0.237851
2.67572 -0.143038 -0.23697
2.67526 -0.151444 -0.23697
2.66483 -0.159253 -0.236089
2.6842 -0.168875 -0.237851
2.67371 -0.17665 -0.23697
2.66321 -0.184361 -0.236089
2.67255 -0.193446 -0.23697
2.67193 -0.201841 -0.23697
2.66135 -0.209453 -0.236089
2.67061 -0.218625 -0.23697
2.65998 -0.22617 -0.236089
2.60965 -0.23015 -0.231684
2.65851 -0.242879 -0.236089
2.65773 -0.25123 -0.236089
2.65693 -0.259578 -0.236089
2.66601 -0.268923 -0.23697
2.66515 -0.277298 -0.23697
2.66427 -0.285669 -0.23697
2.66341 -0.293573 -0.23697
2.66248 -0.301939 -0.23697
2.66151 -0.310302 -0.23697
2.67042 -0.319846 -0.237851
2.65951 -0.327018 -0.23697
2.64859 -0.334125 -0.236089
2.64532 -0.359072 -0.236089
2.64418 -0.367381 -0.236089
2.65288 -0.377088 -0.23697
2.65168 -0.38542 -0.23697
2.65045 -0.393749 -0.23697
2.6492 -0.402073 -0.23697
2.64793 -0.410394 -0.23697
2.64663 -0.418711 -0.23697
2.6453 -0.427023 -0.23697
2.64394 -0.435332 -0.23697
2.64256 -0.443636 -0.23697
2.67061 -0.456976 -0.239613
2.65935 -0.463652 -0.238732
2.63826 -0.468521 -0.23697
2.64658 -0.47858 -0.237851
2.62547 -0.483285 -0.236089
2.79882 0.458324 -0.148896
2.64241 0.424665 -0.140508
2.70292 0.425682 -0.143654
2.69437 0.415667 -0.143129
2.69566 0.407199 -0.143129
2.69693 0.398729 -0.143129
2.69817 0.390255 -0.143129
2.68949 0.380377 -0.142605
2.70057 0.373294 -0.143129
2.70173 0.364807 -0.143129
2.71276 0.357623 -0.143654
2.70397 0.347826 -0.143129
2.71495 0.340571 -0.143654
2.71601 0.332041 -0.143654
2.70712 0.322325 -0.143129
2.70807 0.314292 -0.143129
2.70904 0.305784 -0.143129
2.70999 0.297271 -0.143129
2.71091 0.288756 -0.143129
2.67207 0.276131 -0.141032
2.68286 0.268731 -0.141557
2.68369 0.260302 -0.141557
2.67455 0.250936 -0.141032
2.67533 0.242531 -0.141032
2.68603 0.234996 -0.141557
2.6768 0.225718 -0.141032
2.6775 0.217308 -0.141032
2.67817 0.208895 -0.141032
2.67881 0.200479 -0.141032
2.68935 0.193248 -0.141557
2.67998 0.184113 -0.141032
2.68055 0.175693 -0.141032
2.70102 0.168514 -0.142081
2.6816 0.158846 -0.141032
2.712 0.1521 -0.142605
2.71246 0.143578 -0.142605
2.70293 0.13456 -0.142081
2.70334 0.126067 -0.142081
2.7137 0.118008 -0.142605
2.70407 0.10908 -0.142081
2.69442 0.100213 -0.141557
2.69473 0.091748 -0.141557
2.695 0.083281 -0.141557
2.6653 0.073983 -0.139984
2.66552 0.06561 -0.139984
2.66571 0.057235 -0.139984
2.66588 0.048861 -0.139984
2.66601 0.04095 -0.139984
2.66613 0.032575 -0.139984
2.66622 0.024199 -0.139984
2.66628 0.015822 -0.139984
2.66632 0.007446 -0.139984
2.67631 -0.000934 -0.140508
2.66631 -0.009307 -0.139984
2.65628 -0.017617 -0.139459
2.6662 -0.02606 -0.139984
2.6661 -0.034901 -0.139984
2.67596 -0.043439 -0.140508
2.69578 -0.052232 -0.141557
2.68563 -0.060008 -0.141032
2.68543 -0.068444 -0.141032
2.69518 -0.077166 -0.141557
2.68495 -0.085316 -0.141032
2.68466 -0.093751 -0.141032
2.68436 -0.102184 -0.141032
2.68402 -0.110617 -0.141032
2.68366 -0.119048 -0.141032
2.6833 -0.12701 -0.141032
2.65296 -0.133929 -0.139459
2.65253 -0.142263 -0.139459
2.66204 -0.151162 -0.139984
2.66155 -0.159524 -0.139984
2.65107 -0.167256 -0.139459
2.65053 -0.175583 -0.139459
2.64997 -0.18391 -0.139459
2.65934 -0.192956 -0.139984
2.65872 -0.20131 -0.139984
2.65807 -0.209662 -0.139984
2.64745 -0.217195 -0.139459
2.64675 -0.225511 -0.139459
2.64603 -0.233825 -0.139459
2.64528 -0.242136 -0.139459
2.66439 -0.252328 -0.140508
2.67353 -0.26167 -0.141032
2.67269 -0.270068 -0.141032
2.67183 -0.278463 -0.141032
2.68087 -0.287922 -0.141557
2.67008 -0.294779 -0.141032
2.66914 -0.303166 -0.141032
2.66817 -0.31155 -0.141032
2.66718 -0.319931 -0.141032
2.65625 -0.327088 -0.140508
2.6453 -0.334179 -0.139984
2.64424 -0.342488 -0.139984
2.64315 -0.350794 -0.139984
2.64204 -0.359096 -0.139984
2.65079 -0.36877 -0.140508
2.63973 -0.375689 -0.139984
2.63853 -0.38398 -0.139984
2.65707 -0.395206 -0.141032
2.63607 -0.400551 -0.139984
2.6348 -0.40883 -0.139984
2.64336 -0.418668 -0.140508
2.64204 -0.42697 -0.140508
2.64068 -0.435268 -0.140508
2.6393 -0.443562 -0.140508
2.63789 -0.451851 -0.140508
2.6463 -0.461853 -0.141032
2.64484 -0.470165 -0.141032
2.62369 -0.474914 -0.139984
2.61237 -0.481344 -0.139459
2.6583 0.409152 -0.046229
2.70901 0.408248 -0.047088
2.70038 0.398277 -0.046916
2.70162 0.389792 -0.046916
2.71273 0.382698 -0.047088
2.70402 0.372809 -0.046916
2.69527 0.362977 -0.046744
2.69639 0.354508 -0.046744
2.70741 0.347308 -0.046916
2.69857 0.337559 -0.046744
2.69956 0.329551 -0.046744
2.70058 0.321068 -0.046744
2.70158 0.312583 -0.046744
2.70254 0.304095 -0.046744
2.70349 0.295602 -0.046744
2.7044 0.287107 -0.046744
2.69534 0.277585 -0.046572
2.6962 0.269117 -0.046572
2.67713 0.258722 -0.046229
2.70779 0.253101 -0.046744
2.71853 0.245492 -0.046916
2.68941 0.234347 -0.046401
2.71006 0.22757 -0.046744
2.7008 0.21825 -0.046572
2.70143 0.210235 -0.046572
2.70208 0.201747 -0.046572
2.7027 0.193259 -0.046572
2.70329 0.184766 -0.046572
2.67393 0.174322 -0.046057
2.69442 0.167158 -0.046401
2.69493 0.158693 -0.046401
2.69542 0.150226 -0.046401
2.69588 0.141757 -0.046401
2.69631 0.133287 -0.046401
2.69671 0.124815 -0.046401
2.6871 0.115912 -0.046229
2.69744 0.10787 -0.046401
2.68778 0.099026 -0.046229
2.68808 0.090582 -0.046229
2.68835 0.082136 -0.046229
2.68859 0.073691 -0.046229
2.69881 0.065487 -0.046401
2.679 0.057052 -0.046057
2.70915 0.049181 -0.046572
2.6993 0.040519 -0.046401
2.69941 0.032039 -0.046401
2.6995 0.023559 -0.046401
2.69956 0.015077 -0.046401
2.69959 0.006595 -0.046401
2.7096 -0.001892 -0.046572
2.70958 -0.009931 -0.046572
2.67954 -0.018239 -0.046057
2.68947 -0.026757 -0.046229
2.66937 -0.03541 -0.045885
2.68924 -0.044124 -0.046229
2.68909 -0.052572 -0.046229
2.67893 -0.060326 -0.046057
2.68872 -0.068998 -0.046229
2.68847 -0.077914 -0.046229
2.68822 -0.086359 -0.046229
2.68793 -0.094804 -0.046229
2.67763 -0.102864 -0.046057
2.67731 -0.110808 -0.046057
2.68694 -0.119664 -0.046229
2.68655 -0.128104 -0.046229
2.67615 -0.136036 -0.046057
2.67524 -0.152848 -0.046057
2.68473 -0.161854 -0.046229
2.67423 -0.169654 -0.046057
2.67368 -0.178054 -0.046057
2.67311 -0.186453 -0.046057
2.68248 -0.195577 -0.046229
2.68185 -0.204003 -0.046229
2.69117 -0.213217 -0.046401
2.69049 -0.221671 -0.046401
2.67981 -0.22927 -0.046229
2.65916 -0.23592 -0.045885
2.67832 -0.246103 -0.046229
2.67753 -0.254516 -0.046229
2.67672 -0.262926 -0.046229
2.67588 -0.271334 -0.046229
2.67507 -0.279273 -0.046229
2.67417 -0.287675 -0.046229
2.67326 -0.296075 -0.046229
2.67231 -0.304472 -0.046229
2.67134 -0.312865 -0.046229
2.67035 -0.321256 -0.046229
2.6594 -0.328418 -0.046057
2.66828 -0.338028 -0.046229
2.64737 -0.343833 -0.045885
2.67601 -0.356105 -0.046401
2.67488 -0.364511 -0.046401
2.67372 -0.372912 -0.046401
2.66264 -0.379898 -0.046229
2.67132 -0.389704 -0.046401
2.6602 -0.39662 -0.046229
2.65894 -0.404975 -0.046229
2.66753 -0.414863 -0.046401
2.66622 -0.423241 -0.046401
2.655 -0.430017 -0.046229
2.65364 -0.438356 -0.046229
2.64239 -0.44503 -0.046057
2.66069 -0.456712 -0.046401
2.65924 -0.465068 -0.046401
2.66761 -0.475174 -0.046572
2.65627 -0.481768 -0.046401
2.64491 -0.488295 -0.046229
2.76019 0.440629 0.442856
2.74204 0.428902 0.439726
2.75314 0.42178 0.441291
2.75445 0.413129 0.441291
2.75573 0.404474 0.441291
2.75699 0.395816 0.441291
2.75822 0.387152 0.441291
2.74964 0.377142 0.439726
2.75081 0.368502 0.439726
2.75195 0.359859 0.439726
2.75307 0.351212 0.439726
2.74436 0.341341 0.438161
2.74542 0.332717 0.438161
2.74639 0.324571 0.438161
2.75721 0.31707 0.439726
2.75819 0.308407 0.439726
2.74933 0.298673 0.438161
2.75025 0.290033 0.438161
2.75115 0.281392 0.438161
2.75202 0.272748 0.438161
2.75287 0.264102 0.438161
2.75368 0.255451 0.438161
2.75447 0.246798 0.438161
2.74539 0.237295 0.436596
2.75597 0.229488 0.438161
2.74683 0.220039 0.436596
2.74751 0.211409 0.436596
2.74812 0.203255 0.436596
2.74875 0.194623 0.436596
2.73949 0.185319 0.435032
2.74006 0.176711 0.435032
2.7406 0.168102 0.435032
2.75097 0.160066 0.436596
2.7416 0.15088 0.435032
2.74206 0.142266 0.435032
2.7425 0.13365 0.435032
2.7429 0.125034 0.435032
2.74328 0.116417 0.435032
2.74363 0.107799 0.435032
2.74396 0.099178 0.435032
2.74426 0.090556 0.435032
2.73466 0.08164 0.433467
2.7349 0.073049 0.433467
2.74499 0.06469 0.435032
2.74518 0.056065 0.435032
2.73546 0.047747 0.433467
2.74547 0.039295 0.435032
2.74558 0.03067 0.435032
2.74566 0.022045 0.435032
2.74572 0.013418 0.435032
2.74575 0.004791 0.435032
2.73587 -0.00382 0.433467
2.73585 -0.012415 0.433467
2.7358 -0.020532 0.433467
2.73571 -0.029604 0.433467
2.7356 -0.038676 0.433467
2.73547 -0.04727 0.433467
2.73531 -0.055386 0.433467
2.73513 -0.063979 0.433467
2.73492 -0.072094 0.433467
2.73467 -0.081163 0.433467
2.7344 -0.089754 0.433467
2.73411 -0.098344 0.433467
2.73378 -0.106933 0.433467
2.73343 -0.115521 0.433467
2.74295 -0.124077 0.435032
2.73268 -0.132216 0.433467
2.73225 -0.1408 0.433467
2.73179 -0.149383 0.433467
2.73131 -0.157965 0.433467
2.7308 -0.166544 0.433467
2.73026 -0.175123 0.433467
2.7297 -0.183699 0.433467
2.72911 -0.192274 0.433467
2.72849 -0.200847 0.433467
2.72785 -0.209417 0.433467
2.72718 -0.217986 0.433467
2.72648 -0.226553 0.433467
2.72575 -0.235117 0.433467
2.725 -0.243679 0.433467
2.72422 -0.252239 0.433467
2.73325 -0.261737 0.435032
2.72258 -0.269351 0.433467
2.72172 -0.277902 0.433467
2.72084 -0.286452 0.433467
2.71997 -0.294523 0.433467
2.71904 -0.303067 0.433467
2.71807 -0.311607 0.433467
2.71708 -0.320145 0.433467
2.72586 -0.329866 0.435032
2.71501 -0.33721 0.433467
2.72374 -0.346986 0.435032
2.71284 -0.354263 0.433467
2.7215 -0.364093 0.435032
2.71056 -0.371301 0.433467
2.71916 -0.381186 0.435032
2.71795 -0.389726 0.435032
2.71671 -0.398263 0.435032
2.71545 -0.406796 0.435032
2.71416 -0.415325 0.435032
2.71284 -0.423849 0.435032
2.72125 -0.433925 0.436596
2.71012 -0.440886 0.435032
2.71847 -0.451014 0.436596
2.7073 -0.457905 0.435032
2.71558 -0.468086 0.436596
2.7141 -0.476615 0.436596
2.69314 -0.481662 0.433467
2.6819 -0.488351 0.431902
2.71525 0.432969 0.335961
2.75582 0.430565 0.340812
2.76697 0.423406 0.342025
2.77811 0.416182 0.343238
2.76958 0.406013 0.342025
2.76102 0.395902 0.340812
2.77208 0.388603 0.342025
2.75361 0.377198 0.339599
2.76463 0.369862 0.340812
2.76577 0.361175 0.340812
2.76689 0.352485 0.340812
2.74829 0.341343 0.338387
2.74935 0.332707 0.338387
2.75032 0.324548 0.338387
2.75133 0.315907 0.338387
2.75231 0.307262 0.338387
2.75326 0.298613 0.338387
2.75418 0.289961 0.338387
2.75508 0.281308 0.338387
2.74607 0.271674 0.337174
2.74691 0.263045 0.337174
2.74772 0.254415 0.337174
2.74851 0.245781 0.337174
2.73938 0.236294 0.335961
2.74011 0.227686 0.335961
2.7507 0.219866 0.337174
2.74148 0.210464 0.335961
2.752 0.203059 0.337174
2.74272 0.193715 0.335961
2.75322 0.185765 0.337174
2.74388 0.176476 0.335961
2.74442 0.167856 0.335961
2.74494 0.159234 0.335961
2.74542 0.15061 0.335961
2.74588 0.141984 0.335961
2.7364 0.132874 0.334748
2.7368 0.124277 0.334748
2.73718 0.115679 0.334748
2.74745 0.107468 0.335961
2.74777 0.098836 0.335961
2.73815 0.089876 0.334748
2.73842 0.081274 0.334748
2.73866 0.072671 0.334748
2.73887 0.064068 0.334748
2.73906 0.055462 0.334748
2.72929 0.047163 0.333535
2.73935 0.038729 0.334748
2.73946 0.030123 0.334748
2.73954 0.021518 0.334748
2.73959 0.01291 0.334748
2.73962 0.004303 0.334748
2.73962 -0.004303 0.334748
2.72967 -0.012863 0.333535
2.73954 -0.021039 0.334748
2.73946 -0.030123 0.334748
2.73934 -0.039207 0.334748
2.72928 -0.04764 0.333535
2.73905 -0.05594 0.334748
2.72894 -0.064311 0.333535
2.72874 -0.072408 0.333535
2.7384 -0.081752 0.334748
2.73813 -0.090355 0.334748
2.72792 -0.098598 0.333535
2.73751 -0.107557 0.334748
2.72724 -0.115736 0.333535
2.72689 -0.123827 0.333535
2.72649 -0.132393 0.333535
2.72606 -0.140958 0.333535
2.7256 -0.149522 0.333535
2.72512 -0.158084 0.333535
2.72461 -0.166644 0.333535
2.73398 -0.17584 0.334748
2.72351 -0.18376 0.333535
2.72292 -0.192315 0.333535
2.7124 -0.200138 0.332322
2.72165 -0.20942 0.333535
2.72098 -0.217969 0.333535
2.72028 -0.226516 0.333535
2.71956 -0.235061 0.333535
2.72869 -0.24449 0.334748
2.71803 -0.252144 0.333535
2.71722 -0.260682 0.333535
2.72627 -0.270196 0.334748
2.72541 -0.278759 0.334748
2.72452 -0.28732 0.334748
2.72365 -0.295402 0.334748
2.71285 -0.302856 0.333535
2.72174 -0.31251 0.334748
2.71089 -0.319895 0.333535
2.71972 -0.329605 0.334748
2.71868 -0.338147 0.334748
2.7176 -0.346686 0.334748
2.7165 -0.355222 0.334748
2.72521 -0.365073 0.335961
2.72405 -0.373632 0.335961
2.71303 -0.380809 0.334748
2.71182 -0.38933 0.334748
2.7204 -0.399289 0.335961
2.70932 -0.406361 0.334748
2.71784 -0.416374 0.335961
2.70671 -0.423376 0.334748
2.71517 -0.433442 0.335961
2.7138 -0.44197 0.335961
2.7026 -0.448867 0.334748
2.71097 -0.459012 0.335961
2.71929 -0.469215 0.337174
2.70803 -0.476037 0.335961
2.70652 -0.484542 0.335961
2.69522 -0.491262 0.334748
2.66438 -0.494295 0.33111
2.77582 0.433193 0.244068
2.71808 0.415438 0.238875
2.77849 0.415743 0.244068
2.77978 0.407013 0.244068
2.77118 0.396866 0.243202
2.77241 0.388157 0.243202
2.77362 0.379445 0.243202
2.7748 0.37073 0.243202
2.76607 0.360723 0.242337
2.75731 0.350773 0.241471
2.7584 0.34211 0.241471
2.76935 0.334637 0.242337
2.77033 0.326419 0.242337
2.76144 0.31658 0.241471
2.76242 0.307902 0.241471
2.76338 0.299223 0.241471
2.7544 0.289498 0.240606
2.7652 0.281854 0.241471
2.75616 0.272187 0.240606
2.757 0.263526 0.240606
2.75782 0.254864 0.240606
2.74868 0.245312 0.239741
2.75936 0.237532 0.240606
2.75017 0.228038 0.239741
2.75087 0.219396 0.239741
2.75155 0.210754 0.239741
2.76209 0.203319 0.240606
2.74285 0.193243 0.238875
2.74344 0.184624 0.238875
2.744 0.176003 0.238875
2.74454 0.167383 0.238875
2.755 0.159335 0.239741
2.76544 0.151224 0.240606
2.75595 0.142022 0.239741
2.75638 0.133362 0.239741
2.75679 0.124703 0.239741
2.74721 0.115623 0.238875
2.74756 0.106992 0.238875
2.75784 0.098716 0.239741
2.75814 0.09005 0.239741
2.74845 0.081092 0.238875
2.74869 0.072457 0.238875
2.73894 0.06359 0.23801
2.73913 0.054985 0.23801
2.73928 0.046857 0.23801
2.73941 0.038252 0.23801
2.73952 0.029646 0.23801
2.74956 0.021115 0.238875
2.73965 0.012432 0.23801
2.73968 0.003825 0.23801
2.72971 -0.004764 0.237144
2.71972 -0.013291 0.236279
2.7396 -0.021517 0.23801
2.72955 -0.030491 0.237144
2.73939 -0.039686 0.23801
2.74922 -0.048468 0.238875
2.74906 -0.056625 0.238875
2.74887 -0.065261 0.238875
2.74866 -0.073416 0.238875
2.73845 -0.082232 0.23801
2.74813 -0.091165 0.238875
2.74783 -0.099798 0.238875
2.73755 -0.108037 0.23801
2.7372 -0.116637 0.23801
2.73684 -0.124758 0.23801
2.74638 -0.13384 0.238875
2.736 -0.141951 0.23801
2.73554 -0.150546 0.23801
2.73505 -0.159139 0.23801
2.73454 -0.167731 0.23801
2.72406 -0.17568 0.237144
2.73343 -0.184909 0.23801
2.7229 -0.192792 0.237144
2.72228 -0.201345 0.237144
2.73157 -0.210662 0.23801
2.72096 -0.218446 0.237144
2.72026 -0.226993 0.237144
2.72946 -0.236397 0.23801
2.72871 -0.244971 0.23801
2.72792 -0.253542 0.23801
2.72711 -0.262111 0.23801
2.73619 -0.271661 0.238875
2.72541 -0.27924 0.23801
2.73443 -0.288848 0.238875
2.73356 -0.29696 0.238875
2.73261 -0.305546 0.238875
2.73164 -0.314129 0.238875
2.73064 -0.322709 0.238875
2.71972 -0.330086 0.23801
2.72856 -0.33986 0.238875
2.72748 -0.34843 0.238875
2.72637 -0.356997 0.238875
2.72523 -0.365561 0.238875
2.73394 -0.375476 0.239741
2.72288 -0.382676 0.238875
2.73153 -0.392646 0.239741
2.72043 -0.399777 0.238875
2.72901 -0.409801 0.239741
2.72771 -0.418372 0.239741
2.72638 -0.42694 0.239741
2.72502 -0.435503 0.239741
2.72364 -0.444061 0.239741
2.72223 -0.452616 0.239741
2.73062 -0.462831 0.240606
2.71934 -0.469711 0.239741
2.73747 -0.481705 0.241471
2.72614 -0.488545 0.240606
2.71479 -0.495319 0.239741
2.69363 -0.500207 0.23801
2.74314 0.427602 0.144021
2.76421 0.421996 0.145057
2.75565 0.411834 0.144539
2.75693 0.403176 0.144539
2.7483 0.393098 0.144021
2.75941 0.385845 0.144539
2.76061 0.377174 0.144539
2.75188 0.367179 0.144021
2.75302 0.358532 0.144021
2.75413 0.349881 0.144021
2.75522 0.341227 0.144021
2.75628 0.332569 0.144021
2.75725 0.32439 0.144021
2.74833 0.314591 0.143503
2.75923 0.307059 0.144021
2.75026 0.297317 0.143503
2.75118 0.288674 0.143503
2.75207 0.28003 0.143503
2.72395 0.259887 0.141949
2.7347 0.252246 0.142467
2.73548 0.243653 0.142467
2.72628 0.234205 0.141949
2.727 0.225638 0.141949
2.7277 0.217069 0.141949
2.74828 0.210021 0.142985
2.71901 0.199671 0.141431
2.71963 0.19113 0.141431
2.73018 0.183253 0.141949
2.69088 0.172124 0.139876
2.73128 0.166095 0.141949
2.75172 0.158664 0.142985
2.73226 0.148932 0.141949
2.73272 0.140347 0.141949
2.73315 0.13176 0.141949
2.73355 0.123173 0.141949
2.73392 0.114586 0.141949
2.73427 0.105995 0.141949
2.73459 0.097406 0.141949
2.73488 0.088813 0.141949
2.74513 0.080514 0.142467
2.73538 0.071629 0.141949
2.71563 0.062574 0.140913
2.71581 0.054043 0.140913
2.72594 0.046153 0.141431
2.7061 0.037314 0.140395
2.69622 0.028707 0.139876
2.72626 0.02046 0.141431
2.71632 0.011852 0.140913
2.71635 0.003318 0.140913
2.70636 -0.005196 0.140395
2.71631 -0.013749 0.140913
2.71626 -0.021808 0.140913
2.71617 -0.030815 0.140913
2.72604 -0.039969 0.141431
2.7259 -0.048533 0.141431
2.72575 -0.05662 0.141431
2.72555 -0.065183 0.141431
2.73533 -0.073538 0.141949
2.72509 -0.082307 0.141431
2.7348 -0.091201 0.141949
2.72452 -0.099427 0.141431
2.71422 -0.107591 0.140913
2.72384 -0.116544 0.141431
2.71351 -0.124169 0.140913
2.7131 -0.132693 0.140913
2.71267 -0.141216 0.140913
2.73216 -0.150838 0.141949
2.70176 -0.157675 0.140395
2.70126 -0.166162 0.140395
2.71069 -0.175292 0.140913
2.71012 -0.183807 0.140913
2.70953 -0.19232 0.140913
2.70891 -0.200832 0.140913
2.70827 -0.209341 0.140913
2.69764 -0.217047 0.140395
2.7069 -0.226353 0.140913
2.71613 -0.23572 0.141431
2.70543 -0.243357 0.140913
2.71459 -0.252781 0.141431
2.71378 -0.261308 0.141431
2.72289 -0.27082 0.141949
2.71209 -0.278353 0.141431
2.7112 -0.286872 0.141431
2.71034 -0.294915 0.141431
2.71932 -0.30454 0.141949
2.71835 -0.313082 0.141949
2.71735 -0.32162 0.141949
2.71633 -0.330155 0.141949
2.71528 -0.338687 0.141949
2.7142 -0.347216 0.141949
2.7131 -0.355741 0.141949
2.70207 -0.362933 0.141431
2.69102 -0.37006 0.140913
2.69973 -0.379904 0.141431
2.70841 -0.389806 0.141949
2.69729 -0.396859 0.141431
2.67628 -0.402361 0.140395
2.69475 -0.413799 0.141431
2.69343 -0.422262 0.141431
2.6921 -0.430722 0.141431
2.69073 -0.439177 0.141431
2.68934 -0.447628 0.141431
2.70761 -0.459416 0.142467
2.71599 -0.469621 0.142985
2.69483 -0.474687 0.141949
2.70316 -0.484914 0.142467
2.68197 -0.489815 0.141431
2.66078 -0.494588 0.140395
2.67864 0.408453 0.046572
2.75902 0.411846 0.047947
2.77019 0.404622 0.048119
2.77145 0.395916 0.048119
2.76278 0.385825 0.047947
2.74646 0.357191 0.047604
2.73765 0.347302 0.047432
2.74865 0.339927 0.047604
2.73978 0.330094 0.047432
2.74075 0.321963 0.047432
2.74174 0.313352 0.047432
2.73278 0.303632 0.04726
2.74366 0.296119 0.047432
2.74458 0.287497 0.047432
2.72557 0.276853 0.047088
2.75628 0.271227 0.047604
2.75712 0.262566 0.047604
2.75793 0.253903 0.047604
2.74875 0.244352 0.047432
2.74951 0.235717 0.047432
2.75023 0.227077 0.047432
2.75093 0.218435 0.047432
2.75161 0.209792 0.047432
2.76219 0.202357 0.047604
2.75284 0.192981 0.047432
2.75343 0.184331 0.047432
2.73404 0.174406 0.047088
2.74455 0.166422 0.04726
2.73508 0.157225 0.047088
2.73556 0.148633 0.047088
2.73601 0.140037 0.047088
2.73644 0.13144 0.047088
2.73684 0.122843 0.047088
2.72722 0.113828 0.046916
2.73756 0.105645 0.047088
2.73788 0.097044 0.047088
2.73817 0.088442 0.047088
2.72844 0.079548 0.046916
2.70868 0.070457 0.046572
2.75887 0.063089 0.047432
2.74906 0.054225 0.04726
2.74921 0.046067 0.04726
2.74934 0.037431 0.04726
2.74944 0.028794 0.04726
2.73952 0.020082 0.047088
2.74957 0.011518 0.04726
2.74959 0.002879 0.04726
2.73959 -0.005738 0.047088
2.73956 -0.014344 0.047088
2.7495 -0.022555 0.04726
2.72942 -0.031442 0.046916
2.7293 -0.040493 0.046916
2.73915 -0.049247 0.047088
2.719 -0.056955 0.046744
2.71881 -0.065497 0.046744
2.7186 -0.073563 0.046744
2.71834 -0.082578 0.046744
2.71807 -0.091118 0.046744
2.71777 -0.099656 0.046744
2.72744 -0.108592 0.046916
2.7071 -0.116301 0.046572
2.71673 -0.124792 0.046744
2.71633 -0.133326 0.046744
2.73587 -0.142902 0.047088
2.7354 -0.151496 0.047088
2.74489 -0.160673 0.04726
2.74438 -0.169296 0.04726
2.73385 -0.17727 0.047088
2.73328 -0.185857 0.047088
2.73269 -0.194443 0.047088
2.73206 -0.203027 0.047088
2.73141 -0.211609 0.047088
2.7407 -0.220993 0.04726
2.73999 -0.229602 0.04726
2.7293 -0.237342 0.047088
2.70862 -0.244121 0.046744
2.72775 -0.254486 0.047088
2.70703 -0.261134 0.046744
2.7062 -0.269638 0.046744
2.70534 -0.278138 0.046744
2.71439 -0.287689 0.046916
2.70359 -0.294659 0.046744
2.71259 -0.304265 0.046916
2.71162 -0.312786 0.046916
2.71062 -0.321303 0.046916
2.7096 -0.329817 0.046916
2.71847 -0.339567 0.047088
2.70747 -0.346835 0.046916
2.7262 -0.357942 0.04726
2.72506 -0.366505 0.04726
2.72389 -0.375064 0.04726
2.7227 -0.38362 0.04726
2.72148 -0.392172 0.04726
2.72024 -0.400719 0.04726
2.71897 -0.409263 0.04726
2.71767 -0.417803 0.04726
2.72622 -0.427889 0.047432
2.71499 -0.43487 0.04726
2.71361 -0.443398 0.04726
2.7122 -0.451921 0.04726
2.72062 -0.462113 0.047432
2.71916 -0.470658 0.047432
2.71767 -0.479198 0.047432
2.71615 -0.487734 0.047432
2.70477 -0.494466 0.04726
2.67371 -0.497474 0.046744
