2.38063 0.406501 -0.646036
2.40095 0.402212 -0.651204
2.41173 0.396233 -0.653789
2.41297 0.388655 -0.653789
2.41418 0.381072 -0.653789
2.42491 0.374962 -0.656373
2.42607 0.367342 -0.656373
2.42722 0.359719 -0.656373
2.42833 0.352092 -0.656373
2.43899 0.345817 -0.658957
2.44007 0.338154 -0.658957
2.44112 0.330485 -0.658957
2.45172 0.324081 -0.661541
2.46231 0.317614 -0.664125
2.46329 0.309876 -0.664125
2.45467 0.30096 -0.661541
2.47478 0.295538 -0.666709
2.4757 0.287762 -0.666709
2.48624 0.280635 -0.669293
2.47751 0.271769 -0.666709
2.52633 0.269541 -0.67963
2.52717 0.261602 -0.67963
2.52798 0.253662 -0.67963
2.53837 0.246654 -0.682214
2.54875 0.239582 -0.684798
2.54949 0.231574 -0.684798
2.55983 0.224406 -0.687382
2.5509 0.21555 -0.684798
2.57082 0.209102 -0.689966
2.49442 0.195001 -0.669293
2.53355 0.190053 -0.67963
2.53414 0.182094 -0.67963
2.53469 0.174132 -0.67963
2.54487 0.1668 -0.682214
2.54538 0.158804 -0.682214
2.55551 0.151377 -0.684798
2.55597 0.143349 -0.684798
2.56608 0.135381 -0.687382
2.57614 0.127798 -0.689966
2.56688 0.119255 -0.687382
2.57688 0.112058 -0.689966
2.58687 0.104352 -0.692551
2.59685 0.09613 -0.695135
2.59714 0.087972 -0.695135
2.60706 0.080108 -0.697719
2.6073 0.071918 -0.697719
2.61717 0.063963 -0.700303
2.61736 0.05574 -0.700303
2.62718 0.047693 -0.702887
2.62732 0.039438 -0.702887
2.63709 0.031299 -0.705471
2.62751 0.022931 -0.702887
2.63723 0.015189 -0.705471
2.65659 0.00649 -0.71064
2.68557 -0.001875 -0.718392
2.68555 -0.010312 -0.718392
2.69517 -0.018346 -0.720976
2.70476 -0.027381 -0.72356
2.71432 -0.036006 -0.726145
2.70453 -0.044375 -0.72356
2.7237 -0.053249 -0.728729
2.66557 -0.06049 -0.713224
2.70399 -0.069862 -0.72356
2.68445 -0.077797 -0.718392
2.7035 -0.08685 -0.72356
2.72252 -0.096024 -0.728729
2.72221 -0.104577 -0.728729
2.72187 -0.113128 -0.728729
2.73115 -0.12211 -0.731313
2.7404 -0.131151 -0.733897
2.74962 -0.140252 -0.736481
2.73952 -0.148367 -0.733897
2.75833 -0.158078 -0.739065
2.79639 -0.169075 -0.749402
2.80549 -0.178473 -0.751986
2.80491 -0.187286 -0.751986
2.80431 -0.196097 -0.751986
2.81332 -0.20561 -0.75457
2.82229 -0.215181 -0.757154
2.8216 -0.224047 -0.757154
2.83051 -0.233705 -0.759738
2.76238 -0.23682 -0.741649
2.80012 -0.248919 -0.751986
2.79932 -0.257714 -0.751986
2.80812 -0.267423 -0.75457
2.81687 -0.27719 -0.757154
2.83521 -0.28799 -0.762323
2.82469 -0.295889 -0.759738
2.83335 -0.305799 -0.762323
2.84197 -0.315765 -0.764907
2.85051 -0.326286 -0.767491
2.85906 -0.336369 -0.770075
2.85805 -0.34485 -0.770075
2.86654 -0.355015 -0.772659
2.875 -0.365236 -0.775243
2.88341 -0.375514 -0.777827
2.3916 0.407945 -0.560289
2.40248 0.402037 -0.562539
2.41335 0.396066 -0.564789
2.41458 0.388483 -0.564789
2.42541 0.382412 -0.567039
2.4266 0.374791 -0.567039
2.4374 0.368622 -0.56929
2.44819 0.36239 -0.57154
2.47824 0.358887 -0.57829
2.47936 0.351099 -0.57829
2.4901 0.344644 -0.58054
2.45255 0.331597 -0.57154
2.48256 0.327716 -0.57829
2.49324 0.321161 -0.58054
2.49423 0.313326 -0.58054
2.48553 0.304305 -0.57829
2.50583 0.298801 -0.582791
2.50675 0.290928 -0.582791
2.46898 0.27825 -0.57379
2.48921 0.272613 -0.57829
2.50939 0.26729 -0.582791
2.50052 0.258403 -0.58054
2.51101 0.251518 -0.582791
2.51179 0.243629 -0.582791
2.51255 0.235736 -0.582791
2.52298 0.22872 -0.585041
2.53339 0.221642 -0.587291
2.52436 0.212864 -0.585041
2.53473 0.205721 -0.587291
2.54508 0.198514 -0.589541
2.53597 0.18979 -0.587291
2.53656 0.181823 -0.587291
2.53712 0.173853 -0.587291
2.53765 0.165882 -0.587291
2.54788 0.158513 -0.589541
2.56782 0.151656 -0.594041
2.55856 0.143046 -0.591791
2.57848 0.135584 -0.596291
2.56916 0.127002 -0.594041
2.57928 0.11938 -0.596291
2.57962 0.111727 -0.596291
2.5897 0.104014 -0.598542
2.59003 0.095425 -0.598542
2.61953 0.088272 -0.605292
2.62953 0.080339 -0.607542
2.63951 0.072345 -0.609792
2.65921 0.064526 -0.614293
2.6594 0.056171 -0.614293
2.6693 0.04799 -0.616543
2.66944 0.039605 -0.616543
2.66955 0.031219 -0.616543
2.61118 0.022332 -0.603042
2.64046 0.014747 -0.609792
2.65998 0.006034 -0.614293
2.65999 -0.002321 -0.614293
2.66971 -0.010717 -0.616543
2.66967 -0.018638 -0.616543
2.67934 -0.027591 -0.618793
2.67923 -0.036008 -0.618793
2.68885 -0.044587 -0.621043
2.6887 -0.053034 -0.621043
2.67878 -0.061258 -0.618793
2.7173 -0.079223 -0.627794
2.74625 -0.088703 -0.634544
2.75569 -0.097676 -0.636794
2.75537 -0.106332 -0.636794
2.76476 -0.115394 -0.639045
2.79359 -0.12539 -0.645795
2.79318 -0.134166 -0.645795
2.79274 -0.14294 -0.645795
2.71445 -0.147484 -0.627794
2.7237 -0.15657 -0.630044
2.77182 -0.168075 -0.641295
2.781 -0.177403 -0.643545
2.78043 -0.186138 -0.643545
2.77983 -0.194872 -0.643545
2.78892 -0.204316 -0.645795
2.78827 -0.213077 -0.645795
2.7973 -0.222609 -0.648045
2.8063 -0.232199 -0.650295
2.80555 -0.241014 -0.650295
2.82339 -0.260427 -0.654796
2.85165 -0.272072 -0.661546
2.86048 -0.281985 -0.663796
2.86928 -0.291956 -0.666046
2.87804 -0.301986 -0.668297
2.87707 -0.311026 -0.668297
2.89545 -0.322218 -0.672797
2.8266 -0.32405 -0.657046
2.86428 -0.337489 -0.666046
2.89228 -0.349492 -0.672797
2.89117 -0.358577 -0.672797
2.88036 -0.366429 -0.670547
2.89852 -0.377996 -0.675047
2.51417 0.436532 -0.498397
2.35105 0.400606 -0.46581
2.39102 0.39969 -0.473477
2.44069 0.400116 -0.483062
2.43224 0.390889 -0.481145
2.44315 0.384772 -0.483062
2.44435 0.377095 -0.483062
2.45523 0.37088 -0.484979
2.46609 0.3646 -0.486896
2.46722 0.356852 -0.486896
2.46833 0.349098 -0.486896
2.46942 0.341342 -0.486896
2.4802 0.334895 -0.488813
2.49097 0.328385 -0.49073
2.49199 0.320558 -0.49073
2.48325 0.311506 -0.488813
2.49396 0.304894 -0.49073
2.4949 0.297057 -0.49073
2.49582 0.289218 -0.49073
2.49677 0.280941 -0.49073
2.51715 0.275228 -0.494563
2.51796 0.267759 -0.494563
2.51879 0.259847 -0.494563
2.53912 0.253886 -0.498397
2.53991 0.245908 -0.498397
2.55044 0.238842 -0.500314
2.55118 0.230828 -0.500314
2.56167 0.223666 -0.502231
2.55258 0.214795 -0.500314
2.56302 0.207567 -0.502231
2.56366 0.199513 -0.502231
2.56428 0.191458 -0.502231
2.55564 0.174674 -0.500314
2.58555 0.16856 -0.506065
2.56648 0.15922 -0.502231
2.56697 0.151157 -0.502231
2.58703 0.144185 -0.506065
2.58749 0.135605 -0.506065
2.59771 0.127959 -0.507982
2.5981 0.119796 -0.507982
2.58863 0.111664 -0.506065
2.56936 0.102748 -0.502231
2.61873 0.096024 -0.511816
2.62882 0.088125 -0.513733
2.62909 0.079866 -0.513733
2.63914 0.071874 -0.515649
2.63935 0.063583 -0.515649
2.63954 0.05529 -0.515649
2.65932 0.047346 -0.519483
2.64965 0.038848 -0.517566
2.65957 0.030638 -0.519483
2.64984 0.0222 -0.517566
2.66952 0.014444 -0.5214
2.67937 0.005611 -0.523317
2.66956 -0.002796 -0.5214
2.66953 -0.011182 -0.5214
2.68912 -0.019243 -0.525234
2.69885 -0.028263 -0.527151
2.71838 -0.037009 -0.530985
2.69862 -0.04522 -0.527151
2.71809 -0.054088 -0.530985
2.69829 -0.062175 -0.527151
2.65883 -0.069624 -0.519483
2.74689 -0.080566 -0.536736
2.74663 -0.089195 -0.536736
2.74633 -0.097824 -0.536736
2.75582 -0.106831 -0.538652
2.75547 -0.115488 -0.538652
2.7649 -0.124586 -0.540569
2.76449 -0.133272 -0.540569
2.78366 -0.142963 -0.544403
2.7538 -0.150105 -0.538652
2.77291 -0.159885 -0.542486
2.79199 -0.169787 -0.54632
2.78165 -0.177931 -0.544403
2.80066 -0.187984 -0.548237
2.80006 -0.196781 -0.548237
2.819 -0.207014 -0.552071
2.80855 -0.21512 -0.550154
2.82743 -0.225503 -0.553988
2.80714 -0.232762 -0.550154
2.76728 -0.238213 -0.542486
2.83495 -0.253013 -0.555905
2.86346 -0.264627 -0.561655
2.86262 -0.273622 -0.561655
2.87151 -0.283578 -0.563572
2.88037 -0.293593 -0.565489
2.86967 -0.301615 -0.563572
2.87847 -0.311685 -0.565489
2.86772 -0.319639 -0.563572
2.86664 -0.329147 -0.563572
2.87534 -0.339302 -0.565489
2.87432 -0.347831 -0.565489
2.88296 -0.358069 -0.567406
2.88182 -0.367125 -0.567406
2.89038 -0.377447 -0.569323
2.3768 0.396886 -0.383294
2.43651 0.398994 -0.392719
2.4475 0.392903 -0.39429
2.45848 0.386746 -0.395861
2.45968 0.379021 -0.395861
2.47063 0.372765 -0.397432
2.47179 0.365002 -0.397432
2.49247 0.360059 -0.400574
2.48381 0.350845 -0.399003
2.49468 0.344391 -0.400574
2.49575 0.336551 -0.400574
2.4968 0.32871 -0.400574
2.49782 0.320864 -0.400574
2.50861 0.314243 -0.402145
2.50959 0.30636 -0.402145
2.51054 0.298474 -0.402145
2.52127 0.291721 -0.403716
2.52222 0.283359 -0.403716
2.53292 0.276505 -0.405286
2.57301 0.273158 -0.41157
2.57386 0.265074 -0.41157
2.58451 0.257968 -0.413141
2.56564 0.247948 -0.409999
2.59591 0.242643 -0.414712
2.56715 0.231821 -0.409999
2.59738 0.226327 -0.414712
2.58824 0.21734 -0.413141
2.59875 0.210004 -0.414712
2.53048 0.196486 -0.403716
2.57048 0.191469 -0.409999
2.61047 0.186205 -0.416283
2.59133 0.176659 -0.413141
2.60173 0.169159 -0.414712
2.60225 0.160984 -0.414712
2.60274 0.152808 -0.414712
2.60321 0.144631 -0.414712
2.6234 0.137027 -0.417853
2.61395 0.1283 -0.416283
2.62421 0.120541 -0.417853
2.61469 0.112331 -0.416283
2.66471 0.097245 -0.424137
2.68474 0.08953 -0.427279
2.67513 0.080798 -0.425708
2.68525 0.072661 -0.427279
2.65584 0.063517 -0.422566
2.69552 0.055993 -0.42885
2.69569 0.047523 -0.42885
2.6662 0.038626 -0.424137
2.71568 0.03081 -0.431991
2.65651 0.021793 -0.422566
2.69607 0.014117 -0.42885
2.68622 0.005156 -0.427279
2.6961 -0.003294 -0.42885
2.70596 -0.011807 -0.43042
2.71579 -0.019908 -0.431991
2.7157 -0.028914 -0.431991
2.7156 -0.037445 -0.431991
2.72534 -0.046144 -0.433562
2.74493 -0.055102 -0.436704
2.725 -0.063266 -0.433562
2.76403 -0.081552 -0.439846
2.75389 -0.089913 -0.438275
2.78321 -0.099624 -0.442988
2.79275 -0.108751 -0.444558
2.79239 -0.117524 -0.444558
2.79201 -0.126296 -0.444558
2.80146 -0.135544 -0.446129
2.80102 -0.144344 -0.446129
2.75125 -0.150447 -0.438275
2.80006 -0.161941 -0.446129
2.79954 -0.170737 -0.446129
2.80884 -0.180163 -0.4477
2.81812 -0.189649 -0.449271
2.82736 -0.199196 -0.450842
2.83657 -0.208802 -0.452413
2.82605 -0.216957 -0.450842
2.82536 -0.225834 -0.450842
2.84432 -0.236345 -0.453984
2.86245 -0.25597 -0.457125
2.86163 -0.264962 -0.457125
2.89028 -0.276775 -0.461838
2.88939 -0.285853 -0.461838
2.88848 -0.294929 -0.461838
2.88754 -0.304002 -0.461838
2.89639 -0.314137 -0.463409
2.89539 -0.323235 -0.463409
2.85506 -0.328321 -0.457125
2.91285 -0.344244 -0.466551
2.91182 -0.352885 -0.466551
2.9107 -0.362031 -0.466551
2.89975 -0.369923 -0.46498
2.90837 -0.380312 -0.466551
2.40829 0.401713 -0.300617
2.39974 0.392543 -0.299395
2.42056 0.388146 -0.301839
2.41197 0.378998 -0.300617
2.41315 0.371419 -0.300617
2.40449 0.362357 -0.299395
2.43507 0.359146 -0.303061
2.44601 0.352912 -0.304283
2.46676 0.347998 -0.306727
2.46784 0.340247 -0.306727
2.4689 0.332492 -0.306727
2.48961 0.327322 -0.309171
2.50047 0.320762 -0.310393
2.50147 0.312904 -0.310393
2.51229 0.306245 -0.311615
2.51324 0.298351 -0.311615
2.52403 0.291593 -0.312837
2.4658 0.276584 -0.305505
2.50612 0.273137 -0.310393
2.51679 0.266745 -0.311615
2.50775 0.257823 -0.310393
2.50854 0.249944 -0.310393
2.51919 0.243015 -0.311615
2.51994 0.235099 -0.311615
2.52067 0.22718 -0.311615
2.53126 0.220122 -0.312837
2.54183 0.212997 -0.314059
2.54249 0.205011 -0.314059
2.53322 0.196255 -0.312837
2.53383 0.188295 -0.312837
2.56411 0.182449 -0.316503
2.57457 0.175065 -0.317725
2.58501 0.167619 -0.318947
2.58552 0.159496 -0.318947
2.59592 0.151953 -0.320169
2.6162 0.144895 -0.322613
2.60676 0.135702 -0.321391
2.61709 0.127996 -0.322613
2.62739 0.120228 -0.323835
2.61782 0.112008 -0.322613
2.59832 0.102998 -0.320169
2.60857 0.09474 -0.321391
2.60885 0.086544 -0.321391
2.60911 0.078348 -0.321391
2.60935 0.070151 -0.321391
2.61948 0.06219 -0.322613
2.61966 0.053959 -0.322613
2.61982 0.045728 -0.322613
2.63979 0.037782 -0.325057
2.6399 0.029489 -0.325057
2.63998 0.021196 -0.325057
2.63011 0.013312 -0.323835
2.65991 0.004642 -0.327501
2.69961 -0.003769 -0.332389
2.70951 -0.012295 -0.333611
2.71939 -0.020409 -0.334833
2.70938 -0.029319 -0.333611
2.70928 -0.037831 -0.333611
2.71907 -0.046512 -0.334833
2.72883 -0.055255 -0.336055
2.73856 -0.06406 -0.337277
2.70859 -0.071873 -0.333611
2.71827 -0.080676 -0.334833
2.718 -0.089216 -0.334833
2.72763 -0.098111 -0.336055
2.73722 -0.107067 -0.337277
2.72695 -0.115247 -0.336055
2.7365 -0.124263 -0.337277
2.73609 -0.13286 -0.337277
2.74557 -0.141967 -0.338499
2.74511 -0.150592 -0.338499
2.73472 -0.158641 -0.337277
2.76393 -0.169049 -0.340943
2.803 -0.180279 -0.345831
2.81232 -0.189752 -0.347053
2.82161 -0.199286 -0.348276
2.82097 -0.208149 -0.348276
2.8302 -0.217772 -0.349498
2.83939 -0.227455 -0.35072
2.83867 -0.236374 -0.35072
2.76869 -0.239308 -0.342165
2.83712 -0.254205 -0.35072
2.82643 -0.2622 -0.349498
2.83547 -0.272026 -0.35072
2.84448 -0.281911 -0.351942
2.84358 -0.290846 -0.351942
2.85252 -0.300819 -0.353164
2.85156 -0.309779 -0.353164
2.85058 -0.318736 -0.353164
2.8495 -0.328187 -0.353164
2.84846 -0.337137 -0.353164
2.86715 -0.347979 -0.355608
2.86604 -0.356985 -0.355608
2.87475 -0.367244 -0.35683
2.86374 -0.374985 -0.355608
2.48324 0.429823 -0.222875
2.41583 0.410343 -0.216708
2.41711 0.402751 -0.216708
2.43803 0.398369 -0.21847
2.42943 0.389132 -0.217589
2.43064 0.381497 -0.217589
2.44167 0.375374 -0.21847
2.45269 0.369183 -0.219351
2.44398 0.360025 -0.21847
2.45496 0.353766 -0.219351
2.45606 0.346051 -0.219351
2.467 0.339691 -0.220232
2.46806 0.33194 -0.220232
2.47897 0.325482 -0.221113
2.47998 0.317693 -0.221113
2.49085 0.311134 -0.221994
2.5017 0.30451 -0.222875
2.50264 0.29665 -0.222875
2.50356 0.288787 -0.222875
2.51441 0.281592 -0.223756
2.53589 0.268322 -0.225518
2.54663 0.261372 -0.226399
2.54744 0.25337 -0.226399
2.54822 0.245367 -0.226399
2.54898 0.237359 -0.226399
2.55963 0.230242 -0.22728
2.56035 0.222201 -0.22728
2.57096 0.214986 -0.22816
2.57162 0.206908 -0.22816
2.5524 0.197292 -0.226399
2.56294 0.190008 -0.22728
2.57346 0.182663 -0.22816
2.57402 0.174576 -0.22816
2.58449 0.167131 -0.229041
2.58501 0.159011 -0.229041
2.58549 0.15089 -0.229041
2.59593 0.142863 -0.229922
2.59636 0.134706 -0.229922
2.58682 0.126063 -0.229041
2.60711 0.118844 -0.230803
2.60745 0.111108 -0.230803
2.65817 0.087716 -0.235208
2.64848 0.079067 -0.234327
2.64871 0.070747 -0.234327
2.65888 0.062661 -0.235208
2.66902 0.05451 -0.236089
2.65922 0.045952 -0.235208
2.66931 0.037739 -0.236089
2.68934 0.029572 -0.237851
2.62965 0.020654 -0.232565
2.66955 0.01258 -0.236089
2.6895 0.004224 -0.237851
2.6895 -0.004225 -0.237851
2.67951 -0.012627 -0.23697
2.68942 -0.021123 -0.237851
2.68934 -0.029572 -0.237851
2.69919 -0.038162 -0.238732
2.69906 -0.046641 -0.238732
2.70886 -0.055324 -0.239613
2.71863 -0.064068 -0.240493
2.75773 -0.091001 -0.244017
2.75743 -0.099665 -0.244017
2.76706 -0.108718 -0.244898
2.7667 -0.11741 -0.244898
2.76632 -0.126102 -0.244898
2.77586 -0.135277 -0.245779
2.78537 -0.144513 -0.24666
2.76501 -0.152168 -0.244898
2.74463 -0.159696 -0.243136
2.78388 -0.170757 -0.24666
2.79327 -0.180143 -0.247541
2.78275 -0.188245 -0.24666
2.80202 -0.198394 -0.248422
2.80138 -0.207196 -0.248422
2.81065 -0.216761 -0.249303
2.81989 -0.226387 -0.250184
2.81916 -0.235245 -0.250184
2.82833 -0.24496 -0.251065
2.85649 -0.265492 -0.253707
2.85564 -0.274464 -0.253707
2.85477 -0.283434 -0.253707
2.86377 -0.293416 -0.254588
2.86284 -0.302412 -0.254588
2.87177 -0.312482 -0.255469
2.86088 -0.320393 -0.254588
2.82022 -0.325313 -0.251065
2.87854 -0.341206 -0.25635
2.89729 -0.352149 -0.258112
2.89617 -0.36125 -0.258112
2.9049 -0.371611 -0.258993
2.50926 0.433875 -0.133692
2.43184 0.412626 -0.129498
2.43313 0.404984 -0.129498
2.42453 0.395729 -0.128974
2.43563 0.389689 -0.129498
2.43684 0.382034 -0.129498
2.43803 0.374376 -0.129498
2.42932 0.365231 -0.128974
2.45021 0.360505 -0.130022
2.49087 0.358497 -0.132119
2.51176 0.353452 -0.133168
2.50296 0.344198 -0.132644
2.51393 0.337663 -0.133168
2.52488 0.331062 -0.133692
2.52591 0.323129 -0.133692
2.53682 0.316427 -0.134217
2.52789 0.30725 -0.133692
2.52884 0.299308 -0.133692
2.55953 0.29479 -0.135265
2.47117 0.276314 -0.130547
2.50182 0.271784 -0.132119
2.50261 0.264359 -0.132119
2.49349 0.255478 -0.131595
2.50422 0.248631 -0.132119
2.52487 0.242673 -0.133168
2.52562 0.234739 -0.133168
2.5164 0.22591 -0.132644
2.53699 0.219728 -0.133692
2.53767 0.211756 -0.133692
2.54828 0.204583 -0.134217
2.53895 0.195807 -0.133692
2.5296 0.187093 -0.133168
2.58994 0.183378 -0.136314
2.61043 0.176588 -0.137362
2.61097 0.168386 -0.137362
2.64139 0.162017 -0.138935
2.62195 0.152558 -0.137887
2.63241 0.14441 -0.138411
2.63285 0.136139 -0.138411
2.65321 0.128835 -0.139459
2.65361 0.120499 -0.139459
2.64398 0.112203 -0.138935
2.61438 0.10272 -0.137362
2.61471 0.094049 -0.137362
2.61499 0.085834 -0.137362
2.61525 0.077619 -0.137362
2.62546 0.069667 -0.137887
2.62566 0.06142 -0.137887
2.62584 0.05317 -0.137887
2.64597 0.045261 -0.138935
2.6461 0.036949 -0.138935
2.65619 0.028744 -0.139459
2.64628 0.020322 -0.138935
2.64633 0.012009 -0.138935
2.6863 0.00375 -0.141032
2.72624 -0.004758 -0.143129
2.72621 -0.013323 -0.143129
2.73614 -0.021968 -0.143654
2.73606 -0.030563 -0.143654
2.74594 -0.039302 -0.144178
2.7458 -0.047928 -0.144178
2.75562 -0.05676 -0.144702
2.76541 -0.065653 -0.145226
2.71528 -0.072999 -0.142605
2.71503 -0.081529 -0.142605
2.71477 -0.090058 -0.142605
2.72445 -0.098949 -0.143129
2.7341 -0.107901 -0.143654
2.73375 -0.11649 -0.143654
2.74335 -0.125534 -0.144178
2.74294 -0.134152 -0.144178
2.75248 -0.143288 -0.144702
2.76198 -0.152485 -0.145226
2.77146 -0.161743 -0.145751
2.79087 -0.171675 -0.146799
2.82022 -0.182375 -0.148372
2.83956 -0.192586 -0.149421
2.83894 -0.201506 -0.149421
2.83829 -0.210423 -0.149421
2.86749 -0.221648 -0.150994
2.86678 -0.230655 -0.150994
2.88594 -0.241325 -0.152042
2.78568 -0.241756 -0.146799
2.81474 -0.25319 -0.148372
2.81393 -0.262031 -0.148372
2.83298 -0.272785 -0.149421
2.82217 -0.280695 -0.148896
2.84114 -0.291599 -0.149945
2.85014 -0.301574 -0.150469
2.84918 -0.310526 -0.150469
2.86804 -0.321702 -0.151518
2.86696 -0.331211 -0.151518
2.88574 -0.342571 -0.152566
2.88471 -0.351131 -0.152566
2.88359 -0.360192 -0.152566
2.89235 -0.370518 -0.153091
2.90107 -0.380903 -0.153615
2.38818 0.38894 -0.041589
2.42888 0.38774 -0.042276
2.43997 0.381652 -0.042448
2.44115 0.373984 -0.042448
2.4522 0.367797 -0.04262
2.45335 0.360092 -0.04262
2.45447 0.352383 -0.04262
2.46546 0.34606 -0.042792
2.46654 0.338312 -0.042792
2.46759 0.330562 -0.042792
2.48844 0.325401 -0.043135
2.48945 0.317582 -0.043135
2.48052 0.308525 -0.042964
2.4914 0.301933 -0.043135
2.50227 0.295277 -0.043307
2.50318 0.287415 -0.043307
2.49413 0.278441 -0.043135
2.50494 0.271681 -0.043307
2.53561 0.26695 -0.043823
2.56628 0.26203 -0.044338
2.57704 0.254952 -0.04451
2.58778 0.247807 -0.044682
2.58854 0.239676 -0.044682
2.59924 0.232433 -0.044854
2.59996 0.224268 -0.044854
2.61062 0.216926 -0.045026
2.62125 0.209519 -0.045198
2.6219 0.201284 -0.045198
2.5228 0.185705 -0.043479
2.56327 0.180591 -0.044167
2.58377 0.173879 -0.04451
2.56435 0.16448 -0.044167
2.57484 0.157032 -0.044338
2.5853 0.14952 -0.04451
2.58575 0.141398 -0.04451
2.58619 0.133273 -0.04451
2.58659 0.125147 -0.04451
2.59696 0.117473 -0.044682
2.5973 0.109768 -0.044682
2.61761 0.10239 -0.045026
2.61795 0.093251 -0.045026
2.62823 0.08535 -0.045198
2.68845 0.078852 -0.046229
2.68868 0.070406 -0.046229
2.70888 0.062419 -0.046572
2.70906 0.053909 -0.046572
2.71922 0.045565 -0.046744
2.70935 0.036886 -0.046572
2.70945 0.028848 -0.046572
2.70952 0.020335 -0.046572
2.65958 0.011605 -0.045713
2.6896 0.003285 -0.046229
2.6896 -0.005164 -0.046229
2.68957 -0.013613 -0.046229
2.67951 -0.021981 -0.046057
2.68943 -0.030512 -0.046229
2.70931 -0.039723 -0.046572
2.70917 -0.048235 -0.046572
2.719 -0.056955 -0.046744
2.71881 -0.065497 -0.046744
2.7086 -0.073766 -0.046572
2.73806 -0.091788 -0.047088
2.78771 -0.102221 -0.047947
2.79737 -0.111376 -0.048119
2.81698 -0.121022 -0.048463
2.82658 -0.130332 -0.048635
2.81617 -0.138719 -0.048463
2.8257 -0.148089 -0.048635
2.83521 -0.15752 -0.048807
2.73489 -0.160566 -0.047088
2.77429 -0.171627 -0.047775
2.79369 -0.181639 -0.048119
2.78313 -0.189735 -0.047947
2.79249 -0.199189 -0.048119
2.81179 -0.209446 -0.048463
2.81112 -0.218278 -0.048463
2.82039 -0.227914 -0.048635
2.81966 -0.236773 -0.048635
2.8189 -0.24563 -0.048635
2.85712 -0.267059 -0.049322
2.89608 -0.279881 -0.05001
2.89518 -0.288978 -0.05001
2.90421 -0.299096 -0.050181
2.89331 -0.307163 -0.05001
2.91221 -0.318425 -0.050353
2.90126 -0.326454 -0.050181
2.85056 -0.329821 -0.049322
2.88922 -0.343496 -0.05001
2.89805 -0.353783 -0.050181
2.89693 -0.362886 -0.050181
2.89577 -0.371985 -0.050181
2.89459 -0.38108 -0.050181
2.46274 0.423176 0.39591
2.44458 0.412152 0.39278
2.46535 0.407694 0.39591
2.46662 0.399947 0.39591
2.47762 0.393746 0.397475
2.47884 0.38596 0.397475
2.4898 0.379659 0.39904
2.49098 0.371836 0.39904
2.49214 0.364009 0.39904
2.50305 0.357574 0.400605
2.50416 0.349709 0.400605
2.50525 0.341839 0.400605
2.5161 0.335272 0.402169
2.51714 0.327366 0.402169
2.52795 0.320699 0.403734
2.52895 0.312756 0.403734
2.52992 0.304809 0.403734
2.54067 0.298011 0.405299
2.5416 0.290028 0.405299
2.55236 0.282685 0.406864
2.55319 0.275111 0.406864
2.55404 0.267088 0.406864
2.55487 0.259063 0.406864
2.5655 0.252002 0.408429
2.56628 0.24394 0.408429
2.56703 0.235877 0.408429
2.5776 0.228683 0.409994
2.5783 0.220586 0.409994
2.57898 0.212484 0.409994
2.58948 0.205161 0.411559
2.59996 0.197774 0.413124
2.59072 0.188888 0.411559
2.60116 0.181434 0.413124
2.60171 0.173262 0.413124
2.60224 0.165087 0.413124
2.61261 0.157506 0.414688
2.62295 0.149861 0.416253
2.63327 0.142152 0.417818
2.62386 0.13292 0.416253
2.63414 0.125144 0.417818
2.64436 0.117767 0.419383
2.64472 0.10946 0.419383
2.6549 0.101991 0.420948
2.66511 0.093068 0.422513
2.67526 0.085008 0.424078
2.66564 0.076321 0.422513
2.67574 0.068198 0.424078
2.68582 0.060012 0.425642
2.686 0.051574 0.425642
2.69602 0.043293 0.427207
2.69614 0.034824 0.427207
2.69624 0.026354 0.427207
2.70618 0.01842 0.428772
2.70622 0.009919 0.428772
2.71612 0.000948 0.430337
2.71611 -0.007585 0.430337
2.72595 -0.015701 0.431902
2.72589 -0.024264 0.431902
2.73567 -0.033424 0.433467
2.73555 -0.042018 0.433467
2.74528 -0.050795 0.435032
2.74511 -0.059419 0.435032
2.75478 -0.068288 0.436596
2.75455 -0.076942 0.436596
2.76417 -0.085902 0.438161
2.76389 -0.094585 0.438161
2.76358 -0.103268 0.438161
2.76324 -0.111949 0.438161
2.77274 -0.12106 0.439726
2.77235 -0.129771 0.439726
2.78179 -0.138972 0.441291
2.7912 -0.148235 0.442856
2.78086 -0.156448 0.441291
2.80007 -0.166355 0.444421
2.79954 -0.175151 0.444421
2.80883 -0.184593 0.445986
2.80823 -0.193416 0.445986
2.82732 -0.203657 0.449115
2.82666 -0.212538 0.449115
2.83583 -0.222188 0.45068
2.82527 -0.230294 0.449115
2.84422 -0.240835 0.452245
2.85329 -0.250634 0.45381
2.86232 -0.260492 0.455375
2.86149 -0.269482 0.455375
2.86063 -0.278471 0.455375
2.9187 -0.293383 0.464764
2.45556 0.421501 0.304427
2.43729 0.410487 0.302001
2.45816 0.406064 0.304427
2.48882 0.403101 0.308065
2.49007 0.395279 0.308065
2.4913 0.387455 0.308065
2.49251 0.379626 0.308065
2.5035 0.373258 0.309278
2.50466 0.365391 0.309278
2.5058 0.35752 0.309278
2.50691 0.349647 0.309278
2.51783 0.343109 0.310491
2.5189 0.335198 0.310491
2.51994 0.327283 0.310491
2.5308 0.320612 0.311704
2.54165 0.313876 0.312917
2.53276 0.304704 0.311704
2.54357 0.2979 0.312917
2.54449 0.289908 0.312917
2.54544 0.281468 0.312917
2.54626 0.273915 0.312917
2.55698 0.266944 0.31413
2.56768 0.25991 0.315342
2.56849 0.251843 0.315342
2.56927 0.243772 0.315342
2.57002 0.235699 0.315342
2.57075 0.227624 0.315342
2.58134 0.220391 0.316555
2.58202 0.212281 0.316555
2.59257 0.20495 0.317768
2.5932 0.196805 0.317768
2.59381 0.188657 0.317768
2.60429 0.181196 0.318981
2.61475 0.173672 0.320194
2.61528 0.165456 0.320194
2.60588 0.156644 0.318981
2.62618 0.149586 0.321407
2.62664 0.141334 0.321407
2.62709 0.132623 0.321407
2.64733 0.125307 0.323832
2.64769 0.117452 0.323832
2.64804 0.109134 0.323832
2.66819 0.102035 0.326258
2.65861 0.092376 0.325045
2.67873 0.08465 0.327471
2.66906 0.075952 0.326258
2.68913 0.06807 0.328684
2.67941 0.0594 0.327471
2.69943 0.051361 0.329897
2.68966 0.042722 0.328684
2.6997 0.034399 0.329897
2.6998 0.025918 0.329897
2.70979 0.017972 0.33111
2.70983 0.009459 0.33111
2.70985 0.000472 0.33111
2.71976 -0.00807 0.332322
2.72965 -0.016198 0.333535
2.71966 -0.024684 0.332322
2.73941 -0.033948 0.334748
2.73929 -0.042554 0.334748
2.73915 -0.05116 0.334748
2.7489 -0.059981 0.335961
2.74869 -0.068617 0.335961
2.75839 -0.077531 0.337174
2.75813 -0.086196 0.337174
2.76777 -0.095202 0.338387
2.77737 -0.104269 0.339599
2.77703 -0.112994 0.339599
2.7965 -0.122587 0.342025
2.78618 -0.130906 0.340812
2.80558 -0.140652 0.343238
2.81504 -0.149993 0.344451
2.80465 -0.158277 0.343238
2.81404 -0.167678 0.344451
2.83332 -0.177761 0.346877
2.83274 -0.186661 0.346877
2.84205 -0.196243 0.348089
2.83151 -0.204456 0.346877
2.84076 -0.214096 0.348089
2.84997 -0.223797 0.349302
2.85914 -0.233557 0.350515
2.85839 -0.242538 0.350515
2.86751 -0.252387 0.351728
2.8667 -0.261394 0.351728
2.86586 -0.270399 0.351728
2.89464 -0.282292 0.355367
2.89374 -0.291384 0.355367
2.89281 -0.300473 0.355367
2.91159 -0.311673 0.357792
2.90073 -0.319731 0.356579
2.90957 -0.329961 0.357792
2.92818 -0.34191 0.360218
2.93701 -0.351777 0.361431
2.93589 -0.361002 0.361431
2.95444 -0.372708 0.363857
2.94341 -0.380715 0.362644
2.9422 -0.38996 0.362644
2.35909 0.389276 0.207717
2.45865 0.397774 0.216372
2.50908 0.397849 0.2207
2.50048 0.388435 0.219834
2.50169 0.380577 0.219834
2.49302 0.371249 0.218969
2.50403 0.364852 0.219834
2.50516 0.356983 0.219834
2.50627 0.349112 0.219834
2.50735 0.341236 0.219834
2.50841 0.333357 0.219834
2.51933 0.326757 0.2207
2.52034 0.31884 0.2207
2.52133 0.310921 0.2207
2.53219 0.304186 0.221565
2.53313 0.29623 0.221565
2.53405 0.288271 0.221565
2.5548 0.282052 0.223296
2.54572 0.273407 0.222431
2.57792 0.252314 0.225027
2.55887 0.242335 0.223296
2.5497 0.233387 0.222431
2.58019 0.228006 0.225027
2.57097 0.219053 0.224162
2.57164 0.210976 0.224162
2.58222 0.203678 0.225027
2.58285 0.195566 0.225027
2.56358 0.186009 0.223296
2.58403 0.179333 0.225027
2.6144 0.17319 0.227624
2.62488 0.165603 0.228489
2.62538 0.157356 0.228489
2.62586 0.149108 0.228489
2.63627 0.141391 0.229355
2.63672 0.132648 0.229355
2.64708 0.124833 0.23022
2.64743 0.116978 0.23022
2.64779 0.108661 0.23022
2.65806 0.101183 0.231086
2.66888 0.075481 0.231951
2.65914 0.066846 0.231086
2.6693 0.05871 0.231951
2.65951 0.050137 0.231086
2.67957 0.042094 0.232817
2.66973 0.033551 0.231951
2.67979 0.025258 0.232817
2.67985 0.017306 0.232817
2.65997 0.008821 0.231086
2.71976 -0 0.236279
2.72971 -0.008576 0.237144
2.72967 -0.016675 0.237144
2.73956 -0.025342 0.23801
2.73946 -0.034427 0.23801
2.73934 -0.043033 0.23801
2.74916 -0.051826 0.238875
2.75894 -0.060682 0.239741
2.75873 -0.069349 0.239741
2.76846 -0.078297 0.240606
2.7682 -0.086994 0.240606
2.77787 -0.096035 0.241471
2.77756 -0.104761 0.241471
2.78717 -0.113893 0.242337
2.79675 -0.123087 0.243202
2.79635 -0.131872 0.243202
2.80587 -0.141157 0.244068
2.81536 -0.150503 0.244933
2.81487 -0.159347 0.244933
2.8243 -0.168784 0.245799
2.82376 -0.177656 0.245799
2.83313 -0.187183 0.246664
2.83253 -0.196083 0.246664
2.84183 -0.205699 0.24753
2.85111 -0.215377 0.248395
2.85042 -0.224333 0.248395
2.85963 -0.234099 0.249261
2.8688 -0.243926 0.250126
2.87795 -0.253812 0.250992
2.88706 -0.263759 0.251857
2.88621 -0.272828 0.251857
2.89526 -0.282862 0.252723
2.90427 -0.292956 0.253588
2.90333 -0.302079 0.253588
2.91228 -0.312261 0.254454
2.91128 -0.321408 0.254454
2.92016 -0.331677 0.255319
2.91904 -0.341359 0.255319
2.92791 -0.351205 0.256185
2.93668 -0.361619 0.25705
2.94541 -0.372092 0.257916
2.9541 -0.382623 0.258781
2.92326 -0.387969 0.256185
2.44242 0.410473 0.128479
2.4634 0.406047 0.129515
2.45481 0.396713 0.128997
2.47577 0.392123 0.130033
2.47699 0.384344 0.130033
2.47818 0.376559 0.130033
2.47935 0.368773 0.130033
2.47062 0.359544 0.129515
2.47174 0.35178 0.129515
2.5025 0.348141 0.131069
2.50358 0.340277 0.131069
2.51454 0.333725 0.131587
2.51558 0.325824 0.131587
2.50668 0.316667 0.131069
2.52748 0.311232 0.132106
2.52845 0.303289 0.132106
2.52939 0.295345 0.132106
2.54023 0.288525 0.132624
2.49154 0.274628 0.130033
2.54199 0.272558 0.132624
2.5329 0.263537 0.132106
2.54365 0.256581 0.132624
2.56433 0.250531 0.13366
2.55516 0.241533 0.133142
2.55591 0.233505 0.133142
2.56657 0.226351 0.13366
2.57722 0.219133 0.134178
2.5779 0.211036 0.134178
2.5885 0.203719 0.134696
2.58913 0.195587 0.134696
2.58973 0.187452 0.134696
2.60027 0.180004 0.135214
2.59086 0.171177 0.134696
2.60135 0.163663 0.135214
2.62179 0.156682 0.13625
2.62227 0.148445 0.13625
2.62275 0.139747 0.13625
2.63315 0.132008 0.136768
2.62357 0.123265 0.13625
2.64388 0.116359 0.137286
2.64423 0.108053 0.137286
2.65452 0.100584 0.137804
2.64488 0.090975 0.137286
2.64515 0.082665 0.137286
2.65538 0.074635 0.137804
2.6556 0.066293 0.137804
2.6558 0.05795 0.137804
2.65597 0.049606 0.137804
2.67608 0.041572 0.13884
2.6762 0.033165 0.13884
2.68627 0.02485 0.139358
2.68634 0.016879 0.139358
2.70635 0.00803 0.140395
2.69637 -0.000471 0.139876
2.71633 -0.009008 0.140913
2.70631 -0.017004 0.140395
2.71622 -0.026075 0.140913
2.71613 -0.034608 0.140913
2.71601 -0.043141 0.140913
2.72584 -0.051863 0.141431
2.75562 -0.06109 0.142985
2.74543 -0.069494 0.142467
2.7452 -0.078119 0.142467
2.75463 -0.095712 0.142985
2.77428 -0.105122 0.144021
2.77393 -0.113837 0.144021
2.79351 -0.123433 0.145057
2.79311 -0.132208 0.145057
2.80266 -0.141486 0.145575
2.8022 -0.15029 0.145575
2.79174 -0.158527 0.145057
2.8012 -0.167894 0.145575
2.81063 -0.177322 0.146093
2.82002 -0.186811 0.146611
2.81942 -0.19567 0.146611
2.82875 -0.205249 0.147129
2.83805 -0.214888 0.147647
2.83736 -0.223803 0.147647
2.83664 -0.232716 0.147647
2.84585 -0.242474 0.148165
2.84507 -0.251414 0.148165
2.8832 -0.273051 0.150238
2.89227 -0.28308 0.150756
2.9013 -0.293169 0.151274
2.90037 -0.302282 0.151274
2.90933 -0.312459 0.151792
2.90834 -0.321597 0.151792
2.91724 -0.331861 0.15231
2.87645 -0.336887 0.150238
2.91509 -0.350184 0.15231
2.92389 -0.360563 0.152828
2.93265 -0.371 0.153346
2.94138 -0.381496 0.153864
2.42696 0.399605 0.042276
2.47756 0.399946 0.043135
2.4788 0.39216 0.043135
2.48002 0.384371 0.043135
2.4911 0.378077 0.043307
2.49228 0.37025 0.043307
2.48353 0.360981 0.043135
2.48465 0.353176 0.043135
2.49566 0.346745 0.043307
2.50664 0.340247 0.043479
2.49778 0.331057 0.043307
2.50873 0.324492 0.043479
2.51965 0.317859 0.043651
2.53057 0.311163 0.043823
2.53153 0.303211 0.043823
2.5424 0.296414 0.043995
2.55325 0.289553 0.044167
2.49457 0.274521 0.043135
2.56497 0.274569 0.044338
2.55587 0.265476 0.044167
2.56664 0.258447 0.044338
2.56744 0.250383 0.044338
2.57817 0.243254 0.04451
2.57892 0.235154 0.04451
2.57964 0.22705 0.04451
2.59031 0.219791 0.044682
2.59099 0.211652 0.044682
2.60161 0.204294 0.044854
2.59226 0.195368 0.044682
2.59286 0.187224 0.044682
2.61339 0.180454 0.045026
2.60397 0.171586 0.044854
2.62445 0.164656 0.045198
2.62496 0.156411 0.045198
2.6454 0.149291 0.045541
2.65586 0.141047 0.045713
2.64631 0.132204 0.045541
2.6567 0.124357 0.045713
2.65705 0.116474 0.045713
2.64742 0.10772 0.045541
2.65772 0.100241 0.045713
2.66804 0.091306 0.045885
2.66832 0.082923 0.045885
2.67856 0.074819 0.046057
2.67878 0.066404 0.046057
2.68897 0.058204 0.046229
2.68914 0.049757 0.046229
2.69928 0.041461 0.046401
2.6994 0.032981 0.046401
2.70949 0.024592 0.046572
2.70955 0.016552 0.046572
2.71959 0.007595 0.046744
2.7196 -0.000949 0.046744
2.71958 -0.009493 0.046744
2.72954 -0.017627 0.046916
2.72947 -0.026678 0.046916
2.73937 -0.035382 0.047088
2.73924 -0.043988 0.047088
2.74909 -0.052785 0.04726
2.7589 -0.061645 0.047432
2.7587 -0.070312 0.047432
2.75846 -0.078978 0.047432
2.76819 -0.087961 0.047604
2.7779 -0.097006 0.047775
2.77758 -0.105733 0.047775
2.78722 -0.11487 0.047947
2.78685 -0.123626 0.047947
2.79643 -0.132855 0.048119
2.796 -0.141639 0.048119
2.81551 -0.151497 0.048463
2.80504 -0.159773 0.048291
2.80452 -0.168584 0.048291
2.81396 -0.178025 0.048463
2.83334 -0.18819 0.048807
2.85268 -0.198478 0.04915
2.86202 -0.208165 0.049322
2.85138 -0.216398 0.04915
2.88059 -0.227719 0.049666
2.86989 -0.235948 0.049494
2.8791 -0.245813 0.049666
2.83847 -0.25133 0.048978
2.88745 -0.264812 0.049838
2.88661 -0.273881 0.049838
2.89568 -0.283924 0.05001
2.90473 -0.294027 0.050181
2.90379 -0.303151 0.050181
2.90282 -0.312272 0.050181
2.91176 -0.32249 0.050353
2.92067 -0.332768 0.050525
2.91955 -0.342452 0.050525
2.92845 -0.352307 0.050697
2.93725 -0.362731 0.050869
2.9361 -0.371956 0.050869
2.93491 -0.381179 0.050869
2.9337 -0.390397 0.050869
