2.8596 0.233595 -0.767491
2.87958 0.226122 -0.772659
2.87064 0.216349 -0.770075
2.86167 0.206634 -0.767491
2.86231 0.197642 -0.767491
2.85327 0.188014 -0.764907
2.88274 0.181366 -0.772659
2.87368 0.171232 -0.770075
2.86456 0.161659 -0.767491
2.85541 0.152144 -0.764907
2.85588 0.143174 -0.764907
2.82736 0.13284 -0.757154
2.83739 0.124876 -0.759738
2.74125 0.112017 -0.733897
2.78986 0.105225 -0.746818
2.78052 0.096126 -0.744234
2.77115 0.087086 -0.741649
2.76175 0.078108 -0.739065
2.75233 0.069189 -0.736481
2.75253 0.060541 -0.736481
2.75271 0.051894 -0.736481
2.7432 0.043093 -0.733897
2.74332 0.034475 -0.733897
2.73376 0.025766 -0.731313
2.7628 0.017359 -0.739065
2.75318 0.00865 -0.736481
2.7532 -0 -0.736481
2.75318 -0.008649 -0.736481
2.74349 -0.016759 -0.733897
2.7241 -0.025675 -0.728729
2.70468 -0.03399 -0.72356
2.63695 -0.041424 -0.705471
2.66578 -0.050255 -0.713224
2.64629 -0.058204 -0.708056
2.65577 -0.066297 -0.71064
2.64589 -0.074369 -0.708056
2.63599 -0.082379 -0.705471
2.63572 -0.090659 -0.705471
2.62576 -0.098577 -0.702887
2.62544 -0.106826 -0.702887
2.62509 -0.115073 -0.702887
2.61507 -0.122866 -0.700303
2.60502 -0.130597 -0.697719
2.59495 -0.138266 -0.695135
2.5945 -0.146418 -0.695135
2.57474 -0.153419 -0.689966
2.58389 -0.162112 -0.692551
2.57373 -0.169593 -0.689966
2.56355 -0.177013 -0.687382
2.55334 -0.18437 -0.684798
2.55278 -0.191945 -0.684798
2.55217 -0.199964 -0.684798
2.55153 -0.207981 -0.684798
2.54124 -0.21518 -0.682214
2.56942 -0.225699 -0.689966
2.55908 -0.232894 -0.687382
2.56795 -0.241838 -0.689966
2.55756 -0.248968 -0.687382
2.55677 -0.257002 -0.687382
2.55595 -0.265033 -0.687382
2.5455 -0.272035 -0.684798
2.52542 -0.277917 -0.67963
2.52454 -0.28585 -0.67963
2.47565 -0.288194 -0.666709
2.49392 -0.298264 -0.671878
2.4642 -0.302566 -0.664125
2.47282 -0.311513 -0.666709
2.46225 -0.318043 -0.664125
2.46124 -0.325777 -0.664125
2.45063 -0.33221 -0.661541
2.44958 -0.339907 -0.661541
2.4485 -0.347601 -0.661541
2.43789 -0.353478 -0.658957
2.4176 -0.358725 -0.653789
2.42601 -0.367766 -0.656373
2.42484 -0.375385 -0.656373
2.4428 -0.385591 -0.661541
2.44158 -0.393263 -0.661541
2.44033 -0.400932 -0.661541
2.42953 -0.407 -0.658957
2.42824 -0.414631 -0.658957
2.42693 -0.422257 -0.658957
2.42559 -0.42988 -0.658957
2.42423 -0.437498 -0.658957
2.41326 -0.443787 -0.656373
2.39286 -0.447812 -0.651204
2.33458 -0.444079 -0.6357
2.36163 -0.456916 -0.643452
2.34123 -0.460603 -0.638284
2.31135 -0.462273 -0.630531
2.30989 -0.469532 -0.630531
2.31786 -0.47874 -0.633115
2.33525 -0.489987 -0.638284
2.87456 0.234312 -0.666046
2.85585 0.223757 -0.661546
2.88569 0.216976 -0.668297
2.88636 0.20791 -0.668297
2.87727 0.198171 -0.666046
2.85844 0.187853 -0.661546
2.85898 0.179371 -0.661546
2.84983 0.16931 -0.659296
2.85035 0.160358 -0.659296
2.83138 0.150369 -0.654796
2.82211 0.140987 -0.652545
2.81281 0.131664 -0.650295
2.80345 0.122892 -0.648045
2.81356 0.11448 -0.650295
2.79475 0.09613 -0.645795
2.80477 0.087653 -0.648045
2.80504 0.078842 -0.648045
2.80527 0.07003 -0.648045
2.80547 0.061216 -0.648045
2.78617 0.052038 -0.643545
2.78632 0.043284 -0.643545
2.69876 0.033444 -0.623293
2.71833 0.025147 -0.627794
2.73789 0.016725 -0.632294
2.72818 0.008095 -0.630044
2.72819 -0.000476 -0.630044
2.70869 -0.008982 -0.625544
2.69891 -0.016958 -0.623293
2.6891 -0.025814 -0.621043
2.67926 -0.034138 -0.618793
2.67914 -0.042555 -0.618793
2.66908 -0.059172 -0.616543
2.68837 -0.06758 -0.621043
2.68814 -0.076026 -0.621043
2.68789 -0.08447 -0.621043
2.67788 -0.092578 -0.618793
2.67757 -0.10099 -0.618793
2.66751 -0.109003 -0.616543
2.65742 -0.116955 -0.614293
2.60837 -0.123008 -0.603042
2.60797 -0.131202 -0.603042
2.62701 -0.140434 -0.607542
2.61683 -0.148136 -0.605292
2.60662 -0.155775 -0.603042
2.5964 -0.163351 -0.600792
2.58615 -0.170865 -0.598542
2.5856 -0.178989 -0.598542
2.58502 -0.187111 -0.598542
2.56502 -0.193315 -0.594041
2.5644 -0.201373 -0.594041
2.55405 -0.208635 -0.591791
2.54367 -0.215834 -0.589541
2.54298 -0.223824 -0.589541
2.53256 -0.230927 -0.587291
2.53182 -0.238882 -0.587291
2.52136 -0.245889 -0.585041
2.52058 -0.253809 -0.585041
2.51977 -0.261726 -0.585041
2.50924 -0.268604 -0.582791
2.50839 -0.276486 -0.582791
2.49783 -0.283266 -0.58054
2.49692 -0.291112 -0.58054
2.49504 -0.306795 -0.58054
2.50374 -0.315851 -0.582791
2.51239 -0.324965 -0.585041
2.5017 -0.331577 -0.582791
2.49099 -0.338124 -0.58054
2.48992 -0.345948 -0.58054
2.47917 -0.352397 -0.57829
2.46847 -0.358352 -0.57604
2.46727 -0.366535 -0.57604
2.38904 -0.362588 -0.558039
2.40715 -0.373076 -0.562539
2.42528 -0.383259 -0.567039
2.41444 -0.389325 -0.564789
2.40359 -0.395327 -0.562539
2.41195 -0.404488 -0.564789
2.40106 -0.410421 -0.562539
2.39976 -0.417962 -0.562539
2.38884 -0.423797 -0.560289
2.3875 -0.4313 -0.560289
2.37647 -0.437451 -0.558039
2.36551 -0.443121 -0.555789
2.36419 -0.450137 -0.555789
2.35319 -0.45571 -0.553539
2.35175 -0.4631 -0.553539
2.33118 -0.466661 -0.549038
2.3106 -0.470098 -0.544538
2.31866 -0.479327 -0.546788
2.32667 -0.488611 -0.549038
2.93467 0.238697 -0.575074
2.79842 0.218766 -0.548237
2.89697 0.217315 -0.567406
2.91722 0.209621 -0.57124
2.91786 0.200455 -0.57124
2.90923 0.182014 -0.569323
2.88043 0.170623 -0.563572
2.87115 0.161026 -0.561655
2.87164 0.152004 -0.561655
2.8427 0.141518 -0.555905
2.86274 0.133501 -0.559738
2.85332 0.124579 -0.557822
2.78505 0.112834 -0.544403
2.82462 0.105549 -0.552071
2.86417 0.098018 -0.559738
2.85466 0.088713 -0.557822
2.82549 0.078923 -0.552071
2.81591 0.069804 -0.550154
2.81612 0.060956 -0.550154
2.80648 0.051928 -0.548237
2.787 0.042808 -0.544403
2.7675 0.033813 -0.540569
2.76765 0.016424 -0.540569
2.74806 0.007674 -0.536736
2.73826 -0.000956 -0.534819
2.73824 -0.009558 -0.534819
2.74802 -0.017746 -0.536736
2.73813 -0.026763 -0.534819
2.7184 -0.035111 -0.530985
2.70847 -0.043494 -0.529068
2.65925 -0.05106 -0.519483
2.71795 -0.06073 -0.530985
2.71776 -0.068794 -0.530985
2.70772 -0.077052 -0.529068
2.69765 -0.085249 -0.527151
2.68757 -0.093382 -0.525234
2.67745 -0.101453 -0.523317
2.67712 -0.109864 -0.523317
2.65715 -0.117408 -0.519483
2.63716 -0.124827 -0.515649
2.63676 -0.133111 -0.515649
2.62607 -0.149119 -0.513733
2.60599 -0.156194 -0.509899
2.60549 -0.16438 -0.509899
2.61475 -0.173213 -0.511816
2.60441 -0.180748 -0.509899
2.59404 -0.188218 -0.507982
2.58368 -0.195175 -0.506065
2.58306 -0.203291 -0.506065
2.56284 -0.209803 -0.502231
2.58173 -0.219517 -0.506065
2.5908 -0.228488 -0.507982
2.5803 -0.235734 -0.506065
2.56977 -0.242915 -0.504148
2.57876 -0.251941 -0.506065
2.55843 -0.258071 -0.502231
2.55761 -0.266108 -0.502231
2.52748 -0.271002 -0.49648
2.53637 -0.280018 -0.498397
2.51598 -0.28577 -0.494563
2.47607 -0.28912 -0.486896
2.51413 -0.301572 -0.494563
2.5424 -0.313068 -0.500314
2.52192 -0.318593 -0.49648
2.54038 -0.329036 -0.500314
2.51014 -0.333141 -0.494563
2.53826 -0.344991 -0.500314
2.508 -0.348906 -0.494563
2.51661 -0.358167 -0.49648
2.49611 -0.362808 -0.492647
2.52402 -0.375416 -0.498397
2.4549 -0.373022 -0.484979
2.47312 -0.383743 -0.488813
2.45135 -0.395715 -0.484979
2.43072 -0.400225 -0.481145
2.42946 -0.407859 -0.481145
2.43783 -0.417145 -0.483062
2.42684 -0.423116 -0.481145
2.41584 -0.429022 -0.479228
2.41448 -0.436609 -0.479228
2.40337 -0.442835 -0.477311
2.38267 -0.446766 -0.473477
2.35241 -0.448321 -0.467727
2.38953 -0.46318 -0.475394
2.3977 -0.472582 -0.477311
2.38657 -0.478184 -0.475394
2.35621 -0.479804 -0.469644
2.39157 -0.502675 -0.477311
2.38038 -0.508136 -0.475394
3.031 0.255586 -0.48383
2.85461 0.231683 -0.455555
2.86517 0.223481 -0.457125
2.9151 0.218163 -0.46498
2.92562 0.209712 -0.466551
2.91641 0.199844 -0.46498
2.92688 0.191325 -0.466551
2.89786 0.180795 -0.461838
2.90831 0.171765 -0.463409
2.88911 0.161527 -0.460267
2.87974 0.151929 -0.458696
2.87034 0.142392 -0.457125
2.87077 0.133373 -0.457125
2.85142 0.123997 -0.453984
2.84193 0.114641 -0.452413
2.83273 0.096446 -0.450842
2.85276 0.088156 -0.453984
2.85302 0.079194 -0.453984
2.84338 0.069988 -0.452413
2.82384 0.06063 -0.449271
2.83389 0.05194 -0.450842
2.80442 0.042586 -0.446129
2.71566 0.032706 -0.431991
2.775 0.024702 -0.441417
2.77507 0.015983 -0.441417
2.76523 0.00724 -0.439846
2.75536 -0.001443 -0.438275
2.75534 -0.010099 -0.438275
2.74542 -0.018209 -0.436704
2.74535 -0.027313 -0.436704
2.74525 -0.035937 -0.436704
2.72537 -0.044241 -0.433562
2.72504 -0.061364 -0.433562
2.73472 -0.069701 -0.435133
2.74436 -0.078574 -0.436704
2.72436 -0.086568 -0.433562
2.72407 -0.095127 -0.433562
2.71389 -0.103309 -0.431991
2.72342 -0.112241 -0.433562
2.70332 -0.119921 -0.43042
2.63388 -0.125132 -0.419424
2.66306 -0.134905 -0.424137
2.65277 -0.14274 -0.422566
2.63258 -0.14995 -0.419424
2.65182 -0.159405 -0.422566
2.63159 -0.166488 -0.419424
2.6212 -0.1741 -0.417853
2.61079 -0.181648 -0.416283
2.62005 -0.190566 -0.417853
2.59978 -0.196848 -0.414712
2.59915 -0.205014 -0.414712
2.59849 -0.213178 -0.414712
2.59781 -0.221341 -0.414712
2.61678 -0.23124 -0.417853
2.62587 -0.24036 -0.419424
2.60544 -0.246746 -0.416283
2.60465 -0.25493 -0.416283
2.59401 -0.262118 -0.414712
2.59318 -0.270266 -0.414712
2.5825 -0.277357 -0.413141
2.55216 -0.282212 -0.408428
2.55127 -0.290229 -0.408428
2.51111 -0.293654 -0.402145
2.52978 -0.303897 -0.405286
2.50921 -0.309426 -0.402145
2.51802 -0.318547 -0.403716
2.5268 -0.327726 -0.405286
2.50618 -0.333061 -0.402145
2.50512 -0.340932 -0.402145
2.51382 -0.350163 -0.403716
2.49316 -0.355272 -0.400574
2.49209 -0.362668 -0.400574
2.48111 -0.369476 -0.399003
2.47993 -0.377268 -0.399003
2.46898 -0.383542 -0.397432
2.44832 -0.387776 -0.39429
2.44709 -0.395465 -0.39429
2.44583 -0.403151 -0.39429
2.44456 -0.410833 -0.39429
2.44325 -0.418511 -0.39429
2.44193 -0.426184 -0.39429
2.43085 -0.432125 -0.392719
2.42948 -0.43976 -0.392719
2.43772 -0.449605 -0.39429
2.40718 -0.451796 -0.389578
2.40583 -0.458936 -0.389578
2.40437 -0.466492 -0.389578
2.39321 -0.472132 -0.388007
2.37235 -0.475764 -0.384865
2.36116 -0.481242 -0.383294
2.35964 -0.488658 -0.383294
2.38709 -0.502168 -0.388007
2.87028 0.214305 -0.354386
2.88084 0.205996 -0.355608
2.87157 0.196267 -0.354386
2.86226 0.1866 -0.353164
2.8832 0.169779 -0.355608
2.86389 0.159616 -0.353164
2.86438 0.150617 -0.353164
2.85493 0.141128 -0.351942
2.85536 0.132158 -0.351942
2.84582 0.123256 -0.35072
2.81644 0.113121 -0.347053
2.80687 0.103904 -0.345831
2.8171 0.095422 -0.347053
2.80747 0.086266 -0.345831
2.78788 0.076899 -0.343387
2.79803 0.068383 -0.344609
2.78831 0.05938 -0.343387
2.77856 0.050441 -0.342165
2.75885 0.041413 -0.339721
2.74905 0.032628 -0.338499
2.73921 0.023905 -0.337277
2.76905 0.015465 -0.340943
2.75916 0.006741 -0.339721
2.75916 -0.001926 -0.339721
2.75914 -0.010594 -0.339721
2.74918 -0.018713 -0.338499
2.75902 -0.02793 -0.339721
2.749 -0.036466 -0.338499
2.73895 -0.044939 -0.337277
2.65941 -0.051992 -0.327501
2.69892 -0.061247 -0.332389
2.6888 -0.069 -0.331167
2.68857 -0.077447 -0.331167
2.6784 -0.085576 -0.329945
2.6682 -0.093642 -0.328723
2.65797 -0.101644 -0.327501
2.65764 -0.109994 -0.327501
2.64737 -0.117901 -0.326279
2.64698 -0.126218 -0.326279
2.61684 -0.133021 -0.322613
2.62632 -0.141776 -0.323835
2.63577 -0.150593 -0.325057
2.64519 -0.15947 -0.326279
2.65458 -0.168407 -0.327501
2.62433 -0.174768 -0.323835
2.61386 -0.182321 -0.322613
2.61328 -0.190531 -0.322613
2.6127 -0.198284 -0.322613
2.60217 -0.205709 -0.321391
2.53227 -0.20819 -0.312837
2.57116 -0.219522 -0.317725
2.55068 -0.225848 -0.315281
2.55985 -0.234766 -0.316503
2.54922 -0.24187 -0.315281
2.53856 -0.248908 -0.314059
2.53777 -0.256882 -0.314059
2.53695 -0.264854 -0.314059
2.53611 -0.272822 -0.314059
2.53524 -0.280789 -0.314059
2.51462 -0.286505 -0.311615
2.50385 -0.293249 -0.310393
2.50292 -0.301113 -0.310393
2.50196 -0.308975 -0.310393
2.53051 -0.320576 -0.314059
2.51965 -0.327246 -0.312837
2.50877 -0.33385 -0.311615
2.50771 -0.34173 -0.311615
2.49679 -0.348236 -0.310393
2.48586 -0.354676 -0.309171
2.49462 -0.363481 -0.310393
2.47377 -0.368825 -0.307949
2.4726 -0.376594 -0.307949
2.42237 -0.376734 -0.301839
2.44084 -0.387028 -0.304283
2.42982 -0.39311 -0.303061
2.42857 -0.400741 -0.303061
2.41751 -0.406722 -0.301839
2.41622 -0.414315 -0.301839
2.41491 -0.421904 -0.301839
2.4038 -0.427749 -0.300617
2.40245 -0.435299 -0.300617
2.39123 -0.441462 -0.299395
2.38008 -0.447139 -0.298173
2.37874 -0.454199 -0.298173
2.36756 -0.459778 -0.296951
2.3661 -0.467213 -0.296951
2.35489 -0.472691 -0.295729
2.32422 -0.474135 -0.292063
2.32272 -0.481435 -0.292063
2.35033 -0.494864 -0.295729
2.93041 0.21828 -0.259874
2.84166 0.202697 -0.251946
2.91185 0.19851 -0.258112
2.90252 0.188716 -0.257231
2.88321 0.178365 -0.255469
2.88376 0.169307 -0.255469
2.86439 0.159142 -0.253707
2.86487 0.150142 -0.253707
2.85538 0.140651 -0.252826
2.84586 0.13122 -0.251946
2.83628 0.122347 -0.251065
2.83665 0.113437 -0.251065
2.8376 0.086696 -0.251065
2.83785 0.077782 -0.251065
2.84804 0.069108 -0.251946
2.82833 0.059739 -0.250184
2.80858 0.050494 -0.248422
2.78881 0.041376 -0.24666
2.8188 0.032964 -0.249303
2.72925 0.023342 -0.241374
2.75919 0.014929 -0.244017
2.75922 0.00626 -0.244017
2.75923 -0.002408 -0.244017
2.75921 -0.011076 -0.244017
2.73924 -0.019602 -0.242255
2.71924 -0.028002 -0.240493
2.70918 -0.036411 -0.239613
2.70905 -0.044922 -0.239613
2.69894 -0.053236 -0.238732
2.71825 -0.078776 -0.240493
2.69807 -0.086676 -0.238732
2.69779 -0.095152 -0.238732
2.68752 -0.103244 -0.237851
2.67723 -0.111273 -0.23697
2.67687 -0.119683 -0.23697
2.68643 -0.128568 -0.237851
2.59648 -0.132441 -0.229922
2.63583 -0.142752 -0.233446
2.64532 -0.151602 -0.234327
2.63489 -0.15931 -0.233446
2.63437 -0.167587 -0.233446
2.61396 -0.174535 -0.231684
2.60346 -0.182051 -0.230803
2.60287 -0.19023 -0.230803
2.59236 -0.197196 -0.229922
2.5818 -0.204552 -0.229041
2.58115 -0.212662 -0.229041
2.58968 -0.229756 -0.229922
2.59887 -0.238802 -0.230803
2.5981 -0.246966 -0.230803
2.5874 -0.254153 -0.229922
2.57668 -0.261275 -0.229041
2.56594 -0.268333 -0.22816
2.55518 -0.275325 -0.22728
2.5543 -0.283351 -0.22728
2.5435 -0.290245 -0.226399
2.49311 -0.292432 -0.221994
2.51196 -0.302646 -0.223756
2.52088 -0.311759 -0.224637
2.51989 -0.319677 -0.224637
2.509 -0.326307 -0.223756
2.49808 -0.332872 -0.222875
2.48716 -0.339371 -0.221994
2.47621 -0.345806 -0.221113
2.47511 -0.353583 -0.221113
2.47399 -0.361357 -0.221113
2.46299 -0.367657 -0.220232
2.46182 -0.375393 -0.220232
2.46063 -0.383125 -0.220232
2.47791 -0.401334 -0.221994
2.46681 -0.407493 -0.221113
2.4557 -0.413587 -0.220232
2.45439 -0.421299 -0.220232
2.43342 -0.425576 -0.21847
2.44188 -0.434966 -0.219351
2.4209 -0.439079 -0.217589
2.42923 -0.448915 -0.21847
2.40823 -0.452863 -0.216708
2.40687 -0.460006 -0.216708
2.37608 -0.461863 -0.214066
2.37462 -0.469326 -0.214066
2.37313 -0.476783 -0.214066
2.33258 -0.476265 -0.210542
2.35058 -0.487638 -0.212304
2.36853 -0.499128 -0.214066
2.90797 0.216098 -0.153091
2.89867 0.206255 -0.152566
2.88934 0.196469 -0.152042
2.88994 0.187391 -0.152042
2.90048 0.178925 -0.152566
2.911 0.170397 -0.153091
2.91152 0.161251 -0.153091
2.91201 0.152103 -0.153091
2.89253 0.141974 -0.152042
2.90294 0.133344 -0.152566
2.90332 0.124731 -0.152566
2.89372 0.115213 -0.152042
2.79427 0.102461 -0.146799
2.81454 0.094351 -0.147848
2.81482 0.085509 -0.147848
2.79511 0.076122 -0.146799
2.79534 0.067341 -0.146799
2.78555 0.058349 -0.146275
2.77574 0.049419 -0.145751
2.77588 0.040699 -0.145751
2.76601 0.031864 -0.145226
2.75611 0.023091 -0.144702
2.76615 0.014484 -0.145226
2.79614 0.005855 -0.146799
2.79615 -0.002928 -0.146799
2.79612 -0.011712 -0.146799
2.79607 -0.020497 -0.146799
2.77602 -0.029072 -0.145751
2.7859 -0.037928 -0.146275
2.7658 -0.046346 -0.145226
2.72571 -0.05424 -0.143129
2.69557 -0.062112 -0.141557
2.69537 -0.07011 -0.141557
2.67518 -0.077995 -0.140508
2.67492 -0.086399 -0.140508
2.66465 -0.094449 -0.139984
2.65437 -0.102434 -0.139459
2.65403 -0.110773 -0.139459
2.65367 -0.11911 -0.139459
2.64331 -0.126967 -0.138935
2.63292 -0.13476 -0.138411
2.64246 -0.143573 -0.138935
2.66193 -0.15302 -0.139984
2.68138 -0.162591 -0.141032
2.66092 -0.169742 -0.139984
2.67034 -0.178768 -0.140508
2.6598 -0.186458 -0.139984
2.6592 -0.194813 -0.139984
2.64865 -0.201943 -0.139459
2.63805 -0.209472 -0.138935
2.62743 -0.216937 -0.138411
2.57698 -0.220926 -0.135789
2.56633 -0.228136 -0.135265
2.54571 -0.234366 -0.134217
2.55491 -0.243309 -0.134741
2.54419 -0.250357 -0.134217
2.54339 -0.258348 -0.134217
2.54257 -0.266337 -0.134217
2.54172 -0.274324 -0.134217
2.53092 -0.281205 -0.133692
2.5201 -0.28802 -0.133168
2.51918 -0.295936 -0.133168
2.49841 -0.301456 -0.132119
2.52718 -0.312986 -0.133692
2.55591 -0.324699 -0.135265
2.55488 -0.332727 -0.135265
2.54392 -0.339431 -0.134741
2.54284 -0.347422 -0.134741
2.53185 -0.354026 -0.134217
2.53072 -0.361978 -0.134217
2.52957 -0.369927 -0.134217
2.50865 -0.37492 -0.133168
2.50746 -0.382799 -0.133168
2.44704 -0.381446 -0.130022
2.44589 -0.388705 -0.130022
2.44466 -0.396387 -0.130022
2.43355 -0.402436 -0.129498
2.43228 -0.410079 -0.129498
2.44082 -0.419409 -0.130022
2.41982 -0.423631 -0.128974
2.40864 -0.429478 -0.128449
2.4171 -0.438827 -0.128974
2.41564 -0.44684 -0.128974
2.39459 -0.450732 -0.127925
2.39324 -0.457835 -0.127925
2.39179 -0.465351 -0.127925
2.38053 -0.470925 -0.127401
2.36924 -0.476432 -0.126877
2.3286 -0.475875 -0.124779
2.32709 -0.483189 -0.124779
2.35488 -0.49668 -0.126352
2.85302 0.193499 -0.04915
2.89353 0.187115 -0.049838
2.8941 0.178025 -0.049838
2.88467 0.16835 -0.049666
2.87522 0.158234 -0.049494
2.87571 0.1492 -0.049494
2.86617 0.139677 -0.049322
2.85661 0.130217 -0.04915
2.86697 0.122167 -0.049322
2.84736 0.112372 -0.048978
2.8477 0.103425 -0.048978
2.85829 0.08583 -0.04915
2.86854 0.07712 -0.049322
2.86877 0.068108 -0.049322
2.85897 0.058889 -0.04915
2.86914 0.05008 -0.049322
2.84929 0.040781 -0.048978
2.8594 0.031941 -0.04915
2.7895 0.022397 -0.047947
2.75956 0.013486 -0.047432
2.75959 0.004816 -0.047432
2.75959 -0.003371 -0.047432
2.75957 -0.012041 -0.047432
2.74952 -0.020635 -0.04726
2.73944 -0.029167 -0.047088
2.72933 -0.038111 -0.046916
2.7292 -0.046685 -0.046916
2.71905 -0.054582 -0.046744
2.71887 -0.063124 -0.046744
2.71843 -0.079731 -0.046744
2.73814 -0.089398 -0.047088
2.74783 -0.098357 -0.04726
2.73752 -0.1066 -0.047088
2.74716 -0.115621 -0.04726
2.7368 -0.123799 -0.047088
2.71642 -0.131429 -0.046744
2.71599 -0.139963 -0.046744
2.60572 -0.142489 -0.044854
2.64519 -0.152984 -0.045541
2.6447 -0.161293 -0.045541
2.6342 -0.168961 -0.045369
2.63365 -0.177236 -0.045369
2.61317 -0.183647 -0.045026
2.61258 -0.191856 -0.045026
2.60199 -0.199299 -0.044854
2.60135 -0.207472 -0.044854
2.58076 -0.213991 -0.04451
2.58008 -0.222098 -0.04451
2.58932 -0.231091 -0.044682
2.6085 -0.241065 -0.045026
2.61768 -0.25021 -0.045198
2.61688 -0.258432 -0.045198
2.61606 -0.266652 -0.045198
2.60526 -0.273824 -0.045026
2.61433 -0.283084 -0.045198
2.60349 -0.290188 -0.045026
2.5827 -0.296088 -0.044682
2.59169 -0.30537 -0.044854
2.4716 -0.299097 -0.042792
2.52026 -0.313022 -0.043651
2.52918 -0.322201 -0.043823
2.50833 -0.327556 -0.043479
2.50729 -0.335434 -0.043479
2.49632 -0.341953 -0.043307
2.49529 -0.349358 -0.043307
2.48428 -0.355778 -0.043135
2.49305 -0.365029 -0.043307
2.482 -0.37138 -0.043135
2.46105 -0.376154 -0.042792
2.45986 -0.383884 -0.042792
2.46851 -0.393183 -0.042964
2.487 -0.404143 -0.043307
2.48572 -0.411954 -0.043307
2.50413 -0.423093 -0.043651
2.49294 -0.429261 -0.043479
2.49158 -0.437091 -0.043479
2.48035 -0.443158 -0.043307
2.47895 -0.450948 -0.043307
2.46768 -0.456913 -0.043135
2.44659 -0.460961 -0.042792
2.43531 -0.466762 -0.04262
2.37494 -0.462933 -0.041589
2.38329 -0.472336 -0.041761
2.39159 -0.481795 -0.041932
2.36068 -0.48329 -0.041417
2.33957 -0.486632 -0.041073
2.36738 -0.50018 -0.041589
2.37557 -0.509712 -0.041761
2.88186 0.111717 0.45694
2.86246 0.10196 0.45381
2.86276 0.092966 0.45381
2.86304 0.083973 0.45381
2.85342 0.07472 0.452245
2.84376 0.065527 0.45068
2.84396 0.056593 0.45068
2.83424 0.047492 0.449115
2.83438 0.038588 0.449115
2.82461 0.029581 0.44755
2.80494 0.020561 0.444421
2.79511 0.011708 0.442856
2.79513 0.002926 0.442856
2.77537 -0.005813 0.439726
2.78522 -0.014097 0.441291
2.78516 -0.022847 0.441291
2.7752 -0.031969 0.439726
2.77508 -0.040688 0.439726
2.76507 -0.04923 0.438161
2.7649 -0.057916 0.438161
2.75484 -0.065884 0.436596
2.75462 -0.074538 0.436596
2.74451 -0.082414 0.435032
2.73435 -0.091186 0.433467
2.73405 -0.099775 0.433467
2.73373 -0.108364 0.433467
2.72351 -0.11653 0.431902
2.72313 -0.125085 0.431902
2.71286 -0.133155 0.430337
2.70256 -0.141162 0.428772
2.7021 -0.149652 0.428772
2.69176 -0.157563 0.427207
2.69125 -0.166018 0.427207
2.68086 -0.173833 0.425642
2.67045 -0.181585 0.424078
2.66001 -0.189272 0.422513
2.64959 -0.196433 0.420948
2.6588 -0.205518 0.422513
2.6483 -0.213077 0.420948
2.63778 -0.220573 0.419383
2.63707 -0.228859 0.419383
2.6265 -0.236257 0.417818
2.62575 -0.244508 0.417818
2.61513 -0.251809 0.416253
2.61433 -0.260023 0.416253
2.60367 -0.267227 0.414688
2.593 -0.274366 0.413124
2.60194 -0.283581 0.414688
2.59122 -0.290653 0.413124
2.5903 -0.298792 0.413124
2.56973 -0.304603 0.409994
2.56876 -0.312674 0.409994
2.55797 -0.319518 0.408429
2.56675 -0.328808 0.409994
2.55591 -0.335584 0.408429
2.55484 -0.343612 0.408429
2.53418 -0.348942 0.405299
2.53307 -0.356902 0.405299
2.532 -0.364416 0.405299
2.53084 -0.372369 0.405299
2.51983 -0.379289 0.403734
2.51863 -0.387203 0.403734
2.51747 -0.394675 0.403734
2.50646 -0.401021 0.402169
2.50519 -0.408893 0.402169
2.49415 -0.41514 0.400605
2.49283 -0.422974 0.400605
2.48176 -0.42912 0.39904
2.47067 -0.435201 0.397475
2.47901 -0.444705 0.39904
2.4776 -0.452491 0.39904
2.46638 -0.458898 0.397475
2.4553 -0.464378 0.39591
2.45383 -0.472089 0.39591
2.44264 -0.477899 0.394345
2.44113 -0.485571 0.394345
2.42991 -0.49128 0.39278
2.40901 -0.494936 0.389651
2.37843 -0.496448 0.384956
2.37686 -0.503917 0.384956
2.38492 -0.513461 0.386521
2.92043 0.213437 0.357792
2.9706 0.207726 0.363857
2.96133 0.19773 0.362644
2.96191 0.188942 0.362644
2.96249 0.179636 0.362644
2.96306 0.169812 0.362644
2.93385 0.158891 0.359005
2.93433 0.149674 0.359005
2.92488 0.13998 0.357792
2.9253 0.130791 0.357792
2.90584 0.121283 0.355367
2.89629 0.11177 0.354154
2.89662 0.102671 0.354154
2.88701 0.093249 0.352941
2.87737 0.08389 0.351728
2.8677 0.074593 0.350515
2.86791 0.065583 0.350515
2.85818 0.056377 0.349302
2.84842 0.047232 0.348089
2.83863 0.038151 0.346877
2.82881 0.029131 0.345664
2.82889 0.020243 0.345664
2.81901 0.011316 0.344451
2.81903 0.002459 0.344451
2.8091 -0.006374 0.343238
2.79914 -0.014656 0.342025
2.78916 -0.023367 0.340812
2.78906 -0.032616 0.340812
2.77902 -0.041231 0.339599
2.76896 -0.049783 0.338387
2.75886 -0.058272 0.337174
2.74875 -0.066218 0.335961
2.74853 -0.074853 0.335961
2.73838 -0.082708 0.334748
2.73809 -0.091789 0.334748
2.72786 -0.100026 0.333535
2.72754 -0.108596 0.333535
2.71727 -0.116738 0.332322
2.71689 -0.125274 0.332322
2.70656 -0.13332 0.33111
2.70613 -0.141822 0.33111
2.69576 -0.149773 0.329897
2.69528 -0.158241 0.329897
2.69477 -0.166708 0.329897
2.68433 -0.174529 0.328684
2.66396 -0.18161 0.326258
2.67327 -0.190685 0.327471
2.6628 -0.19788 0.326258
2.65227 -0.205478 0.325045
2.65161 -0.213809 0.325045
2.64103 -0.22131 0.323832
2.62055 -0.227886 0.321407
2.61982 -0.236117 0.321407
2.61906 -0.244346 0.321407
2.6084 -0.25162 0.320194
2.6076 -0.259813 0.320194
2.60677 -0.268004 0.320194
2.59604 -0.275146 0.318981
2.59517 -0.2833 0.318981
2.5844 -0.290344 0.317768
2.58348 -0.298461 0.317768
2.57267 -0.305406 0.316555
2.5717 -0.313487 0.316555
2.56085 -0.320332 0.315342
2.55983 -0.328376 0.315342
2.55878 -0.336416 0.315342
2.54788 -0.343128 0.31413
2.54679 -0.351131 0.31413
2.53584 -0.357744 0.312917
2.52495 -0.36385 0.311704
2.53361 -0.373227 0.312917
2.52254 -0.380148 0.311704
2.52134 -0.388071 0.311704
2.51037 -0.394011 0.310491
2.49932 -0.400326 0.309278
2.50784 -0.409776 0.310491
2.49675 -0.416021 0.309278
2.49543 -0.423863 0.309278
2.49409 -0.431701 0.309278
2.48294 -0.43781 0.308065
2.48156 -0.445608 0.308065
2.47038 -0.451617 0.306852
2.46887 -0.459807 0.306852
2.46749 -0.46713 0.306852
2.46602 -0.47488 0.306852
2.45477 -0.480717 0.30564
2.44351 -0.486488 0.304427
2.44197 -0.494162 0.304427
2.41124 -0.495834 0.300788
2.39024 -0.499347 0.298362
2.38866 -0.506853 0.298362
2.40646 -0.518537 0.300788
2.9815 0.207964 0.259647
2.86285 0.190653 0.249261
2.97277 0.189114 0.258781
2.96341 0.179173 0.257916
2.95404 0.168778 0.25705
2.95455 0.159495 0.25705
2.93514 0.149202 0.255319
2.9356 0.139979 0.255319
2.92607 0.130313 0.254454
2.91649 0.121218 0.253588
2.9069 0.111671 0.252723
2.90723 0.102539 0.252723
2.88763 0.092765 0.250992
2.8879 0.083693 0.250992
2.88815 0.074621 0.250992
2.85849 0.064868 0.248395
2.85868 0.055888 0.248395
2.84889 0.046743 0.24753
2.83906 0.037661 0.246664
2.83916 0.028742 0.246664
2.83924 0.019822 0.246664
2.82932 0.010864 0.245799
2.80942 0.001961 0.244068
2.80941 -0.006865 0.244068
2.79942 -0.015146 0.243202
2.78939 -0.023856 0.242337
2.7893 -0.033106 0.242337
2.78918 -0.041868 0.242337
2.77907 -0.05045 0.241471
2.76894 -0.058968 0.240606
2.76875 -0.067183 0.240606
2.75857 -0.075608 0.239741
2.74837 -0.08349 0.238875
2.74808 -0.092604 0.238875
2.71791 -0.100136 0.236279
2.72754 -0.109072 0.237144
2.73714 -0.11807 0.23801
2.7069 -0.125287 0.235413
2.69654 -0.133298 0.234548
2.69611 -0.141769 0.234548
2.6857 -0.149684 0.233682
2.66533 -0.156949 0.231951
2.69465 -0.167172 0.234548
2.68417 -0.174989 0.233682
2.67367 -0.182741 0.232817
2.67308 -0.19114 0.232817
2.66257 -0.19833 0.231951
2.652 -0.205923 0.231086
2.65134 -0.214253 0.231086
2.64072 -0.221748 0.23022
2.64001 -0.230043 0.23022
2.62936 -0.23744 0.229355
2.627 -0.26221 0.229355
2.58652 -0.266379 0.225893
2.59558 -0.275555 0.226758
2.5848 -0.282625 0.225893
2.5938 -0.291858 0.226758
2.58297 -0.29886 0.225893
2.57213 -0.305797 0.225027
2.56127 -0.312669 0.224162
2.49108 -0.312046 0.218103
2.56913 -0.330025 0.225027
2.57796 -0.339395 0.225893
2.56701 -0.346161 0.225027
2.55604 -0.352861 0.224162
2.54505 -0.359496 0.223296
2.54398 -0.367046 0.223296
2.53295 -0.373583 0.222431
2.52185 -0.380494 0.221565
2.52064 -0.388415 0.221565
2.50964 -0.394345 0.2207
2.50839 -0.402228 0.2207
2.49466 -0.42418 0.219834
2.46387 -0.426913 0.217238
2.47233 -0.436383 0.218103
2.46114 -0.442385 0.217238
2.46954 -0.451908 0.218103
2.44844 -0.456444 0.216372
2.44707 -0.463706 0.216372
2.4456 -0.471392 0.216372
2.44411 -0.479072 0.216372
2.39374 -0.477013 0.212045
2.45082 -0.496397 0.217238
2.43949 -0.502086 0.216372
2.40864 -0.50363 0.213776
2.38756 -0.507056 0.212045
2.39569 -0.516654 0.21291
2.41352 -0.528439 0.214641
2.94824 0.214436 0.153346
2.9489 0.205172 0.153346
2.94953 0.195908 0.153346
2.93016 0.18589 0.15231
2.93076 0.176173 0.15231
2.9313 0.166965 0.15231
2.92184 0.157218 0.151792
2.90237 0.147028 0.150756
2.90282 0.137908 0.150756
2.89326 0.128346 0.150238
2.89363 0.119762 0.150238
2.88401 0.110288 0.14972
2.87436 0.100878 0.149202
2.86468 0.091527 0.148683
2.84499 0.081953 0.147647
2.8652 0.073527 0.148683
2.85544 0.0643 0.148165
2.85562 0.05533 0.148165
2.8458 0.046195 0.147647
2.82596 0.036994 0.146611
2.84603 0.028315 0.147647
2.7762 0.018897 0.144021
2.80621 0.010286 0.145575
2.79624 0.001464 0.145057
2.78624 -0.007294 0.144539
2.78621 -0.015561 0.144539
2.77616 -0.024712 0.144021
2.77607 -0.033433 0.144021
2.76596 -0.042003 0.143503
2.75583 -0.050509 0.142985
2.75566 -0.059166 0.142985
2.75547 -0.067342 0.142985
2.73504 -0.083563 0.141949
2.74473 -0.092971 0.142467
2.73445 -0.101223 0.141949
2.72414 -0.109413 0.141431
2.7138 -0.117538 0.140913
2.70344 -0.1256 0.140395
2.71301 -0.134587 0.140913
2.68266 -0.141531 0.139358
2.64231 -0.147728 0.137286
2.67175 -0.157795 0.13884
2.66127 -0.165568 0.138322
2.66074 -0.173927 0.138322
2.65021 -0.181603 0.137804
2.63967 -0.189214 0.137286
2.6391 -0.197045 0.137286
2.62851 -0.20456 0.136768
2.62785 -0.212817 0.136768
2.61722 -0.220234 0.13625
2.61651 -0.228455 0.13625
2.62573 -0.237574 0.136768
2.59514 -0.243028 0.135214
2.59436 -0.25118 0.135214
2.61344 -0.261316 0.13625
2.59274 -0.267476 0.135214
2.58195 -0.274564 0.134696
2.58108 -0.282674 0.134696
2.58017 -0.290781 0.134696
2.55941 -0.296586 0.13366
2.55846 -0.304625 0.13366
2.53767 -0.310238 0.132624
2.56641 -0.321938 0.134178
2.55548 -0.328725 0.13366
2.53463 -0.334141 0.132624
2.54347 -0.343438 0.133142
2.52259 -0.348692 0.132106
2.52148 -0.356615 0.132106
2.52041 -0.364095 0.132106
2.50931 -0.370991 0.131587
2.50814 -0.378872 0.131587
2.49706 -0.385227 0.131069
2.49591 -0.392634 0.131069
2.49466 -0.400473 0.131069
2.49339 -0.408309 0.131069
2.4724 -0.41285 0.130033
2.47109 -0.420615 0.130033
2.47959 -0.430083 0.130551
2.47823 -0.437871 0.130551
2.45719 -0.442117 0.129515
2.44596 -0.448035 0.128997
2.44446 -0.456144 0.128997
2.4431 -0.463395 0.128997
2.43182 -0.469176 0.128479
2.43034 -0.476813 0.128479
2.43862 -0.4864 0.128997
2.42729 -0.492074 0.128479
2.39639 -0.493652 0.126925
2.3655 -0.495042 0.125371
2.39324 -0.5087 0.126925
2.42092 -0.522537 0.128479
2.89261 0.200749 0.049838
2.95309 0.195627 0.050869
2.94368 0.186232 0.050697
2.92432 0.175273 0.050353
2.91487 0.165519 0.050181
2.91538 0.15636 0.050181
2.91585 0.147201 0.050181
2.9163 0.138039 0.050181
2.90673 0.128436 0.05001
2.9071 0.119811 0.05001
2.89747 0.110297 0.049838
2.81787 0.098402 0.048463
2.87812 0.091454 0.049494
2.8784 0.082412 0.049494
2.86864 0.073115 0.049322
2.85886 0.063878 0.04915
2.84905 0.054705 0.048978
2.83922 0.045593 0.048807
2.82935 0.036544 0.048635
2.82945 0.027656 0.048635
2.80952 0.018633 0.048291
2.81957 0.009842 0.048463
2.78959 0.000973 0.047947
2.78958 -0.00779 0.047947
2.78954 -0.016067 0.047947
2.78947 -0.025317 0.047947
2.77938 -0.033958 0.047775
2.77926 -0.04269 0.047775
2.76912 -0.051236 0.047604
2.75895 -0.059719 0.047432
2.73877 -0.067412 0.047088
2.75853 -0.076571 0.047432
2.7483 -0.084448 0.04726
2.748 -0.093561 0.04726
2.7377 -0.101822 0.047088
2.71739 -0.109617 0.046744
2.71703 -0.118153 0.046744
2.71665 -0.126688 0.046744
2.71623 -0.135222 0.046744
2.70581 -0.143226 0.046572
2.68538 -0.150606 0.046229
2.6849 -0.159042 0.046229
2.6744 -0.166853 0.046057
2.67387 -0.175254 0.046057
2.6733 -0.183654 0.046057
2.66274 -0.191335 0.045885
2.65219 -0.198488 0.045713
2.65155 -0.206819 0.045713
2.65089 -0.215148 0.045713
2.6502 -0.223475 0.045713
2.58972 -0.226571 0.044682
2.62883 -0.238317 0.045369
2.62807 -0.246575 0.045369
2.61733 -0.253864 0.045198
2.60657 -0.261089 0.045026
2.60574 -0.269277 0.045026
2.59493 -0.276402 0.044854
2.59405 -0.284553 0.044854
2.58321 -0.29158 0.044682
2.58228 -0.299694 0.044682
2.5714 -0.306621 0.04451
2.5605 -0.313483 0.044338
2.56942 -0.322771 0.04451
2.54856 -0.328287 0.044167
2.55743 -0.337601 0.044338
2.56627 -0.346973 0.04451
2.55526 -0.353663 0.044338
2.56404 -0.36309 0.04451
2.55305 -0.369265 0.044338
2.54192 -0.376265 0.044167
2.54073 -0.384249 0.044167
2.51975 -0.389177 0.043823
2.44944 -0.385763 0.04262
2.50745 -0.402975 0.043651
2.50617 -0.41085 0.043651
2.49501 -0.417073 0.043479
2.49368 -0.42491 0.043479
2.48249 -0.431031 0.043307
2.48112 -0.438828 0.043307
2.46989 -0.444848 0.043135
2.46848 -0.452605 0.043135
2.45714 -0.458953 0.042964
2.45576 -0.466241 0.042964
2.44447 -0.472058 0.042792
2.45279 -0.481662 0.042964
2.44145 -0.487408 0.042792
2.43011 -0.493087 0.04262
2.40897 -0.496681 0.042276
2.39761 -0.502197 0.042104
2.39602 -0.509727 0.042104
2.40418 -0.519363 0.042276
