2.26747 0.435005 -0.61761
2.24035 0.422508 -0.609858
2.26066 0.418988 -0.615026
2.23353 0.406303 -0.607274
2.23479 0.399285 -0.607274
2.23603 0.392262 -0.607274
2.23726 0.385235 -0.607274
2.23846 0.378204 -0.607274
2.27775 0.377488 -0.61761
2.27893 0.370331 -0.61761
2.28008 0.36317 -0.61761
2.29076 0.357494 -0.620195
2.29187 0.350295 -0.620195
2.31206 0.345953 -0.625363
2.29402 0.335889 -0.620195
2.29507 0.328681 -0.620195
2.28652 0.320129 -0.61761
2.29709 0.314253 -0.620195
2.29806 0.307035 -0.620195
2.28944 0.298565 -0.61761
2.26161 0.287713 -0.609858
2.24333 0.278229 -0.60469
2.23461 0.270021 -0.602106
2.23544 0.262999 -0.602106
2.23626 0.255976 -0.602106
2.23705 0.248948 -0.602106
2.23782 0.24192 -0.602106
2.229 0.23349 -0.599521
2.22011 0.225511 -0.596937
2.23039 0.219871 -0.599521
2.22149 0.211557 -0.596937
2.22214 0.204577 -0.596937
2.22277 0.197595 -0.596937
2.22338 0.190612 -0.596937
2.2336 0.18442 -0.599521
2.22454 0.176637 -0.596937
2.25398 0.171851 -0.60469
2.27378 0.166177 -0.609858
2.27429 0.159035 -0.609858
2.27478 0.151888 -0.609858
2.25596 0.143514 -0.60469
2.2564 0.136426 -0.60469
2.27611 0.130443 -0.609858
2.26686 0.122768 -0.607274
2.24794 0.114662 -0.602106
2.25794 0.108061 -0.60469
2.26792 0.101399 -0.607274
2.26822 0.094274 -0.607274
2.25885 0.086776 -0.60469
2.23981 0.078999 -0.599521
2.23039 0.071651 -0.596937
2.23061 0.064255 -0.596937
2.2308 0.057247 -0.596937
2.22131 0.050408 -0.594353
2.23111 0.043619 -0.596937
2.22158 0.03645 -0.594353
2.22168 0.029471 -0.594353
2.22177 0.022492 -0.594353
2.22183 0.015123 -0.594353
2.22186 0.008144 -0.594353
2.22188 0.001163 -0.594353
2.22187 -0.005817 -0.594353
2.22184 -0.012797 -0.594353
2.21213 -0.019305 -0.591769
2.2024 -0.026524 -0.589185
2.22162 -0.034124 -0.594353
2.25047 -0.04164 -0.602106
2.26 -0.048524 -0.60469
2.25984 -0.055624 -0.60469
2.25965 -0.062723 -0.60469
2.2691 -0.07012 -0.607274
2.25921 -0.07692 -0.60469
2.2493 -0.083658 -0.602106
2.25868 -0.091113 -0.60469
2.26804 -0.098628 -0.607274
2.25805 -0.105697 -0.60469
2.26735 -0.113272 -0.607274
2.27665 -0.12051 -0.609858
2.25697 -0.12658 -0.60469
2.20835 -0.130813 -0.591769
2.21754 -0.138739 -0.594353
2.2171 -0.145705 -0.594353
2.22626 -0.153333 -0.596937
2.21614 -0.159632 -0.594353
2.21562 -0.166594 -0.594353
2.21509 -0.173553 -0.594353
2.22416 -0.181296 -0.596937
2.22358 -0.188283 -0.596937
2.22298 -0.195267 -0.596937
2.21273 -0.201375 -0.594353
2.22171 -0.209231 -0.596937
2.21143 -0.215274 -0.594353
2.22035 -0.223186 -0.596937
2.21003 -0.229164 -0.594353
2.2189 -0.237132 -0.596937
2.24695 -0.247272 -0.60469
2.24617 -0.25433 -0.60469
2.24536 -0.261385 -0.60469
2.25412 -0.269585 -0.607274
2.25321 -0.277059 -0.607274
2.24274 -0.282927 -0.60469
2.261 -0.29245 -0.609858
2.26008 -0.299551 -0.609858
2.25912 -0.30665 -0.609858
2.23901 -0.311087 -0.60469
2.25715 -0.320838 -0.609858
2.26569 -0.329317 -0.612442
2.25509 -0.335014 -0.609858
2.19672 -0.3334 -0.594353
2.20521 -0.341779 -0.596937
2.20413 -0.348705 -0.596937
2.21256 -0.357167 -0.599521
2.20189 -0.362547 -0.596937
2.21027 -0.371062 -0.599521
2.20903 -0.378389 -0.599521
2.20783 -0.385327 -0.599521
2.2066 -0.392262 -0.599521
2.21487 -0.400912 -0.602106
2.2231 -0.409619 -0.60469
2.2218 -0.416601 -0.60469
2.21099 -0.421769 -0.602106
2.20966 -0.428713 -0.602106
2.21778 -0.437522 -0.60469
2.21639 -0.444488 -0.60469
2.20552 -0.449519 -0.602106
2.21355 -0.458405 -0.60469
2.2121 -0.465356 -0.60469
2.20118 -0.470285 -0.602106
2.19969 -0.477198 -0.602106
2.18875 -0.482029 -0.599521
2.20782 0.43756 -0.519786
2.17093 0.423166 -0.510786
2.20095 0.421846 -0.517536
2.19269 0.413125 -0.515286
2.20356 0.408008 -0.517536
2.19532 0.398956 -0.515286
2.18697 0.390346 -0.513036
2.18818 0.383474 -0.513036
2.18938 0.376597 -0.513036
2.19055 0.369717 -0.513036
2.1917 0.362833 -0.513036
2.19283 0.355947 -0.513036
2.19394 0.349056 -0.513036
2.18539 0.340661 -0.510786
2.18645 0.333793 -0.510786
2.18749 0.326923 -0.510786
2.18851 0.320049 -0.510786
2.17986 0.311792 -0.508535
2.19047 0.306292 -0.510786
2.18177 0.298089 -0.508535
2.1827 0.291234 -0.508535
2.19326 0.285634 -0.510786
2.24337 0.277836 -0.522036
2.22488 0.268451 -0.517536
2.24507 0.263734 -0.522036
2.21684 0.253361 -0.515286
2.23699 0.248547 -0.519786
2.21839 0.239427 -0.515286
2.22886 0.233082 -0.517536
2.22958 0.22608 -0.517536
2.23994 0.220418 -0.519786
2.22126 0.211144 -0.515286
2.23162 0.205057 -0.517536
2.22254 0.197183 -0.515286
2.21344 0.189371 -0.513036
2.14605 0.176815 -0.497285
2.17574 0.17238 -0.504035
2.18598 0.166284 -0.506285
2.17678 0.158707 -0.504035
2.19671 0.153223 -0.508535
2.17773 0.145027 -0.504035
2.17818 0.138184 -0.504035
2.18833 0.131927 -0.506285
2.179 0.124496 -0.504035
2.16965 0.117124 -0.501785
2.16028 0.109813 -0.499535
2.18008 0.103954 -0.504035
2.18039 0.097105 -0.504035
2.17095 0.089852 -0.501785
2.17123 0.08303 -0.501785
2.18121 0.076551 -0.504035
2.2204 0.070942 -0.513036
2.23036 0.063858 -0.515286
2.22081 0.056603 -0.513036
2.22097 0.050013 -0.513036
2.22111 0.043036 -0.513036
2.23098 0.036215 -0.515286
2.22134 0.029079 -0.513036
2.21168 0.022004 -0.510786
2.21174 0.014669 -0.510786
2.21177 0.007721 -0.510786
2.22153 0.000775 -0.513036
2.22152 -0.006204 -0.513036
2.22149 -0.013183 -0.513036
2.22144 -0.019774 -0.513036
2.14342 -0.026188 -0.495034
2.17255 -0.03375 -0.501785
2.17243 -0.040575 -0.501785
2.1723 -0.047021 -0.501785
2.17214 -0.053845 -0.501785
2.17196 -0.060668 -0.501785
2.17176 -0.067492 -0.501785
2.18128 -0.074647 -0.504035
2.1713 -0.081136 -0.501785
2.16129 -0.087562 -0.499535
2.17074 -0.094777 -0.501785
2.17042 -0.101975 -0.501785
2.17982 -0.109281 -0.504035
2.16975 -0.115231 -0.501785
2.15965 -0.1215 -0.499535
2.16899 -0.128862 -0.501785
2.17827 -0.136664 -0.504035
2.21672 -0.146069 -0.513036
2.21625 -0.153032 -0.513036
2.22548 -0.160696 -0.515286
2.21525 -0.166954 -0.513036
2.22443 -0.174675 -0.515286
2.21415 -0.18087 -0.513036
2.21357 -0.187825 -0.513036
2.20327 -0.193924 -0.510786
2.20265 -0.200844 -0.510786
2.21171 -0.208678 -0.513036
2.21104 -0.215626 -0.513036
2.21035 -0.222571 -0.513036
2.19995 -0.228507 -0.510786
2.1314 -0.228158 -0.495034
2.15973 -0.238055 -0.501785
2.17834 -0.247035 -0.506285
2.15819 -0.25162 -0.501785
2.15739 -0.258399 -0.501785
2.15652 -0.265552 -0.501785
2.17501 -0.274768 -0.506285
2.1838 -0.282851 -0.508535
2.16358 -0.287147 -0.504035
2.16267 -0.293942 -0.504035
2.16174 -0.300735 -0.504035
2.17043 -0.308898 -0.506285
2.15016 -0.312908 -0.501785
2.15881 -0.321095 -0.504035
2.15779 -0.327876 -0.504035
2.176 -0.337641 -0.508535
2.18456 -0.346 -0.510786
2.20269 -0.35597 -0.515286
2.21118 -0.364473 -0.517536
2.21002 -0.371417 -0.517536
2.20878 -0.378744 -0.517536
2.19798 -0.384004 -0.515286
2.22554 -0.396029 -0.522036
2.20511 -0.399544 -0.517536
2.21343 -0.408237 -0.519786
2.20256 -0.413391 -0.517536
2.20125 -0.420309 -0.517536
2.20948 -0.42908 -0.519786
2.20812 -0.436019 -0.519786
2.19719 -0.441036 -0.517536
2.13851 -0.436251 -0.504035
2.17529 -0.450878 -0.513036
2.17387 -0.457709 -0.513036
2.16289 -0.462499 -0.510786
2.17095 -0.471359 -0.513036
2.15994 -0.47608 -0.510786
2.14884 -0.481111 -0.508535
2.21973 0.461302 -0.442807
2.12502 0.434658 -0.423638
2.15524 0.433789 -0.429388
2.15659 0.427016 -0.429388
2.14829 0.418363 -0.427472
2.15923 0.413459 -0.429388
2.16052 0.406672 -0.429388
2.15213 0.398097 -0.427472
2.1631 0.392712 -0.429388
2.15586 0.377421 -0.427472
2.17638 0.37397 -0.431305
2.17754 0.367131 -0.431305
2.17868 0.360288 -0.431305
2.17012 0.351871 -0.429388
2.1906 0.348133 -0.433222
2.18198 0.339739 -0.431305
2.18304 0.332882 -0.431305
2.19378 0.327471 -0.433222
2.18509 0.31916 -0.431305
2.17636 0.310905 -0.429388
2.17733 0.304067 -0.429388
2.16855 0.295897 -0.427472
2.15001 0.286491 -0.423638
2.17037 0.282267 -0.427472
2.16151 0.274211 -0.425555
2.16236 0.26742 -0.425555
2.17293 0.261799 -0.427472
2.17374 0.254971 -0.427472
2.17453 0.248141 -0.427472
2.16555 0.240226 -0.425555
2.16629 0.233422 -0.425555
2.16705 0.226236 -0.425555
2.16775 0.219428 -0.425555
2.15863 0.212036 -0.423638
2.15932 0.204876 -0.423638
2.15995 0.198092 -0.423638
2.16056 0.191304 -0.423638
2.15138 0.183681 -0.421721
2.16227 0.170933 -0.423638
2.1628 0.16414 -0.423638
2.17309 0.158057 -0.425555
2.17358 0.151229 -0.425555
2.17404 0.1444 -0.425555
2.17448 0.137569 -0.425555
2.16511 0.130148 -0.423638
2.1753 0.123904 -0.425555
2.16588 0.116542 -0.423638
2.16624 0.109737 -0.423638
2.17638 0.103396 -0.425555
2.16688 0.096124 -0.423638
2.16718 0.089316 -0.423638
2.1086 0.080267 -0.412136
2.14808 0.075013 -0.419804
2.16792 0.068887 -0.423638
2.15833 0.061419 -0.421721
2.16832 0.054886 -0.423638
2.14885 0.048014 -0.419804
2.1588 0.041451 -0.421721
2.15892 0.034668 -0.421721
2.16883 0.028013 -0.423638
2.16891 0.0212 -0.423638
2.16897 0.014007 -0.423638
2.169 0.007193 -0.423638
2.1592 0.000376 -0.421721
2.15919 -0.006406 -0.421721
2.15916 -0.01319 -0.421721
2.13948 -0.019418 -0.417887
2.14922 -0.026634 -0.419804
2.15894 -0.033915 -0.421721
2.15882 -0.040698 -0.421721
2.15869 -0.047103 -0.421721
2.15853 -0.053884 -0.421721
2.15835 -0.060665 -0.421721
2.15815 -0.067446 -0.421721
2.15793 -0.074225 -0.421721
2.15768 -0.081004 -0.421721
2.15742 -0.087782 -0.421721
2.15713 -0.09456 -0.421721
2.15681 -0.101712 -0.421721
2.17608 -0.109474 -0.425555
2.17574 -0.11593 -0.425555
2.16557 -0.122212 -0.423638
2.0966 -0.124928 -0.410219
2.14515 -0.134961 -0.419804
2.14471 -0.1417 -0.419804
2.14425 -0.148437 -0.419804
2.14378 -0.155172 -0.419804
2.15307 -0.162646 -0.421721
2.15254 -0.169409 -0.421721
2.14222 -0.17537 -0.419804
2.15144 -0.18293 -0.421721
2.15085 -0.189688 -0.421721
2.16002 -0.197338 -0.423638
2.15939 -0.204122 -0.423638
2.15874 -0.210905 -0.423638
2.15807 -0.217686 -0.423638
2.15737 -0.224465 -0.423638
2.1469 -0.230195 -0.421721
2.15592 -0.238016 -0.423638
2.15516 -0.244787 -0.423638
2.17388 -0.253833 -0.427472
2.16332 -0.259493 -0.425555
2.15271 -0.265464 -0.423638
2.1616 -0.273457 -0.425555
2.16073 -0.280247 -0.425555
2.1793 -0.289619 -0.429388
2.1492 -0.292494 -0.423638
2.15799 -0.300598 -0.425555
2.16676 -0.308761 -0.427472
2.15606 -0.314151 -0.425555
2.16477 -0.322369 -0.427472
2.15405 -0.327692 -0.425555
2.13361 -0.331444 -0.421721
2.10348 -0.333535 -0.41597
2.15086 -0.347979 -0.425555
2.14008 -0.353136 -0.423638
2.14863 -0.361486 -0.425555
2.14742 -0.368609 -0.425555
2.14626 -0.375354 -0.425555
2.1354 -0.380373 -0.423638
2.14386 -0.388831 -0.425555
2.14262 -0.395565 -0.425555
2.14137 -0.402294 -0.425555
2.14009 -0.409019 -0.425555
2.1388 -0.415741 -0.425555
2.14711 -0.424361 -0.427472
2.13615 -0.429171 -0.425555
2.13479 -0.435879 -0.425555
2.13341 -0.442584 -0.425555
2.132 -0.449284 -0.425555
2.12099 -0.453926 -0.423638
2.11955 -0.460587 -0.423638
2.13726 -0.471472 -0.427472
2.13568 -0.478557 -0.427472
2.1246 -0.483087 -0.425555
2.11351 -0.487554 -0.423638
2.20175 0.471612 -0.35816
2.13558 0.450426 -0.347164
2.12731 0.441708 -0.345593
2.12869 0.435022 -0.345593
2.11068 0.424438 -0.342451
2.13138 0.421638 -0.345593
2.123 0.413055 -0.344022
2.12429 0.406383 -0.344022
2.11585 0.397882 -0.342451
2.1268 0.393027 -0.344022
2.13781 0.387735 -0.345593
2.12929 0.379285 -0.344022
2.13048 0.372595 -0.344022
2.13163 0.365899 -0.344022
2.13277 0.3592 -0.344022
2.13389 0.352498 -0.344022
2.13499 0.345793 -0.344022
2.12631 0.337535 -0.342451
2.1176 0.329336 -0.34088
2.11863 0.322681 -0.34088
2.1294 0.317481 -0.342451
2.13038 0.31079 -0.342451
2.1118 0.301305 -0.33931
2.11273 0.294669 -0.33931
2.13322 0.290697 -0.342451
2.1537 0.2866 -0.345593
2.17418 0.282377 -0.348735
2.17505 0.275544 -0.348735
2.15631 0.266289 -0.345593
2.17674 0.261872 -0.348735
2.18736 0.256182 -0.350306
2.18816 0.249309 -0.350306
2.17911 0.241346 -0.348735
2.16022 0.232387 -0.345593
2.18063 0.227269 -0.348735
2.1715 0.219425 -0.347164
2.16232 0.212017 -0.345593
2.17284 0.205776 -0.347164
2.08496 0.190847 -0.333026
2.1249 0.187773 -0.33931
2.13532 0.181935 -0.34088
2.12604 0.174419 -0.33931
2.11673 0.166962 -0.337739
2.12709 0.161057 -0.33931
2.12759 0.154374 -0.33931
2.11821 0.147005 -0.337739
2.11866 0.14035 -0.337739
2.10924 0.133071 -0.336168
2.12936 0.127626 -0.33931
2.11003 0.119817 -0.336168
2.12026 0.113716 -0.337739
2.13047 0.107552 -0.33931
2.12093 0.100391 -0.337739
2.12124 0.093728 -0.337739
2.11165 0.086659 -0.336168
2.14152 0.081146 -0.34088
2.16151 0.075104 -0.344022
2.1716 0.068624 -0.345593
2.17182 0.061423 -0.345593
2.16213 0.054352 -0.344022
2.17215 0.048155 -0.345593
2.16242 0.041143 -0.344022
2.17241 0.034506 -0.345593
2.16264 0.027555 -0.344022
2.18246 0.020951 -0.347164
2.15289 0.013527 -0.342451
2.17268 0.006826 -0.345593
2.17269 -0 -0.345593
2.1628 -0.006795 -0.344022
2.14302 -0.013465 -0.34088
2.10347 -0.019458 -0.334597
2.11326 -0.026557 -0.336168
2.10329 -0.033408 -0.334597
2.10317 -0.040016 -0.334597
2.11292 -0.046473 -0.336168
2.10289 -0.052863 -0.334597
2.10271 -0.059469 -0.334597
2.09265 -0.065764 -0.333026
2.11217 -0.07302 -0.336168
2.11193 -0.079656 -0.336168
2.11167 -0.08629 -0.336168
2.11139 -0.092924 -0.336168
2.12093 -0.100392 -0.337739
2.11074 -0.106556 -0.336168
2.11042 -0.112819 -0.336168
2.11005 -0.119448 -0.336168
2.11952 -0.126665 -0.337739
2.12895 -0.134315 -0.33931
2.15808 -0.142961 -0.344022
2.16747 -0.150424 -0.345593
2.18669 -0.158662 -0.348735
2.16649 -0.16404 -0.345593
2.15611 -0.170068 -0.344022
2.16541 -0.177649 -0.345593
2.16484 -0.184451 -0.345593
2.16425 -0.191251 -0.345593
2.16364 -0.198049 -0.345593
2.15318 -0.203914 -0.344022
2.17218 -0.212602 -0.347164
2.16168 -0.218432 -0.345593
2.16098 -0.225222 -0.345593
2.07189 -0.222518 -0.331455
2.12026 -0.234453 -0.33931
2.09008 -0.237764 -0.334597
2.08932 -0.244329 -0.334597
2.10815 -0.253248 -0.337739
2.1073 -0.260237 -0.337739
2.09667 -0.265615 -0.336168
2.11542 -0.274745 -0.33931
2.11454 -0.281389 -0.33931
2.11365 -0.288031 -0.33931
2.10295 -0.293305 -0.337739
2.1118 -0.301305 -0.33931
2.10107 -0.306513 -0.337739
2.10009 -0.313112 -0.337739
2.0991 -0.319708 -0.337739
2.10784 -0.327818 -0.33931
2.09705 -0.33289 -0.337739
2.11549 -0.342635 -0.34088
2.14364 -0.354108 -0.345593
2.15225 -0.362481 -0.347164
2.15104 -0.369616 -0.347164
2.15959 -0.378075 -0.348735
2.16812 -0.386591 -0.350306
2.15718 -0.391636 -0.348735
2.15593 -0.398411 -0.348735
2.15467 -0.405182 -0.348735
2.15339 -0.411949 -0.348735
2.15208 -0.418712 -0.348735
2.16045 -0.427388 -0.350306
2.13973 -0.430279 -0.347164
2.14804 -0.438976 -0.348735
2.08863 -0.433676 -0.33931
2.11625 -0.44635 -0.344022
2.08587 -0.446791 -0.33931
2.09411 -0.45544 -0.34088
2.09266 -0.462017 -0.34088
2.10076 -0.471115 -0.342451
2.09927 -0.477712 -0.342451
2.08813 -0.482083 -0.34088
2.06722 0.44242 -0.26029
2.04918 0.431829 -0.257846
2.06024 0.427407 -0.259068
2.04213 0.416961 -0.256624
2.05316 0.412498 -0.257846
2.04471 0.404121 -0.256624
2.04597 0.397696 -0.256624
2.05696 0.39313 -0.257846
2.07769 0.390331 -0.26029
2.08867 0.385603 -0.261512
2.0997 0.380444 -0.262734
2.10088 0.373846 -0.262734
2.09227 0.365536 -0.261512
2.10319 0.360639 -0.262734
2.09453 0.352382 -0.261512
2.10542 0.347417 -0.262734
2.1065 0.340801 -0.262734
2.09775 0.332627 -0.261512
2.12821 0.330606 -0.265178
2.0998 0.319439 -0.261512
2.1008 0.312841 -0.261512
2.11159 0.307671 -0.262734
2.05359 0.292635 -0.255402
2.06433 0.287551 -0.256624
2.05539 0.279726 -0.255402
2.0661 0.274575 -0.256624
2.05711 0.266807 -0.255402
2.05793 0.260342 -0.255402
2.05874 0.253876 -0.255402
2.05953 0.247406 -0.255402
2.05044 0.239783 -0.25418
2.06104 0.234462 -0.255402
2.0519 0.226895 -0.25418
2.05261 0.220448 -0.25418
2.05333 0.213639 -0.25418
2.05399 0.207188 -0.25418
2.05459 0.201093 -0.25418
2.05525 0.194278 -0.25418
2.05585 0.187821 -0.25418
2.04654 0.180489 -0.252958
2.08666 0.177422 -0.257846
2.0872 0.170866 -0.257846
2.09763 0.165086 -0.259068
2.10803 0.159244 -0.26029
2.08872 0.151188 -0.257846
2.08919 0.144624 -0.257846
2.09953 0.138715 -0.259068
2.09996 0.132118 -0.259068
2.09046 0.124928 -0.257846
2.09084 0.118361 -0.257846
2.0912 0.111791 -0.257846
2.09154 0.105221 -0.257846
2.10177 0.099117 -0.259068
2.07233 0.091205 -0.255402
2.05277 0.083884 -0.252958
2.04311 0.07706 -0.251736
2.04334 0.070641 -0.251736
2.05347 0.064533 -0.252958
2.05367 0.057723 -0.252958
2.04392 0.051024 -0.251736
2.06391 0.045395 -0.25418
2.05412 0.038724 -0.252958
2.04431 0.032114 -0.251736
2.0444 0.025692 -0.251736
2.04447 0.01927 -0.251736
2.04452 0.012489 -0.251736
2.03463 0.006037 -0.250514
2.04456 -0.000357 -0.251736
2.04455 -0.00678 -0.251736
2.02467 -0.013075 -0.249292
2.02462 -0.019436 -0.249292
2.05431 -0.026534 -0.252958
2.08399 -0.033466 -0.256624
2.08388 -0.040012 -0.256624
2.08375 -0.046195 -0.256624
2.09351 -0.052992 -0.257846
2.08342 -0.059287 -0.256624
2.0733 -0.065518 -0.255402
2.083 -0.072376 -0.256624
2.07285 -0.078544 -0.255402
2.08251 -0.085462 -0.256624
2.08223 -0.092004 -0.256624
2.08191 -0.098909 -0.256624
2.08159 -0.105449 -0.256624
2.10109 -0.112688 -0.259068
2.09082 -0.118725 -0.257846
2.00127 -0.119949 -0.246848
2.05039 -0.129718 -0.252958
2.04007 -0.135501 -0.251736
2.03963 -0.141909 -0.251736
2.04907 -0.149036 -0.252958
2.0387 -0.154722 -0.251736
2.0382 -0.161126 -0.251736
2.03769 -0.167528 -0.251736
2.03715 -0.173929 -0.251736
2.03659 -0.180328 -0.251736
2.0459 -0.187632 -0.252958
2.03542 -0.193121 -0.251736
2.0348 -0.199514 -0.251736
2.04404 -0.206905 -0.252958
2.03351 -0.212295 -0.251736
2.02296 -0.217621 -0.250514
2.02227 -0.223975 -0.250514
2.02156 -0.230327 -0.250514
2.07997 -0.243604 -0.257846
2.08905 -0.251323 -0.259068
2.07835 -0.257031 -0.257846
2.08738 -0.264808 -0.259068
2.08654 -0.271364 -0.259068
2.07584 -0.276607 -0.257846
2.08479 -0.284469 -0.259068
2.08389 -0.291017 -0.259068
2.07314 -0.296159 -0.257846
2.0722 -0.30267 -0.257846
2.08105 -0.310644 -0.259068
2.07026 -0.315684 -0.257846
2.06925 -0.322187 -0.257846
2.09764 -0.333359 -0.261512
2.00841 -0.325651 -0.250514
2.05633 -0.340055 -0.256624
2.03568 -0.343213 -0.25418
2.05409 -0.353327 -0.256624
2.0432 -0.358065 -0.255402
2.03229 -0.362738 -0.25418
2.04091 -0.370896 -0.255402
2.03973 -0.377306 -0.255402
2.03854 -0.383712 -0.255402
2.03732 -0.390114 -0.255402
2.03609 -0.396513 -0.255402
2.03483 -0.402907 -0.255402
2.03356 -0.409298 -0.255402
2.02254 -0.413696 -0.25418
2.03094 -0.422067 -0.255402
2.0199 -0.426395 -0.25418
2.01855 -0.432739 -0.25418
2.01718 -0.439078 -0.25418
2.02548 -0.447554 -0.255402
2.02398 -0.454269 -0.255402
2.03222 -0.462829 -0.256624
2.02109 -0.466977 -0.255402
2.03894 -0.477853 -0.257846
2.00846 -0.477371 -0.25418
2.14679 0.487343 -0.194685
2.04138 0.456677 -0.184995
2.02335 0.445973 -0.183233
2.02474 0.439613 -0.183233
2.01637 0.431168 -0.182352
2.01771 0.42483 -0.182352
2.01904 0.418491 -0.182352
2.02034 0.412145 -0.182352
2.02163 0.405796 -0.182352
2.02289 0.399443 -0.182352
2.01436 0.391187 -0.181471
2.01558 0.384857 -0.181471
2.01678 0.378523 -0.181471
2.01796 0.372184 -0.181471
2.01918 0.365491 -0.181471
2.01051 0.357403 -0.18059
2.01162 0.351084 -0.18059
2.01272 0.344763 -0.18059
2.00397 0.336787 -0.179709
2.01484 0.33211 -0.18059
2.02571 0.327368 -0.181471
2.00705 0.317885 -0.179709
2.00804 0.311579 -0.179709
2.0287 0.308261 -0.181471
2.01981 0.300421 -0.18059
2.06111 0.293338 -0.184114
2.07188 0.288235 -0.184995
2.06291 0.280382 -0.184114
2.08353 0.276522 -0.185876
2.06463 0.267416 -0.184114
2.06546 0.260928 -0.184114
2.07615 0.255655 -0.184995
2.07695 0.249131 -0.184995
2.08761 0.243761 -0.185876
2.08837 0.237202 -0.185876
2.0891 0.230639 -0.185876
2.08982 0.224075 -0.185876
2.09055 0.217143 -0.185876
2.08131 0.209577 -0.184995
2.05222 0.200137 -0.182352
2.02308 0.190881 -0.179709
2.01375 0.18362 -0.178828
2.01432 0.177293 -0.178828
2.00494 0.170122 -0.177948
2.00547 0.163823 -0.177948
2.00597 0.157521 -0.177948
2.00646 0.151219 -0.177948
2.01686 0.145632 -0.178828
2.00737 0.138608 -0.177948
2.00779 0.132302 -0.177948
2.01814 0.126617 -0.178828
1.99864 0.119091 -0.177067
1.999 0.112812 -0.177067
2.0093 0.107061 -0.177948
1.99967 0.10025 -0.177067
2.00993 0.094434 -0.177948
2.02017 0.088556 -0.178828
2.03039 0.082614 -0.179709
2.07046 0.077729 -0.183233
2.07069 0.071225 -0.183233
2.0709 0.064719 -0.183233
2.07111 0.057851 -0.183233
2.06132 0.051098 -0.182352
2.07142 0.045198 -0.183233
2.06159 0.038505 -0.182352
2.0617 0.032028 -0.182352
2.07175 0.025674 -0.183233
2.07183 0.018804 -0.183233
2.07188 0.012295 -0.183233
2.06194 0.005758 -0.182352
2.08187 -0.000727 -0.184114
2.06194 -0.007198 -0.182352
2.0121 -0.013345 -0.177948
2.01205 -0.019666 -0.177948
2.00201 -0.026208 -0.177067
2.01188 -0.032659 -0.177948
2.00181 -0.038786 -0.177067
2.00169 -0.044726 -0.177067
2.00154 -0.051014 -0.177067
2.00136 -0.057302 -0.177067
1.99122 -0.063272 -0.176186
2.00097 -0.069875 -0.177067
1.99078 -0.075782 -0.176186
1.99054 -0.082036 -0.176186
2.00022 -0.088731 -0.177067
1.99991 -0.095363 -0.177067
1.98966 -0.10114 -0.176186
1.99929 -0.107578 -0.177067
1.99895 -0.113858 -0.177067
2.0085 -0.121086 -0.177948
2.00811 -0.127395 -0.177948
2.05739 -0.137013 -0.182352
2.07683 -0.144862 -0.184114
2.06643 -0.150661 -0.183233
2.07588 -0.157908 -0.184114
2.06544 -0.163642 -0.183233
2.07484 -0.170948 -0.184114
2.06437 -0.176616 -0.183233
2.07373 -0.183981 -0.184114
2.07314 -0.190495 -0.184114
2.07253 -0.197007 -0.184114
2.0719 -0.203517 -0.184114
2.06134 -0.20902 -0.183233
2.06068 -0.215495 -0.183233
2.05999 -0.221968 -0.183233
2.00978 -0.222947 -0.178828
1.99917 -0.22813 -0.177948
1.99845 -0.23441 -0.177948
1.9977 -0.240687 -0.177948
1.99689 -0.24731 -0.177948
1.9961 -0.253582 -0.177948
1.9953 -0.259852 -0.177948
1.9846 -0.264802 -0.177067
2.00349 -0.273732 -0.178828
1.99276 -0.278646 -0.177948
1.98201 -0.283494 -0.177067
1.99097 -0.291161 -0.177948
1.98019 -0.295942 -0.177067
1.9891 -0.303665 -0.177948
1.99798 -0.311446 -0.178828
1.98715 -0.316156 -0.177948
1.99598 -0.323994 -0.178828
2.00478 -0.33189 -0.179709
2.03314 -0.343514 -0.182352
2.0615 -0.354971 -0.184995
2.05056 -0.359724 -0.184114
2.05923 -0.367917 -0.184995
2.05806 -0.374384 -0.184995
2.04708 -0.379034 -0.184114
2.03609 -0.383619 -0.183233
2.05444 -0.393764 -0.184995
2.05319 -0.400216 -0.184995
2.05193 -0.406664 -0.184995
2.05064 -0.413109 -0.184995
2.04933 -0.419549 -0.184995
2.03825 -0.423957 -0.184114
2.04665 -0.432417 -0.184995
2.05503 -0.440934 -0.185876
2.0147 -0.438907 -0.182352
1.99378 -0.44128 -0.18059
2.0021 -0.449725 -0.181471
1.99097 -0.453799 -0.18059
1.98953 -0.460051 -0.18059
2.00747 -0.470849 -0.182352
1.99629 -0.474848 -0.181471
1.96574 -0.47411 -0.178828
2.00476 0.461362 -0.108002
2.0062 0.455061 -0.108002
1.97839 0.442223 -0.10643
1.97977 0.436004 -0.10643
1.97137 0.427665 -0.105905
1.9727 0.42147 -0.105905
1.97401 0.41527 -0.105905
1.97531 0.409068 -0.105905
1.95702 0.398871 -0.104857
1.96805 0.394684 -0.105381
2.03786 0.402029 -0.109051
2.03911 0.395625 -0.109051
2.03054 0.387346 -0.108527
2.05137 0.384646 -0.109575
2.05257 0.378199 -0.109575
2.05382 0.371391 -0.109575
2.05497 0.364937 -0.109575
2.06595 0.360194 -0.110099
2.05722 0.352018 -0.109575
2.03863 0.342246 -0.108527
2.0594 0.339085 -0.109575
2.05059 0.331022 -0.109051
2.06149 0.326138 -0.109575
2.05263 0.318131 -0.109051
1.97464 0.299693 -0.104857
1.98545 0.294956 -0.105381
1.97648 0.287281 -0.104857
1.97737 0.28107 -0.104857
1.98814 0.276231 -0.105381
1.9791 0.26864 -0.104857
1.97993 0.262421 -0.104857
1.98075 0.2562 -0.104857
1.98154 0.249976 -0.104857
1.98232 0.24375 -0.104857
1.97316 0.236333 -0.104332
1.97389 0.230133 -0.104332
1.97461 0.223931 -0.104332
1.9753 0.217726 -0.104332
1.97597 0.21152 -0.104332
1.96673 0.203935 -0.103808
1.96736 0.197756 -0.103808
1.95803 0.190607 -0.103284
1.98845 0.187263 -0.104857
2.02881 0.184636 -0.106954
2.03933 0.179135 -0.107478
2.04983 0.17357 -0.108002
2.05037 0.16713 -0.108002
2.05088 0.160687 -0.108002
2.04142 0.153495 -0.107478
2.05185 0.147799 -0.108002
2.06227 0.142038 -0.108527
2.05274 0.134904 -0.108002
2.05315 0.128454 -0.108002
2.04358 0.12141 -0.107478
2.04395 0.114991 -0.107478
2.03433 0.108039 -0.106954
2.05461 0.102644 -0.108002
1.96514 0.091986 -0.103284
1.96542 0.085812 -0.103284
1.96568 0.079638 -0.103284
1.96592 0.073461 -0.103284
1.97612 0.067627 -0.103808
1.97632 0.061418 -0.103808
1.97652 0.054864 -0.103808
1.97668 0.048655 -0.103808
1.97681 0.042789 -0.103808
1.96695 0.036394 -0.103284
1.96706 0.030214 -0.103284
1.96714 0.024034 -0.103284
1.96721 0.017511 -0.103284
1.96726 0.011331 -0.103284
1.96728 0.005151 -0.103284
1.96729 -0.00103 -0.103284
1.95729 -0.007174 -0.10276
1.94727 -0.013255 -0.102235
1.94722 -0.019372 -0.102235
2.02703 -0.026889 -0.10643
2.03692 -0.033421 -0.106954
2.04679 -0.040015 -0.107478
2.04666 -0.046088 -0.107478
2.03652 -0.052261 -0.106954
2.04633 -0.058946 -0.107478
2.03615 -0.065056 -0.106954
2.04592 -0.071803 -0.107478
2.04569 -0.07823 -0.107478
2.04543 -0.084656 -0.107478
2.03518 -0.090637 -0.106954
2.03486 -0.097386 -0.106954
2.03455 -0.103778 -0.106954
2.0442 -0.110352 -0.107478
2.04385 -0.116774 -0.107478
1.9637 -0.118729 -0.103284
1.97329 -0.125532 -0.103808
1.96292 -0.131065 -0.103284
1.9625 -0.137231 -0.103284
1.96206 -0.143396 -0.103284
1.9616 -0.149559 -0.103284
1.97107 -0.156511 -0.103808
1.96062 -0.161881 -0.103284
1.9601 -0.16804 -0.103284
1.96951 -0.175081 -0.103808
1.96895 -0.181268 -0.103808
1.96837 -0.187452 -0.103808
1.95783 -0.192657 -0.103284
1.95722 -0.198807 -0.103284
1.96652 -0.205995 -0.103808
1.96586 -0.212172 -0.103808
1.93541 -0.215039 -0.102235
1.94465 -0.222252 -0.10276
1.98361 -0.233021 -0.104857
2.03244 -0.245232 -0.107478
2.0217 -0.250742 -0.106954
2.03081 -0.258352 -0.107478
2.02999 -0.264731 -0.107478
2.03905 -0.272429 -0.108002
2.03818 -0.278834 -0.108002
2.0373 -0.285236 -0.108002
2.0265 -0.290219 -0.107478
2.02558 -0.296584 -0.107478
2.02464 -0.302946 -0.107478
2.02368 -0.309305 -0.107478
2.0227 -0.315661 -0.107478
2.0217 -0.322014 -0.107478
2.02067 -0.328364 -0.107478
1.98023 -0.328179 -0.105381
1.95943 -0.331413 -0.104332
1.95838 -0.337567 -0.104332
1.94748 -0.341991 -0.103808
1.96605 -0.351624 -0.104857
1.96494 -0.357799 -0.104857
1.9638 -0.36397 -0.104857
1.96265 -0.370137 -0.104857
1.95167 -0.37442 -0.104332
1.96029 -0.382462 -0.104857
1.95908 -0.388618 -0.104857
1.95785 -0.394771 -0.104857
1.9566 -0.40092 -0.104857
1.95533 -0.407065 -0.104857
1.95404 -0.413205 -0.104857
1.95273 -0.419342 -0.104857
1.9514 -0.425475 -0.104857
1.94998 -0.431944 -0.104857
1.94861 -0.438067 -0.104857
1.94723 -0.444187 -0.104857
1.95555 -0.452554 -0.105381
1.9444 -0.456413 -0.104857
1.94296 -0.462519 -0.104857
1.94149 -0.468621 -0.104857
1.94001 -0.474718 -0.104857
1.91913 -0.476002 -0.103808
1.97672 0.460724 -0.034886
1.94892 0.447795 -0.034371
1.94057 0.439461 -0.034199
1.93218 0.431185 -0.034027
1.94329 0.42726 -0.034199
1.93485 0.419036 -0.034027
1.94594 0.415042 -0.034199
1.93745 0.406871 -0.034027
1.93871 0.400783 -0.034027
1.93017 0.392697 -0.033855
1.93139 0.386631 -0.033855
1.94241 0.382493 -0.034027
1.9436 0.37639 -0.034027
1.93495 0.368411 -0.033855
1.92627 0.360492 -0.033683
1.93722 0.356246 -0.033855
1.9384 0.34982 -0.033855
1.93948 0.343729 -0.033855
1.9307 0.33592 -0.033683
1.94161 0.331536 -0.033855
1.94264 0.325434 -0.033855
1.93378 0.317709 -0.033683
1.93477 0.311633 -0.033683
1.93574 0.305553 -0.033683
1.94658 0.300998 -0.033855
1.94751 0.294881 -0.033855
1.95832 0.290227 -0.034027
1.94932 0.282639 -0.033855
1.9601 0.277917 -0.034027
1.96097 0.271758 -0.034027
1.96181 0.265595 -0.034027
1.96264 0.259431 -0.034027
1.96344 0.253265 -0.034027
1.96423 0.247095 -0.034027
1.95507 0.239706 -0.033855
1.95581 0.233562 -0.033855
1.96647 0.228572 -0.034027
1.95724 0.22127 -0.033855
1.96786 0.216211 -0.034027
1.97848 0.211089 -0.034199
1.97913 0.204872 -0.034199
1.93997 0.194661 -0.033512
1.93062 0.187598 -0.03334
1.92125 0.180596 -0.033168
1.92183 0.174223 -0.033168
1.93233 0.169057 -0.03334
1.92289 0.162146 -0.033168
1.93336 0.156913 -0.03334
1.92387 0.15006 -0.033168
1.9343 0.144761 -0.03334
1.92478 0.13797 -0.033168
1.9252 0.131922 -0.033168
1.93558 0.126526 -0.03334
1.92599 0.119823 -0.033168
1.93634 0.114361 -0.03334
1.92671 0.10772 -0.033168
1.92703 0.101666 -0.033168
1.93733 0.096107 -0.03334
1.94761 0.090484 -0.033512
1.94789 0.084365 -0.033512
1.94814 0.078246 -0.033512
1.94838 0.072125 -0.033512
1.94859 0.066004 -0.033512
1.94879 0.059881 -0.033512
1.94897 0.053759 -0.033512
1.95913 0.047881 -0.033683
1.94927 0.041512 -0.033512
1.94939 0.035388 -0.033512
1.94949 0.029264 -0.033512
1.93958 0.023021 -0.03334
1.93964 0.016927 -0.03334
1.94968 0.010889 -0.033512
1.93971 0.0044 -0.03334
1.95971 -0.00171 -0.033683
1.9397 -0.007448 -0.03334
1.91967 -0.013402 -0.032996
1.91962 -0.019433 -0.032996
1.92954 -0.025933 -0.033168
1.91945 -0.031829 -0.032996
1.91934 -0.037859 -0.032996
1.92921 -0.044117 -0.033168
1.92906 -0.050177 -0.033168
1.92889 -0.056237 -0.033168
1.92871 -0.062297 -0.033168
1.9285 -0.068356 -0.033168
1.92828 -0.074414 -0.033168
1.92804 -0.080472 -0.033168
1.91779 -0.08608 -0.032996
1.91751 -0.092104 -0.032996
1.92719 -0.098639 -0.033168
1.91689 -0.104151 -0.032996
1.92653 -0.110746 -0.033168
1.9162 -0.116193 -0.032996
1.94576 -0.124121 -0.033512
1.93536 -0.129904 -0.03334
1.93494 -0.135983 -0.03334
1.94448 -0.142793 -0.033512
1.95399 -0.149665 -0.033683
1.94354 -0.155008 -0.033512
1.94304 -0.161113 -0.033512
1.94253 -0.167216 -0.033512
1.95195 -0.174207 -0.033683
1.9514 -0.180338 -0.033683
1.95082 -0.186468 -0.033683
1.95022 -0.192596 -0.033683
1.94961 -0.198722 -0.033683
1.94897 -0.204846 -0.033683
1.93838 -0.209891 -0.033512
1.93771 -0.21598 -0.033512
1.92709 -0.220927 -0.03334
1.91646 -0.22581 -0.033168
1.91574 -0.23183 -0.033168
1.91496 -0.238181 -0.033168
1.9142 -0.244196 -0.033168
1.91342 -0.250209 -0.033168
1.92254 -0.257546 -0.03334
1.91182 -0.262226 -0.033168
1.92088 -0.269621 -0.03334
1.92003 -0.275654 -0.03334
1.91915 -0.281685 -0.03334
1.91826 -0.287712 -0.03334
1.91734 -0.293737 -0.03334
1.90653 -0.298214 -0.033168
1.91546 -0.305778 -0.03334
1.91449 -0.311795 -0.03334
1.9135 -0.317808 -0.03334
1.92235 -0.325487 -0.033512
1.93117 -0.333224 -0.033683
1.9399 -0.341359 -0.033855
1.93882 -0.347452 -0.033855
1.92789 -0.351747 -0.033683
1.9366 -0.359627 -0.033855
1.94529 -0.367566 -0.034027
1.9343 -0.371788 -0.033855
1.92331 -0.375945 -0.033683
1.92212 -0.381985 -0.033683
1.93071 -0.390001 -0.033855
1.91968 -0.394055 -0.033683
1.91844 -0.400083 -0.033683
1.91717 -0.406108 -0.033683
1.91588 -0.412129 -0.033683
1.91458 -0.418146 -0.033683
1.91326 -0.424159 -0.033683
1.91192 -0.430168 -0.033683
1.91048 -0.436505 -0.033683
1.91884 -0.444763 -0.033855
1.91743 -0.450789 -0.033855
1.91601 -0.45681 -0.033855
1.91456 -0.462827 -0.033855
1.9131 -0.46884 -0.033855
1.89221 -0.470027 -0.033512
1.89072 -0.475969 -0.033512
1.81322 0.481444 0.22923
1.82432 0.478263 0.230443
1.83543 0.475015 0.231655
1.82729 0.46679 0.230443
1.82875 0.461048 0.230443
1.83982 0.457696 0.231655
1.83161 0.449548 0.230443
1.83301 0.443791 0.230443
1.8344 0.438031 0.230443
1.8261 0.429991 0.22923
1.83712 0.426496 0.230443
1.82877 0.418509 0.22923
1.83976 0.414945 0.230443
1.83136 0.40701 0.22923
1.84233 0.403378 0.230443
1.83389 0.395495 0.22923
1.83512 0.389731 0.22923
1.83633 0.383965 0.22923
1.82781 0.376193 0.228017
1.82898 0.370449 0.228017
1.83987 0.366641 0.22923
1.83127 0.358949 0.228017
1.82265 0.351317 0.226804
1.83349 0.347436 0.228017
1.83458 0.341675 0.228017
1.83564 0.335909 0.228017
1.83674 0.329821 0.228017
1.82799 0.322325 0.226804
1.83878 0.318273 0.228017
1.82998 0.310833 0.226804
1.83095 0.305082 0.226804
1.8319 0.299329 0.226804
1.83283 0.293573 0.226804
1.83375 0.287813 0.226804
1.83464 0.282051 0.226804
1.83552 0.276285 0.226804
1.82656 0.269071 0.225591
1.82739 0.263332 0.225591
1.82821 0.257589 0.225591
1.81918 0.25049 0.224378
1.82979 0.246097 0.225591
1.83056 0.240348 0.225591
1.8313 0.234596 0.225591
1.84188 0.230071 0.226804
1.84259 0.224283 0.226804
1.83343 0.217325 0.225591
1.83411 0.211565 0.225591
1.83476 0.205802 0.225591
1.8354 0.200036 0.225591
1.82615 0.193224 0.224378
1.82678 0.187168 0.224378
1.82733 0.181747 0.224378
1.82789 0.176006 0.224378
1.82846 0.169943 0.224378
1.82899 0.164197 0.224378
1.82949 0.158452 0.224378
1.82998 0.152703 0.224378
1.83045 0.146954 0.224378
1.83091 0.141202 0.224378
1.83134 0.135449 0.224378
1.84166 0.130397 0.225591
1.83215 0.12394 0.224378
1.83254 0.118183 0.224378
1.82299 0.111818 0.223165
1.83324 0.106667 0.224378
1.83357 0.100908 0.224378
1.82396 0.094632 0.223165
1.81434 0.088418 0.221953
1.82452 0.08317 0.223165
1.83469 0.077859 0.224378
1.83493 0.072095 0.224378
1.82522 0.065971 0.223165
1.83534 0.060563 0.224378
1.8256 0.054501 0.223165
1.8357 0.048711 0.224378
1.82591 0.043031 0.223165
1.83596 0.037496 0.224378
1.82614 0.031556 0.223165
1.83616 0.02596 0.224378
1.83623 0.020191 0.224378
1.83629 0.014423 0.224378
1.8264 0.008288 0.223165
1.82641 0.00255 0.223165
1.82641 -0.003188 0.223165
1.8264 -0.008926 0.223165
1.82636 -0.014344 0.223165
1.8263 -0.020401 0.223165
1.82623 -0.026457 0.223165
1.83606 -0.032369 0.224378
1.82603 -0.037612 0.223165
1.8259 -0.043349 0.223165
1.82576 -0.049085 0.223165
1.82559 -0.05482 0.223165
1.82541 -0.060555 0.223165
1.83513 -0.06665 0.224378
1.825 -0.072023 0.223165
1.82476 -0.077756 0.223165
1.82451 -0.083489 0.223165
1.83414 -0.090025 0.224378
1.82395 -0.094951 0.223165
1.82364 -0.10068 0.223165
1.83322 -0.106987 0.224378
1.82297 -0.112136 0.223165
1.82259 -0.118181 0.223165
1.82221 -0.123906 0.223165
1.82181 -0.12963 0.223165
1.81149 -0.134617 0.221953
1.82096 -0.141074 0.223165
1.82051 -0.146794 0.223165
1.82993 -0.153342 0.224378
1.82944 -0.15909 0.224378
1.82893 -0.164836 0.224378
1.8284 -0.170581 0.224378
1.82786 -0.176325 0.224378
1.81742 -0.181082 0.223165
1.81684 -0.186791 0.223165
1.81624 -0.192498 0.223165
1.8255 -0.19928 0.224378
1.82486 -0.205014 0.224378
1.82421 -0.210746 0.224378
1.81368 -0.215305 0.223165
1.82285 -0.222203 0.224378
1.8221 -0.228247 0.224378
1.82138 -0.23397 0.224378
1.82063 -0.239691 0.224378
1.81987 -0.245409 0.224378
1.81909 -0.251125 0.224378
1.81829 -0.256839 0.224378
1.81748 -0.26255 0.224378
1.81664 -0.268258 0.224378
1.81579 -0.273964 0.224378
1.81492 -0.279667 0.224378
1.82384 -0.28691 0.225591
1.81313 -0.291065 0.224378
1.8122 -0.29676 0.224378
1.82106 -0.304087 0.225591
1.82009 -0.309806 0.225591
1.81905 -0.31584 0.225591
1.80828 -0.319824 0.224378
1.81703 -0.327263 0.225591
1.816 -0.33297 0.225591
1.81494 -0.338673 0.225591
1.80412 -0.342522 0.224378
1.82252 -0.351952 0.226804
1.82141 -0.357676 0.226804
1.81054 -0.361453 0.225591
1.81913 -0.369113 0.226804
1.81796 -0.374826 0.226804
1.80705 -0.378501 0.225591
1.80586 -0.384176 0.225591
1.80464 -0.389847 0.225591
1.8131 -0.397641 0.226804
1.80216 -0.401179 0.225591
1.8105 -0.409342 0.226804
1.79953 -0.412808 0.225591
1.79822 -0.418459 0.225591
1.80656 -0.426387 0.226804
1.80521 -0.43206 0.226804
1.80384 -0.437729 0.226804
1.80246 -0.443394 0.226804
1.80106 -0.449054 0.226804
1.79964 -0.45471 0.226804
1.7982 -0.460362 0.226804
1.78714 -0.463517 0.225591
1.77607 -0.466607 0.224378
1.74582 -0.464527 0.22074
1.75394 -0.472592 0.221953
1.88232 0.480498 0.16877
1.84518 0.464847 0.165308
1.86597 0.463854 0.167039
1.86742 0.45799 0.167039
1.86885 0.452121 0.167039
1.87995 0.44856 0.167905
1.86195 0.438089 0.166174
1.86332 0.432237 0.166174
1.87438 0.428602 0.167039
1.87572 0.422711 0.167039
1.86731 0.414657 0.166174
1.8686 0.408789 0.166174
1.86014 0.400817 0.165308
1.86139 0.394971 0.165308
1.86262 0.389122 0.165308
1.86383 0.383268 0.165308
1.86503 0.377411 0.165308
1.87598 0.373495 0.166174
1.86736 0.365685 0.165308
1.87829 0.361701 0.166174
1.86962 0.353945 0.165308
1.87073 0.34807 0.165308
1.87181 0.342191 0.165308
1.87294 0.335982 0.165308
1.87398 0.330097 0.165308
1.87501 0.324207 0.165308
1.8662 0.316649 0.164443
1.86718 0.310784 0.164443
1.86815 0.304917 0.164443
1.8691 0.299047 0.164443
1.86019 0.29163 0.163577
1.86109 0.285784 0.163577
1.86198 0.279936 0.163577
1.86285 0.274086 0.163577
1.87356 0.269652 0.164443
1.8744 0.263764 0.164443
1.86535 0.256516 0.163577
1.86615 0.250655 0.163577
1.86693 0.244791 0.163577
1.86769 0.238925 0.163577
1.86843 0.233056 0.163577
1.86915 0.227185 0.163577
1.86986 0.221312 0.163577
1.87054 0.215437 0.163577
1.87121 0.20956 0.163577
1.87186 0.203679 0.163577
1.87249 0.197797 0.163577
1.87314 0.191587 0.163577
1.8737 0.186029 0.163577
1.86435 0.179189 0.162712
1.86494 0.173005 0.162712
1.8754 0.168034 0.163577
1.86599 0.161285 0.162712
1.86649 0.155421 0.162712
1.85703 0.148761 0.161846
1.86742 0.14369 0.162712
1.86787 0.137823 0.162712
1.86829 0.131955 0.162712
1.8687 0.126084 0.162712
1.86908 0.120213 0.162712
1.86945 0.114341 0.162712
1.8698 0.108467 0.162712
1.87013 0.102593 0.162712
1.87045 0.096717 0.162712
1.87074 0.090839 0.162712
1.86107 0.08451 0.161846
1.86132 0.078664 0.161846
1.86156 0.072816 0.161846
1.86178 0.066967 0.161846
1.86198 0.061117 0.161846
1.86216 0.055268 0.161846
1.86234 0.049093 0.161846
1.86247 0.043567 0.161846
1.8626 0.037715 0.161846
1.86271 0.031863 0.161846
1.8628 0.026011 0.161846
1.86287 0.020159 0.161846
1.85297 0.01423 0.160981
1.86296 0.008129 0.161846
1.86298 0.002276 0.161846
1.87294 -0.003596 0.162712
1.86296 -0.009429 0.161846
1.86292 -0.014957 0.161846
1.8529 -0.021021 0.160981
1.86278 -0.027312 0.161846
1.87265 -0.033341 0.162712
1.86258 -0.03869 0.161846
1.86245 -0.044542 0.161846
1.8623 -0.050392 0.161846
1.86213 -0.056243 0.161846
1.85199 -0.06176 0.160981
1.86174 -0.067942 0.161846
1.86152 -0.07379 0.161846
1.86128 -0.079638 0.161846
1.86102 -0.085485 0.161846
1.86073 -0.091656 0.161846
1.86045 -0.097176 0.161846
1.85019 -0.10247 0.160981
1.84985 -0.108282 0.160981
1.85945 -0.114706 0.161846
1.84912 -0.120225 0.160981
1.84873 -0.126034 0.160981
1.85826 -0.13255 0.161846
1.85784 -0.138387 0.161846
1.85739 -0.144223 0.161846
1.86686 -0.15086 0.162712
1.85645 -0.15589 0.161846
1.85595 -0.161722 0.161846
1.86536 -0.168448 0.162712
1.8549 -0.17338 0.161846
1.85434 -0.179206 0.161846
1.85377 -0.185031 0.161846
1.85318 -0.190854 0.161846
1.85257 -0.196675 0.161846
1.85195 -0.202494 0.161846
1.8513 -0.208311 0.161846
1.85064 -0.214126 0.161846
1.84995 -0.219939 0.161846
1.84925 -0.22575 0.161846
1.85838 -0.233121 0.162712
1.84776 -0.237687 0.161846
1.85688 -0.244793 0.162712
1.8561 -0.250625 0.162712
1.8553 -0.256455 0.162712
1.84463 -0.260887 0.161846
1.85366 -0.268107 0.162712
1.85281 -0.273929 0.162712
1.85194 -0.279748 0.162712
1.85105 -0.285565 0.162712
1.85014 -0.291379 0.162712
1.84922 -0.29719 0.162712
1.84827 -0.302998 0.162712
1.84731 -0.308803 0.162712
1.85616 -0.316278 0.163577
1.84528 -0.320726 0.162712
1.85407 -0.328258 0.163577
1.85303 -0.334081 0.163577
1.85197 -0.339901 0.163577
1.8411 -0.343888 0.162712
1.8498 -0.35153 0.163577
1.85847 -0.359231 0.164443
1.84756 -0.363146 0.163577
1.84641 -0.368949 0.163577
1.84524 -0.374747 0.163577
1.84405 -0.380542 0.163577
1.84285 -0.386334 0.163577
1.84162 -0.392121 0.163577
1.84038 -0.397905 0.163577
1.83913 -0.403685 0.163577
1.83785 -0.409461 0.163577
1.83648 -0.415553 0.163577
1.84487 -0.42355 0.164443
1.83383 -0.427084 0.163577
1.83248 -0.432843 0.163577
1.8408 -0.440918 0.164443
1.83941 -0.446699 0.164443
1.84767 -0.454857 0.165308
1.83656 -0.458247 0.164443
1.83511 -0.464015 0.164443
1.83365 -0.469778 0.164443
1.82252 -0.473033 0.163577
1.82103 -0.478756 0.163577
1.80026 -0.479348 0.161846
1.90111 0.465903 0.10154
1.90257 0.459927 0.10154
1.89429 0.451632 0.101022
1.88598 0.443394 0.100504
1.90682 0.441976 0.10154
1.88872 0.431534 0.100504
1.90955 0.429986 0.10154
1.8914 0.419659 0.100504
1.90246 0.415848 0.101022
1.894 0.407767 0.100504
1.90504 0.403885 0.101022
1.89652 0.395859 0.100504
1.89776 0.389899 0.100504
1.88918 0.381956 0.099986
1.89037 0.376019 0.099986
1.89155 0.370077 0.099986
1.88289 0.362248 0.099468
1.89383 0.358186 0.099986
1.88513 0.35041 0.099468
1.88622 0.344485 0.099468
1.88735 0.338229 0.099468
1.88841 0.332298 0.099468
1.88944 0.326363 0.099468
1.89046 0.320425 0.099468
1.89146 0.314485 0.099468
1.88258 0.306935 0.09895
1.89339 0.302595 0.099468
1.89434 0.296645 0.099468
1.88539 0.289178 0.09895
1.89616 0.284737 0.099468
1.88717 0.277327 0.09895
1.88803 0.271397 0.09895
1.88887 0.265464 0.09895
1.8897 0.259528 0.09895
1.8806 0.252262 0.098432
1.89129 0.24765 0.09895
1.88215 0.240442 0.098432
1.8829 0.234527 0.098432
1.89354 0.229814 0.09895
1.88434 0.222692 0.098432
1.88503 0.216772 0.098432
1.8857 0.210849 0.098432
1.88635 0.204923 0.098432
1.88698 0.198995 0.098432
1.89757 0.193752 0.09895
1.8882 0.187136 0.098432
1.88881 0.180873 0.098432
1.88937 0.174939 0.098432
1.88991 0.169002 0.098432
1.89043 0.163065 0.098432
1.88098 0.156297 0.097914
1.88146 0.150387 0.097914
1.88192 0.144476 0.097914
1.88237 0.138562 0.097914
1.89276 0.133351 0.098432
1.8832 0.126733 0.097914
1.88359 0.120816 0.097914
1.88396 0.114898 0.097914
1.88431 0.108979 0.097914
1.88465 0.103059 0.097914
1.88496 0.097137 0.097914
1.89523 0.091697 0.098432
1.88553 0.085292 0.097914
1.88579 0.079368 0.097914
1.88603 0.073444 0.097914
1.88625 0.067518 0.097914
1.88646 0.061591 0.097914
1.88664 0.055665 0.097914
1.88681 0.049408 0.097914
1.88695 0.043809 0.097914
1.88708 0.037881 0.097914
1.88719 0.031952 0.097914
1.88728 0.026024 0.097914
1.88735 0.020095 0.097914
1.88741 0.013835 0.097914
1.88744 0.007906 0.097914
1.88746 0.001976 0.097914
1.88746 -0.003953 0.097914
1.89742 -0.009935 0.098432
1.8874 -0.015483 0.097914
1.88734 -0.021742 0.097914
1.88725 -0.028 0.097914
1.88716 -0.033929 0.097914
1.87706 -0.039319 0.097395
1.87693 -0.045216 0.097395
1.88676 -0.051384 0.097914
1.87661 -0.057008 0.097395
1.8864 -0.063238 0.097914
1.88619 -0.069164 0.097914
1.88597 -0.075089 0.097914
1.87575 -0.080585 0.097395
1.88546 -0.086937 0.097914
1.88516 -0.093189 0.097914
1.88488 -0.098782 0.097914
1.88456 -0.104703 0.097914
1.88422 -0.110623 0.097914
1.88384 -0.116871 0.097914
1.88346 -0.122788 0.097914
1.87311 -0.128024 0.097395
1.88266 -0.13462 0.097914
1.88222 -0.140534 0.097914
1.88177 -0.146446 0.097914
1.8813 -0.152357 0.097914
1.87086 -0.15743 0.097395
1.88031 -0.164175 0.097914
1.87978 -0.170081 0.097914
1.87924 -0.175986 0.097914
1.87868 -0.181889 0.097914
1.8781 -0.18779 0.097914
1.8775 -0.193689 0.097914
1.88681 -0.200643 0.098432
1.88617 -0.206569 0.098432
1.87559 -0.211375 0.097914
1.88484 -0.218416 0.098432
1.87422 -0.223156 0.097914
1.88343 -0.230255 0.098432
1.87274 -0.235254 0.097914
1.8819 -0.242412 0.098432
1.87123 -0.247016 0.097914
1.88034 -0.254232 0.098432
1.86964 -0.258769 0.097914
1.86882 -0.264641 0.097914
1.86798 -0.270511 0.097914
1.86712 -0.276378 0.097914
1.87611 -0.283736 0.098432
1.87521 -0.289628 0.098432
1.86443 -0.293963 0.097914
1.87336 -0.301405 0.098432
1.88226 -0.308906 0.09895
1.87143 -0.313169 0.098432
1.87038 -0.319373 0.098432
1.86936 -0.325248 0.098432
1.86833 -0.331119 0.098432
1.86728 -0.336987 0.098432
1.86622 -0.342852 0.098432
1.87495 -0.350548 0.09895
1.86402 -0.35457 0.098432
1.87271 -0.362322 0.09895
1.86176 -0.366275 0.098432
1.87039 -0.374081 0.09895
1.86921 -0.379955 0.09895
1.86801 -0.385826 0.09895
1.86679 -0.391692 0.09895
1.86555 -0.397555 0.09895
1.87405 -0.405526 0.099468
1.86301 -0.409269 0.09895
1.87139 -0.417619 0.099468
1.87007 -0.423496 0.099468
1.859 -0.427133 0.09895
1.86737 -0.435238 0.099468
1.86599 -0.441102 0.099468
1.8646 -0.446962 0.099468
1.86319 -0.452818 0.099468
1.86175 -0.458669 0.099468
1.8603 -0.464516 0.099468
1.85884 -0.470358 0.099468
1.85735 -0.476195 0.099468
1.83651 -0.477007 0.098432
1.81569 -0.477692 0.097395
1.91751 0.450455 0.033855
1.95788 0.453452 0.034543
1.95929 0.447298 0.034543
1.95093 0.438946 0.034371
1.9523 0.432815 0.034371
1.95365 0.42668 0.034371
1.93544 0.416335 0.034027
1.94651 0.412324 0.034199
1.9478 0.406208 0.034199
1.94907 0.400086 0.034199
1.94051 0.391982 0.034027
1.95154 0.387832 0.034199
1.94294 0.37978 0.034027
1.94412 0.373676 0.034027
1.94529 0.367566 0.034027
1.94643 0.361453 0.034027
1.94756 0.355336 0.034027
1.94872 0.348876 0.034027
1.93996 0.341021 0.033855
1.94103 0.334924 0.033855
1.95193 0.330493 0.034027
1.94309 0.322722 0.033855
1.9441 0.316616 0.033855
1.94508 0.310508 0.033855
1.93617 0.30285 0.033683
1.93711 0.296765 0.033683
1.97758 0.29661 0.034371
1.9884 0.291849 0.034543
1.98931 0.285601 0.034543
1.99019 0.279349 0.034543
1.99106 0.273095 0.034543
1.99191 0.266839 0.034543
1.98282 0.259284 0.034371
1.99355 0.254319 0.034543
1.99434 0.248054 0.034543
2.00503 0.24299 0.034715
1.99585 0.235518 0.034543
1.99659 0.229247 0.034543
1.9973 0.222974 0.034543
1.99799 0.216698 0.034543
1.91911 0.202045 0.033168
1.95956 0.199735 0.033855
1.95019 0.192936 0.033683
1.94087 0.185516 0.033512
1.9514 0.180338 0.033683
1.93203 0.172429 0.03334
1.94253 0.167217 0.033512
1.93308 0.160287 0.03334
1.95351 0.155803 0.033683
1.93405 0.148138 0.03334
1.9345 0.142061 0.03334
1.94492 0.136685 0.033512
1.93536 0.129904 0.03334
1.94573 0.124461 0.033512
1.9561 0.118955 0.033683
1.94648 0.112234 0.033512
1.94682 0.106118 0.033512
1.93716 0.099488 0.03334
1.94745 0.093883 0.033512
1.92776 0.086865 0.033168
1.95799 0.082064 0.033683
1.96823 0.0763 0.033855
1.97845 0.070472 0.034027
1.97866 0.064256 0.034027
1.97886 0.05804 0.034027
1.97904 0.051478 0.034027
1.97918 0.045605 0.034027
1.97932 0.039387 0.034027
1.97943 0.033168 0.034027
1.97952 0.02695 0.034027
1.9896 0.020836 0.034199
1.98966 0.014238 0.034199
1.97969 0.007947 0.034027
1.97971 0.001727 0.034027
1.9997 -0.004537 0.034371
1.90969 -0.010333 0.032824
1.93965 -0.01625 0.03334
1.93958 -0.022682 0.03334
1.93949 -0.029114 0.03334
1.9294 -0.035025 0.033168
1.92929 -0.04075 0.033168
1.92915 -0.04681 0.033168
1.93898 -0.053145 0.03334
1.92882 -0.058931 0.033168
1.92862 -0.06499 0.033168
1.92841 -0.071048 0.033168
1.93816 -0.077506 0.03334
1.92792 -0.083164 0.033168
1.94763 -0.090144 0.033512
1.94732 -0.096602 0.033512
1.93704 -0.101855 0.03334
1.93671 -0.10794 0.03334
1.93636 -0.114024 0.03334
1.93597 -0.120444 0.03334
1.92561 -0.125873 0.033168
1.94515 -0.133289 0.033512
1.96467 -0.140829 0.033855
1.97419 -0.147747 0.034027
1.97371 -0.153948 0.034027
1.96325 -0.159339 0.033855
1.97271 -0.166346 0.034027
1.98214 -0.173414 0.034199
1.98158 -0.179641 0.034199
1.98101 -0.185865 0.034199
1.99036 -0.193053 0.034371
1.9798 -0.198308 0.034199
1.97917 -0.204527 0.034199
1.97851 -0.210744 0.034199
1.97784 -0.216958 0.034199
1.98709 -0.224292 0.034371
1.89699 -0.22016 0.032824
1.94592 -0.232037 0.033683
1.93526 -0.236935 0.033512
1.93447 -0.243351 0.033512
1.92377 -0.248148 0.03334
1.92299 -0.25419 0.03334
1.93209 -0.261572 0.033512
1.93125 -0.26764 0.033512
1.9403 -0.27511 0.033683
1.92954 -0.279769 0.033512
1.92865 -0.28583 0.033512
1.93763 -0.293384 0.033683
1.93669 -0.29947 0.033683
1.93574 -0.305553 0.033683
1.93477 -0.311633 0.033683
1.92392 -0.316088 0.033512
1.93278 -0.323783 0.033683
1.93169 -0.33019 0.033683
1.91095 -0.332826 0.03334
1.91974 -0.340574 0.033512
1.9285 -0.348381 0.033683
1.95689 -0.359863 0.034199
1.94592 -0.36417 0.034027
1.95459 -0.372151 0.034199
1.95341 -0.37829 0.034199
1.96203 -0.386357 0.034371
1.9608 -0.392519 0.034371
1.94976 -0.396684 0.034199
1.96809 -0.406855 0.034543
1.9668 -0.413036 0.034543
1.95572 -0.417127 0.034371
1.9544 -0.423269 0.034371
1.95306 -0.429407 0.034371
1.95162 -0.435881 0.034371
1.93074 -0.43759 0.034027
1.91961 -0.441413 0.033855
1.92795 -0.449713 0.034027
1.92653 -0.455767 0.034027
1.92509 -0.461818 0.034027
1.93334 -0.470226 0.034199
1.91244 -0.471511 0.033855
1.92065 -0.47994 0.034027
1.89975 -0.481063 0.033683
1.89823 -0.487029 0.033683
