2.81051 0.240947 -0.75457
2.80163 0.23132 -0.751986
2.80234 0.222517 -0.751986
2.80302 0.213713 -0.751986
2.81332 0.205609 -0.75457
2.80431 0.196098 -0.751986
2.80491 0.187286 -0.751986
2.80549 0.178472 -0.751986
2.80604 0.169658 -0.751986
2.80126 0.03667 -0.749402
2.81102 0.027967 -0.751986
2.80143 0.019069 -0.749402
2.80148 0.010268 -0.749402
2.8015 0.001466 -0.749402
2.80149 -0.007334 -0.749402
2.81111 -0.016191 -0.751986
2.80139 -0.024447 -0.749402
2.8013 -0.033737 -0.749402
2.80451 -0.19316 -0.751986
2.80389 -0.201969 -0.751986
2.80325 -0.210777 -0.751986
2.8122 -0.220337 -0.75457
2.8115 -0.229171 -0.75457
2.80114 -0.237187 -0.751986
2.80038 -0.245986 -0.751986
2.80105 -0.407131 -0.757154
2.85374 0.417333 -0.666046
2.82735 0.395346 -0.659296
2.84789 0.389099 -0.663796
2.83944 0.378862 -0.661546
2.85028 0.371199 -0.663796
2.85143 0.362242 -0.663796
2.87189 0.355677 -0.668297
2.8343 0.341984 -0.659296
2.85472 0.335352 -0.663796
2.85581 0.325884 -0.663796
2.86651 0.317984 -0.666046
2.86755 0.308477 -0.666046
2.86845 0.299967 -0.666046
2.85968 0.289972 -0.663796
2.87028 0.281939 -0.666046
2.88085 0.273842 -0.668297
2.82348 0.259441 -0.654796
2.83399 0.25143 -0.657046
2.85418 0.244189 -0.661546
2.84522 0.23442 -0.659296
2.85565 0.226249 -0.661546
2.84664 0.216538 -0.659296
2.8473 0.207595 -0.659296
2.85766 0.199326 -0.661546
2.84855 0.1897 -0.659296
2.83941 0.180133 -0.657046
2.84969 0.171798 -0.659296
2.84048 0.16229 -0.657046
2.85071 0.15389 -0.659296
2.85118 0.144934 -0.659296
2.85162 0.135975 -0.659296
2.86177 0.12745 -0.661546
2.86215 0.118459 -0.661546
2.86253 0.108966 -0.661546
2.85312 0.099633 -0.659296
2.86317 0.090479 -0.661546
2.86343 0.081984 -0.661546
2.87341 0.073236 -0.663796
2.86389 0.06399 -0.661546
2.82511 0.054245 -0.652545
2.85449 0.045838 -0.659296
2.86437 0.036997 -0.661546
2.85472 0.027903 -0.659296
2.84505 0.018869 -0.657046
2.85484 0.009966 -0.659296
2.85486 0.000996 -0.659296
2.84511 -0.007945 -0.657046
2.84507 -0.016883 -0.657046
2.85475 -0.025411 -0.659296
2.8449 -0.034759 -0.657046
2.84477 -0.044193 -0.657046
2.83471 -0.061359 -0.654796
2.86372 -0.070988 -0.661546
2.86349 -0.079984 -0.661546
2.86322 -0.08898 -0.661546
2.86293 -0.097975 -0.661546
2.86261 -0.106968 -0.661546
2.85252 -0.115566 -0.659296
2.86188 -0.124952 -0.661546
2.86145 -0.134442 -0.661546
2.87074 -0.143919 -0.663796
2.81192 -0.149335 -0.650295
2.8406 -0.160306 -0.657046
2.85953 -0.170388 -0.661546
2.84926 -0.178761 -0.659296
2.85841 -0.188352 -0.661546
2.84808 -0.19666 -0.659296
2.85717 -0.206308 -0.661546
2.84679 -0.214551 -0.659296
2.8461 -0.223493 -0.659296
2.85509 -0.233226 -0.661546
2.85435 -0.242195 -0.661546
2.85357 -0.251161 -0.661546
2.85194 -0.269085 -0.661546
2.87047 -0.279935 -0.666046
2.87928 -0.289928 -0.668297
2.87835 -0.298972 -0.668297
2.8774 -0.308013 -0.668297
2.8861 -0.318118 -0.670547
2.88509 -0.327184 -0.670547
2.88404 -0.336246 -0.670547
2.88297 -0.345305 -0.670547
2.86247 -0.352482 -0.666046
2.81301 -0.355366 -0.654796
2.85054 -0.369208 -0.663796
2.84936 -0.378162 -0.663796
2.84816 -0.387111 -0.663796
2.85658 -0.3974 -0.666046
2.85532 -0.406372 -0.666046
2.84439 -0.413937 -0.663796
2.84307 -0.422871 -0.663796
2.85136 -0.433264 -0.666046
2.84999 -0.44222 -0.666046
2.84858 -0.451171 -0.666046
2.84715 -0.460118 -0.666046
2.84569 -0.46906 -0.666046
2.8442 -0.477998 -0.666046
2.833 -0.485781 -0.663796
2.85066 -0.498032 -0.668297
2.84908 -0.506985 -0.668297
2.89663 0.404517 -0.57124
2.94651 0.402049 -0.580824
2.95748 0.394087 -0.582741
2.94897 0.383529 -0.580824
2.9599 0.375497 -0.582741
2.96107 0.366197 -0.582741
2.9622 0.356891 -0.582741
2.95356 0.346441 -0.580824
2.95469 0.336645 -0.580824
2.94598 0.32628 -0.578908
2.94705 0.316509 -0.578908
2.95774 0.308782 -0.580824
2.94893 0.298501 -0.578908
2.94985 0.289236 -0.578908
2.97028 0.28182 -0.582741
2.94183 0.269799 -0.576991
2.96222 0.262286 -0.580824
2.95403 0.242866 -0.578908
2.96456 0.234357 -0.580824
2.94571 0.223557 -0.576991
2.9464 0.214303 -0.576991
2.94706 0.205044 -0.576991
2.95748 0.196436 -0.578908
2.95808 0.187143 -0.578908
2.93906 0.176672 -0.575074
2.9396 0.167438 -0.575074
2.93031 0.157674 -0.573157
2.94059 0.148964 -0.575074
2.97046 0.141122 -0.580824
2.96108 0.131355 -0.578908
2.96148 0.122052 -0.578908
2.95206 0.111859 -0.576991
2.9524 0.102584 -0.576991
2.95272 0.092793 -0.576991
2.95299 0.084032 -0.576991
2.96305 0.075003 -0.578908
2.94364 0.065258 -0.575074
2.94383 0.056011 -0.575074
2.95381 0.046917 -0.576991
2.94413 0.037513 -0.575074
2.95404 0.028358 -0.576991
2.9443 0.019013 -0.575074
2.93454 0.009732 -0.573157
2.94437 0.000513 -0.575074
2.95417 -0.008765 -0.576991
2.9345 -0.017926 -0.573157
2.95406 -0.026811 -0.576991
2.93433 -0.036364 -0.573157
2.93419 -0.046094 -0.573157
2.90459 -0.054757 -0.567406
2.94367 -0.064231 -0.575074
2.95326 -0.073723 -0.576991
2.9432 -0.082725 -0.575074
2.95274 -0.092278 -0.576991
2.95243 -0.101554 -0.576991
2.9521 -0.110828 -0.576991
2.95174 -0.120102 -0.576991
2.95135 -0.129375 -0.576991
2.96071 -0.139623 -0.578908
2.95045 -0.148431 -0.576991
2.93039 -0.15614 -0.573157
2.93912 -0.175646 -0.575074
2.93856 -0.184878 -0.575074
2.93796 -0.194109 -0.575074
2.95692 -0.204694 -0.578908
2.93668 -0.212565 -0.575074
2.94579 -0.222529 -0.576991
2.94507 -0.231782 -0.576991
2.94433 -0.241033 -0.576991
2.95334 -0.251114 -0.578908
2.91343 -0.256942 -0.57124
2.94193 -0.268772 -0.576991
2.95084 -0.278937 -0.578908
2.95972 -0.28916 -0.580824
2.9588 -0.298457 -0.580824
2.94808 -0.306735 -0.578908
2.95686 -0.317041 -0.580824
2.94609 -0.325252 -0.578908
2.94506 -0.334506 -0.578908
2.94399 -0.343756 -0.578908
2.93315 -0.351834 -0.576991
2.94171 -0.36276 -0.578908
2.93937 -0.381236 -0.578908
2.95762 -0.393055 -0.582741
2.93692 -0.399698 -0.578908
2.93565 -0.408922 -0.578908
2.94407 -0.419527 -0.580824
2.94274 -0.428774 -0.580824
2.94138 -0.438017 -0.580824
2.93998 -0.447255 -0.580824
2.94826 -0.457996 -0.582741
2.90804 -0.461108 -0.575074
2.94533 -0.476511 -0.582741
2.94381 -0.485762 -0.582741
2.94228 -0.495008 -0.582741
2.93094 -0.503102 -0.580824
2.92935 -0.512307 -0.580824
2.94787 0.382862 -0.472834
3.02744 0.383528 -0.485401
3.03843 0.375226 -0.486972
3.02979 0.364498 -0.485401
3.03092 0.354979 -0.485401
3.03208 0.344926 -0.485401
3.05278 0.337569 -0.488543
3.04406 0.326392 -0.486972
3.0352 0.316334 -0.485401
3.046 0.30779 -0.486972
3.05678 0.299182 -0.488543
3.05771 0.289576 -0.488543
3.03893 0.278169 -0.485401
3.04963 0.269489 -0.486972
3.00126 0.255716 -0.479118
3.05126 0.250324 -0.486972
3.04219 0.239959 -0.485401
3.04293 0.230401 -0.485401
3.03379 0.220126 -0.48383
3.05417 0.211961 -0.486972
3.05482 0.202366 -0.486972
3.04558 0.192145 -0.485401
3.04617 0.182577 -0.485401
3.03687 0.172447 -0.48383
3.0374 0.162904 -0.48383
3.04776 0.15386 -0.485401
3.02849 0.143349 -0.482259
3.02893 0.133835 -0.482259
3.02934 0.124319 -0.482259
3.02973 0.114272 -0.482259
3.03008 0.104754 -0.482259
3.03041 0.094704 -0.482259
3.03067 0.085713 -0.482259
3.03093 0.076192 -0.482259
3.03115 0.066669 -0.482259
3.03135 0.057147 -0.482259
3.04138 0.047777 -0.48383
3.05139 0.038347 -0.485401
3.0515 0.028761 -0.485401
3.0417 0.019112 -0.48383
3.04175 0.009556 -0.48383
3.05164 -0 -0.485401
3.05162 -0.009587 -0.485401
3.06145 -0.019236 -0.486972
3.04163 -0.028137 -0.48383
3.04152 -0.038223 -0.48383
3.05125 -0.048466 -0.485401
3.02146 -0.057487 -0.480689
3.02128 -0.066452 -0.480689
3.03093 -0.076192 -0.482259
3.03067 -0.085713 -0.482259
3.03039 -0.095234 -0.482259
3.03008 -0.104754 -0.482259
3.01986 -0.1139 -0.480689
3.02936 -0.12379 -0.482259
3.02895 -0.133306 -0.482259
3.02849 -0.14335 -0.482259
3.03789 -0.153361 -0.48383
3.04729 -0.162902 -0.485401
3.03687 -0.172446 -0.48383
3.04617 -0.182576 -0.485401
3.04558 -0.192145 -0.485401
3.04496 -0.201712 -0.485401
3.05417 -0.211961 -0.486972
3.05348 -0.221555 -0.486972
3.05277 -0.231147 -0.486972
3.04219 -0.23996 -0.485401
3.04142 -0.249516 -0.485401
3.04062 -0.259069 -0.485401
3.02995 -0.267751 -0.48383
3.0291 -0.277269 -0.48383
3.02821 -0.286784 -0.48383
3.0273 -0.296295 -0.48383
3.046 -0.30779 -0.486972
3.0352 -0.316334 -0.485401
3.03419 -0.325868 -0.485401
3.03315 -0.335399 -0.485401
3.04189 -0.346042 -0.486972
3.04079 -0.355597 -0.486972
3.04946 -0.366326 -0.488543
3.02863 -0.374015 -0.485401
3.03724 -0.384769 -0.486972
3.03601 -0.394309 -0.486972
3.04455 -0.405148 -0.488543
3.04326 -0.414711 -0.488543
3.05172 -0.425634 -0.490114
3.0406 -0.433824 -0.488543
3.04899 -0.4448 -0.490114
3.04758 -0.454376 -0.490114
3.01684 -0.459487 -0.485401
3.0349 -0.471998 -0.488543
3.04316 -0.483078 -0.490114
3.03188 -0.491057 -0.488543
3.03032 -0.50058 -0.488543
3.019 -0.508457 -0.486972
3.08074 0.399572 -0.382492
3.07213 0.388645 -0.38127
3.10289 0.382636 -0.384936
3.08437 0.370518 -0.382492
3.09537 0.36198 -0.383714
3.07683 0.349473 -0.38127
3.10751 0.343072 -0.384936
3.1185 0.333822 -0.386158
3.10961 0.32354 -0.384936
3.12048 0.314766 -0.386158
3.11158 0.303997 -0.384936
3.1224 0.295153 -0.386158
3.12331 0.285343 -0.386158
3.1143 0.274657 -0.384936
3.11515 0.264872 -0.384936
3.04672 0.249416 -0.376382
3.09697 0.243736 -0.382492
3.08782 0.233258 -0.38127
3.08854 0.223557 -0.38127
3.08922 0.213852 -0.38127
3.08988 0.204147 -0.38127
3.09051 0.194438 -0.38127
3.0911 0.184728 -0.38127
3.09167 0.175017 -0.38127
3.0922 0.165302 -0.38127
3.08279 0.155089 -0.380048
3.11301 0.146805 -0.383714
3.10354 0.136589 -0.382492
3.12378 0.127649 -0.384936
3.13411 0.117661 -0.386158
3.12454 0.107474 -0.384936
3.12488 0.097111 -0.384936
3.13508 0.088118 -0.386158
3.12542 0.078022 -0.384936
3.12565 0.068202 -0.384936
3.12585 0.058382 -0.384936
3.04662 0.047328 -0.37516
3.1063 0.038495 -0.382492
3.09648 0.028645 -0.38127
3.09656 0.018916 -0.38127
3.08668 0.009159 -0.380048
3.09662 -0.00054 -0.38127
3.08667 -0.010236 -0.380048
3.08663 -0.019933 -0.380048
3.08655 -0.02963 -0.380048
3.08643 -0.039865 -0.380048
3.08629 -0.049561 -0.380048
3.09605 -0.059447 -0.38127
3.1157 -0.069073 -0.383714
3.12539 -0.079112 -0.384936
3.11521 -0.088648 -0.383714
3.12483 -0.098748 -0.384936
3.11459 -0.10822 -0.383714
3.11423 -0.118004 -0.383714
3.11385 -0.127787 -0.383714
3.10351 -0.13713 -0.382492
3.11296 -0.147892 -0.383714
3.04309 -0.154156 -0.37516
3.10208 -0.166374 -0.382492
3.0817 -0.175531 -0.380048
3.09104 -0.185807 -0.38127
3.09044 -0.195517 -0.38127
3.08981 -0.205225 -0.38127
3.08915 -0.214931 -0.38127
3.08846 -0.224634 -0.38127
3.08774 -0.234336 -0.38127
3.09688 -0.244817 -0.382492
3.0862 -0.253732 -0.38127
3.08539 -0.263426 -0.38127
3.11421 -0.275744 -0.384936
3.12321 -0.286433 -0.386158
3.12229 -0.296243 -0.386158
3.11147 -0.305082 -0.384936
3.12037 -0.315855 -0.386158
3.11936 -0.325657 -0.386158
3.11832 -0.335455 -0.386158
3.11726 -0.34525 -0.386158
3.12602 -0.356165 -0.38738
3.06574 -0.359056 -0.380048
3.10401 -0.373428 -0.384936
3.0929 -0.382501 -0.383714
3.09169 -0.392216 -0.383714
3.09044 -0.401927 -0.383714
3.099 -0.412944 -0.384936
3.08785 -0.421336 -0.383714
3.08651 -0.431035 -0.383714
3.09497 -0.442133 -0.384936
3.09357 -0.451854 -0.384936
3.09213 -0.46157 -0.384936
3.09067 -0.471282 -0.384936
3.08917 -0.48099 -0.384936
3.09745 -0.49225 -0.386158
3.09588 -0.501978 -0.386158
3.07471 -0.508463 -0.383714
3.08457 0.379831 -0.27485
3.20443 0.384374 -0.285421
3.22548 0.376053 -0.287183
3.22664 0.365919 -0.287183
3.20804 0.353037 -0.285421
3.21903 0.344016 -0.286302
3.21013 0.333433 -0.285421
3.21116 0.323347 -0.285421
3.20225 0.312291 -0.28454
3.1933 0.301293 -0.283659
3.19423 0.29126 -0.283659
3.18521 0.280349 -0.282778
3.196 0.271184 -0.283659
3.19683 0.261143 -0.283659
3.18922 0.230285 -0.282778
3.19986 0.22095 -0.283659
3.20054 0.210897 -0.283659
3.20119 0.20084 -0.283659
3.2018 0.190783 -0.283659
3.20239 0.180724 -0.283659
3.20294 0.170662 -0.283659
3.20346 0.160599 -0.283659
3.1343 0.147261 -0.277492
3.19445 0.140032 -0.282778
3.20485 0.129841 -0.283659
3.20525 0.119772 -0.283659
3.19567 0.108804 -0.282778
3.20595 0.09907 -0.283659
3.19627 0.08928 -0.282778
3.19654 0.079239 -0.282778
3.19677 0.069195 -0.282778
3.18701 0.058968 -0.281897
3.19714 0.049108 -0.282778
3.20743 0.019033 -0.283659
3.17759 0.008874 -0.281016
3.1776 -0.001109 -0.281016
3.18754 -0.011127 -0.281897
3.17753 -0.021074 -0.281016
3.19737 -0.031252 -0.282778
3.18729 -0.041724 -0.281897
3.1473 -0.05109 -0.278373
3.18696 -0.061749 -0.281897
3.2266 -0.072095 -0.285421
3.22636 -0.082231 -0.285421
3.21613 -0.092082 -0.28454
3.20586 -0.101868 -0.283659
3.20553 -0.111939 -0.283659
3.19521 -0.12163 -0.282778
3.19481 -0.131668 -0.282778
3.18443 -0.141263 -0.281897
3.18394 -0.151822 -0.281897
3.19231 -0.182391 -0.282778
3.19173 -0.192419 -0.282778
3.1911 -0.202445 -0.282778
3.19045 -0.212469 -0.282778
3.19971 -0.223184 -0.283659
3.17912 -0.231787 -0.281897
3.19824 -0.243284 -0.283659
3.21732 -0.254904 -0.285421
3.12716 -0.257649 -0.277492
3.19581 -0.273415 -0.283659
3.19493 -0.283454 -0.283659
3.20394 -0.294401 -0.28454
3.20301 -0.304465 -0.28454
3.19212 -0.313552 -0.283659
3.19112 -0.323579 -0.283659
3.19999 -0.334639 -0.28454
3.18902 -0.343623 -0.283659
3.19783 -0.354738 -0.28454
3.1967 -0.364783 -0.28454
3.18445 -0.383669 -0.283659
3.19305 -0.395452 -0.28454
3.19179 -0.405481 -0.28454
3.1905 -0.415506 -0.28454
3.18918 -0.425527 -0.28454
3.18783 -0.435544 -0.28454
3.19631 -0.446936 -0.285421
3.18503 -0.455565 -0.28454
3.11459 -0.455479 -0.278373
3.19195 -0.477041 -0.285421
3.20029 -0.488569 -0.286302
3.19873 -0.498621 -0.286302
3.18732 -0.507102 -0.285421
3.26216 0.390721 -0.172489
3.28328 0.382211 -0.173538
3.27454 0.370771 -0.173013
3.27575 0.35991 -0.173013
3.26693 0.348558 -0.172489
3.27789 0.339892 -0.173013
3.30875 0.33259 -0.174586
3.31971 0.323162 -0.175111
3.31077 0.311794 -0.174586
3.31173 0.301392 -0.174586
3.30272 0.290111 -0.174062
3.31356 0.280577 -0.174586
3.30447 0.269355 -0.174062
3.27544 0.256632 -0.172489
3.27623 0.246341 -0.172489
3.26702 0.23533 -0.171965
3.25779 0.224378 -0.171441
3.26844 0.214798 -0.171965
3.2691 0.204528 -0.171965
3.26972 0.194256 -0.171965
3.27032 0.183985 -0.171965
3.27088 0.173709 -0.171965
3.27141 0.163433 -0.171965
3.26193 0.152687 -0.171441
3.31228 0.144617 -0.174062
3.27283 0.132023 -0.171965
3.29318 0.122482 -0.173013
3.30355 0.1119 -0.173538
3.30389 0.10152 -0.173538
3.29419 0.09144 -0.173013
3.30445 0.081337 -0.173538
3.31467 0.071169 -0.174062
3.27494 0.060024 -0.171965
3.27511 0.049734 -0.171965
3.26527 0.039325 -0.171441
3.27536 0.029156 -0.171965
3.27543 0.018865 -0.171965
3.26549 0.00855 -0.171441
3.27549 -0.001715 -0.171965
3.26548 -0.011969 -0.171441
3.26543 -0.022227 -0.171441
3.27533 -0.032585 -0.171965
3.26521 -0.043314 -0.171441
3.25508 -0.053408 -0.170916
3.27486 -0.064024 -0.171965
3.27466 -0.073741 -0.171965
3.27441 -0.084028 -0.171965
3.26415 -0.094027 -0.171441
3.26384 -0.104281 -0.171441
3.26349 -0.114534 -0.171441
3.26312 -0.124786 -0.171441
3.26271 -0.135037 -0.171441
3.27224 -0.14573 -0.171965
3.27174 -0.156581 -0.171965
3.26126 -0.16635 -0.171441
3.26072 -0.176595 -0.171441
3.27012 -0.187409 -0.171965
3.26952 -0.197681 -0.171965
3.25891 -0.207318 -0.171441
3.26821 -0.21822 -0.171965
3.27747 -0.229183 -0.172489
3.26678 -0.238751 -0.171965
3.27597 -0.249771 -0.172489
3.25526 -0.258481 -0.171441
3.26438 -0.269528 -0.171965
3.27347 -0.280635 -0.172489
3.26262 -0.290033 -0.171965
3.27164 -0.301197 -0.172489
3.28062 -0.312421 -0.173013
3.26968 -0.321748 -0.172489
3.26866 -0.332018 -0.172489
3.2676 -0.342285 -0.172489
3.26651 -0.352549 -0.172489
3.27531 -0.363912 -0.173013
3.2543 -0.371932 -0.171965
3.26304 -0.383319 -0.172489
3.27173 -0.394764 -0.173013
3.2704 -0.405612 -0.173013
3.26911 -0.415884 -0.173013
3.27769 -0.427443 -0.173538
3.27634 -0.437738 -0.173538
3.26505 -0.446676 -0.173013
3.28341 -0.4597 -0.174062
3.26218 -0.467182 -0.173013
3.28046 -0.480321 -0.174062
3.26905 -0.489147 -0.173538
3.27737 -0.500923 -0.174062
3.24618 -0.506598 -0.172489
3.31837 0.375148 -0.057399
3.37923 0.370682 -0.05843
3.38037 0.360065 -0.05843
3.37155 0.348415 -0.058259
3.37262 0.337822 -0.058259
3.37367 0.327225 -0.058259
3.38463 0.317558 -0.05843
3.3657 0.305117 -0.058087
3.36664 0.294542 -0.058087
3.36755 0.283965 -0.058087
3.36842 0.273385 -0.058087
3.36927 0.2628 -0.058087
3.36011 0.251467 -0.057915
3.37085 0.241627 -0.058087
3.38157 0.231718 -0.058259
3.36233 0.21979 -0.057915
3.37298 0.209846 -0.058087
3.37362 0.199247 -0.058087
3.36425 0.188092 -0.057915
3.37481 0.178047 -0.058087
3.36536 0.166949 -0.057915
3.36587 0.156375 -0.057915
3.36635 0.145801 -0.057915
3.36679 0.135225 -0.057915
3.3672 0.124646 -0.057915
3.37758 0.113817 -0.058087
3.36793 0.102899 -0.057915
3.37823 0.092593 -0.058087
3.36851 0.081737 -0.057915
3.35876 0.070942 -0.057743
3.37895 0.060749 -0.058087
3.37913 0.050134 -0.058087
3.37927 0.039518 -0.058087
3.36938 0.028817 -0.057915
3.36945 0.018231 -0.057915
3.36949 0.007644 -0.057915
3.3695 -0.00294 -0.057915
3.36948 -0.012938 -0.057915
3.35942 -0.023454 -0.057743
3.37933 -0.03421 -0.058087
3.3692 -0.045281 -0.057915
3.36904 -0.055866 -0.057915
3.36885 -0.06645 -0.057915
3.36862 -0.077033 -0.057915
3.36836 -0.087615 -0.057915
3.37807 -0.098488 -0.058087
3.36775 -0.108778 -0.057915
3.36739 -0.119357 -0.057915
3.37699 -0.130321 -0.058087
3.36657 -0.140513 -0.057915
3.36611 -0.151088 -0.057915
3.37561 -0.162142 -0.058087
3.3651 -0.172235 -0.057915
3.37452 -0.183348 -0.058087
3.36395 -0.193375 -0.057915
3.37327 -0.205136 -0.058087
3.37261 -0.215733 -0.058087
3.37191 -0.226327 -0.058087
3.37119 -0.236919 -0.058087
3.3804 -0.248241 -0.058259
3.35966 -0.257332 -0.057915
3.35884 -0.267886 -0.057915
3.36794 -0.279263 -0.058087
3.37701 -0.290699 -0.058259
3.37608 -0.301307 -0.058259
3.37512 -0.311912 -0.058259
3.37412 -0.322514 -0.058259
3.37309 -0.333112 -0.058259
3.37203 -0.343707 -0.058259
3.38088 -0.355344 -0.05843
3.3698 -0.364887 -0.058259
3.37858 -0.37658 -0.05843
3.37738 -0.387192 -0.05843
3.37614 -0.3978 -0.05843
3.37488 -0.408405 -0.05843
3.36358 -0.41836 -0.058259
3.37217 -0.43019 -0.05843
3.38071 -0.442079 -0.058602
3.38922 -0.454025 -0.058774
3.37787 -0.463311 -0.058602
3.3764 -0.473921 -0.058602
3.37489 -0.484526 -0.058602
3.37335 -0.495126 -0.058602
3.38167 -0.507204 -0.058774
3.34053 -0.511769 -0.058087
3.45933 0.373971 0.059805
3.48146 -0.515959 0.060493
