2.42348 1.62422 -0.780412
2.47682 1.64872 -0.795916
2.44976 1.61961 -0.78558
2.45483 1.61191 -0.78558
2.45179 1.59891 -0.782996
2.4487 1.58595 -0.780412
2.46179 1.58348 -0.782996
2.45861 1.57053 -0.780412
2.46354 1.5628 -0.780412
2.45209 1.54476 -0.775243
2.46512 1.54217 -0.777827
2.45354 1.52422 -0.772659
2.46654 1.52158 -0.775243
2.4713 1.51382 -0.775243
2.45954 1.49601 -0.770075
2.45596 1.48328 -0.767491
2.46035 1.47599 -0.767491
2.46497 1.46825 -0.767491
2.45294 1.45067 -0.762323
2.44916 1.43806 -0.759738
2.45366 1.43036 -0.759738
2.46651 1.42748 -0.762323
2.45423 1.4101 -0.757154
2.45864 1.40239 -0.757154
2.46304 1.39465 -0.757154
2.46741 1.38691 -0.757154
2.48863 1.38856 -0.762323
2.48452 1.37606 -0.759738
2.4973 1.3729 -0.762323
2.49312 1.36042 -0.759738
2.49738 1.35258 -0.759738
2.49311 1.34016 -0.757154
2.49731 1.33232 -0.757154
2.49294 1.31995 -0.75457
2.44577 1.28515 -0.739065
2.45836 1.28192 -0.741649
2.46237 1.27419 -0.741649
2.46637 1.26645 -0.741649
2.47033 1.2587 -0.741649
2.46565 1.24657 -0.739065
2.46956 1.23882 -0.739065
2.46479 1.22675 -0.736481
2.47729 1.22328 -0.739065
2.46377 1.20699 -0.733897
2.47624 1.20347 -0.736481
2.48871 1.19988 -0.739065
2.48375 1.18788 -0.736481
2.4962 1.18422 -0.739065
2.49991 1.17637 -0.739065
2.50359 1.16851 -0.739065
2.49848 1.15658 -0.736481
2.5021 1.14872 -0.736481
2.5057 1.14086 -0.736481
2.50047 1.129 -0.733897
2.50381 1.12158 -0.733897
2.49849 1.10979 -0.731313
2.47544 1.09025 -0.72356
2.47885 1.08247 -0.72356
2.47357 1.07041 -0.720976
2.47692 1.06263 -0.720976
2.48024 1.05484 -0.720976
2.47464 1.04329 -0.718392
2.47773 1.03595 -0.718392
2.47204 1.02446 -0.715808
2.47525 1.01669 -0.715808
2.46949 1.00526 -0.713224
2.48159 1.00112 -0.715808
2.47575 0.98973 -0.713224
2.47885 0.981946 -0.713224
2.48209 0.97372 -0.713224
2.51215 0.976417 -0.720976
2.50619 0.965049 -0.718392
2.51807 0.961054 -0.720976
2.51204 0.949722 -0.718392
2.51501 0.941824 -0.718392
2.5089 0.93056 -0.715808
2.51181 0.922674 -0.715808
2.50562 0.911476 -0.713224
2.50847 0.903599 -0.713224
2.484 0.885977 -0.705471
2.49588 0.881388 -0.708056
2.4804 0.867165 -0.702887
2.49239 0.862092 -0.705471
2.48595 0.851129 -0.702887
2.48846 0.84375 -0.702887
2.48194 0.832856 -0.700303
2.48454 0.825054 -0.700303
2.48712 0.817243 -0.700303
2.48968 0.809426 -0.700303
2.48301 0.798643 -0.697719
2.48551 0.790839 -0.697719
2.48798 0.783026 -0.697719
2.49043 0.775205 -0.697719
2.48362 0.764536 -0.695135
2.48601 0.75673 -0.695135
2.46987 0.743349 -0.689966
2.46294 0.73283 -0.687382
2.49603 1.68359 -0.695298
2.41227 1.61609 -0.670547
2.43355 1.6193 -0.675047
2.47114 1.63313 -0.684048
2.46812 1.62002 -0.681798
2.47319 1.61225 -0.681798
2.46688 1.58615 -0.677297
2.47185 1.57839 -0.677297
2.46034 1.56018 -0.672797
2.46523 1.55244 -0.672797
2.47836 1.54985 -0.675047
2.47494 1.53692 -0.672797
2.47975 1.52914 -0.672797
2.47624 1.51625 -0.670547
2.48099 1.50847 -0.670547
2.47344 1.48326 -0.666046
2.49484 1.48545 -0.670547
2.49949 1.47761 -0.670547
2.51252 1.47468 -0.672797
2.50031 1.45697 -0.668297
2.50487 1.4491 -0.668297
2.50096 1.43637 -0.666046
2.48853 1.41886 -0.661546
2.42514 1.37264 -0.643545
2.46342 1.3841 -0.652545
2.49329 1.39059 -0.659296
2.48059 1.37332 -0.654796
2.47636 1.36082 -0.652545
2.48062 1.35304 -0.652545
2.47629 1.3406 -0.650295
2.48049 1.33281 -0.650295
2.47607 1.32043 -0.648045
2.4802 1.31264 -0.648045
2.48431 1.30485 -0.648045
2.4665 1.27578 -0.641295
2.4965 1.28138 -0.648045
2.49183 1.2691 -0.645795
2.5045 1.26566 -0.648045
2.49976 1.25342 -0.645795
2.50368 1.24556 -0.645795
2.50758 1.23769 -0.645795
2.49396 1.22124 -0.641295
2.49778 1.2134 -0.641295
2.44892 1.18016 -0.627794
2.48777 1.18927 -0.636794
2.4915 1.18145 -0.636794
2.4952 1.17362 -0.636794
2.49004 1.16165 -0.634544
2.50252 1.15792 -0.636794
2.49729 1.14599 -0.634544
2.49201 1.1341 -0.632294
2.49556 1.12627 -0.632294
2.49 1.11487 -0.630044
2.48459 1.10309 -0.627794
2.49696 1.09921 -0.630044
2.48612 1.07532 -0.625544
2.50739 1.07519 -0.630044
2.50179 1.06349 -0.627794
2.50512 1.05563 -0.627794
2.49925 1.04444 -0.625544
2.50252 1.03658 -0.625544
2.49675 1.02501 -0.623293
2.51801 1.02451 -0.627794
2.51218 1.01295 -0.625544
2.49725 0.997819 -0.621043
2.46414 0.975621 -0.612043
2.50364 0.98167 -0.621043
2.49763 0.970272 -0.618793
2.50067 0.962421 -0.618793
2.50351 0.954998 -0.618793
2.49739 0.943683 -0.616543
2.50034 0.935832 -0.616543
2.50327 0.927973 -0.616543
2.50617 0.920105 -0.616543
2.49989 0.908897 -0.614293
2.50273 0.901039 -0.614293
2.50555 0.893172 -0.614293
2.49272 0.870984 -0.609792
2.5048 0.865896 -0.612043
2.50751 0.858023 -0.612043
2.51927 0.853707 -0.614293
2.52194 0.845789 -0.614293
2.50609 0.831723 -0.609792
2.49943 0.820805 -0.607542
2.502 0.812949 -0.607542
2.50454 0.805085 -0.607542
2.49777 0.794261 -0.605292
2.49096 0.783486 -0.603042
2.49341 0.775656 -0.603042
2.51446 0.773549 -0.607542
2.50756 0.762811 -0.605292
2.49128 0.749317 -0.600792
2.4656 0.733154 -0.594041
2.43013 1.62744 -0.57124
2.42705 1.61436 -0.569323
2.48944 1.6446 -0.582741
2.47818 1.626 -0.578908
2.4915 1.62357 -0.580824
2.48835 1.6104 -0.578908
2.4934 1.60258 -0.578908
2.49842 1.59473 -0.578908
2.49513 1.58162 -0.576991
2.48347 1.56332 -0.573157
2.48005 1.55031 -0.57124
2.47657 1.53733 -0.569323
2.48974 1.53469 -0.57124
2.46943 1.51149 -0.565489
2.49095 1.51392 -0.569323
2.49569 1.50609 -0.569323
2.51698 1.50877 -0.573157
2.51328 1.49584 -0.57124
2.51796 1.48793 -0.57124
2.5057 1.47008 -0.567406
2.5103 1.4622 -0.567406
2.50639 1.4494 -0.565489
2.51093 1.44151 -0.565489
2.50692 1.42876 -0.563572
2.49431 1.41121 -0.559738
2.50729 1.40817 -0.561655
2.49032 1.37814 -0.555905
2.49464 1.37031 -0.555905
2.49031 1.35776 -0.553988
2.49457 1.34993 -0.553988
2.4988 1.34209 -0.553988
2.51166 1.33885 -0.555905
2.50718 1.32636 -0.553988
2.48527 1.3048 -0.548237
2.46324 1.28338 -0.542486
2.51957 1.30268 -0.553988
2.51492 1.29027 -0.552071
2.51021 1.27791 -0.550154
2.50545 1.2656 -0.548237
2.50064 1.25332 -0.54632
2.50457 1.24546 -0.54632
2.49967 1.23324 -0.544403
2.50353 1.22538 -0.544403
2.49854 1.21322 -0.542486
2.50234 1.20537 -0.542486
2.50611 1.1975 -0.542486
2.5047 1.17756 -0.540569
2.50839 1.16968 -0.540569
2.49424 1.15356 -0.536736
2.49785 1.14571 -0.536736
2.50144 1.13786 -0.536736
2.505 1.13 -0.536736
2.50834 1.12256 -0.536736
2.49391 1.10671 -0.532902
2.49738 1.09887 -0.532902
2.47383 1.07925 -0.527151
2.52244 1.09051 -0.536736
2.52585 1.08258 -0.536736
2.52021 1.0708 -0.534819
2.52356 1.06288 -0.534819
2.5267 1.05539 -0.534819
2.53 1.04745 -0.534819
2.5242 1.03577 -0.532902
2.52745 1.02783 -0.532902
2.53066 1.01989 -0.532902
2.52474 1.00829 -0.530985
2.50964 0.993131 -0.527151
2.516 0.976903 -0.527151
2.5099 0.965471 -0.525234
2.52192 0.961516 -0.527151
2.51575 0.950121 -0.525234
2.51872 0.942212 -0.525234
2.51247 0.930887 -0.523317
2.52459 0.926369 -0.525234
2.50904 0.911729 -0.5214
2.50266 0.900519 -0.519483
2.50548 0.892652 -0.519483
2.48976 0.878248 -0.515649
2.52957 0.883364 -0.523317
2.52321 0.871765 -0.5214
2.52593 0.863835 -0.5214
2.51919 0.853189 -0.519483
2.52186 0.845271 -0.519483
2.5245 0.837343 -0.519483
2.53644 0.832468 -0.5214
2.52971 0.821464 -0.519483
2.52293 0.810512 -0.517566
2.53482 0.805555 -0.519483
2.51861 0.7917 -0.515649
2.52109 0.783783 -0.515649
2.52354 0.77586 -0.515649
2.52596 0.767928 -0.515649
2.51896 0.757164 -0.513733
2.49311 0.740859 -0.507982
2.56327 1.72765 -0.491685
2.42097 1.6207 -0.463409
2.47539 1.64589 -0.472834
2.51351 1.65988 -0.479118
2.5022 1.64114 -0.475976
2.50734 1.63327 -0.475976
2.52076 1.63075 -0.477547
2.49263 1.60147 -0.471263
2.49765 1.59363 -0.471263
2.50264 1.58578 -0.471263
2.49925 1.57265 -0.469692
2.51256 1.57002 -0.471263
2.50909 1.55691 -0.469692
2.50556 1.54384 -0.468122
2.51882 1.54112 -0.469692
2.51521 1.52807 -0.468122
2.5245 1.51267 -0.468122
2.52923 1.50474 -0.468122
2.51694 1.48674 -0.46498
2.50456 1.46883 -0.461838
2.5177 1.46592 -0.463409
2.52229 1.45801 -0.463409
2.52686 1.45008 -0.463409
2.52282 1.43724 -0.461838
2.45855 1.39042 -0.449271
2.51458 1.41169 -0.458696
2.52763 1.40859 -0.460267
2.5234 1.39587 -0.458696
2.51912 1.38318 -0.457125
2.53212 1.37998 -0.458696
2.52776 1.36732 -0.457125
2.53204 1.35938 -0.457125
2.52758 1.34677 -0.455555
2.51434 1.32959 -0.452413
2.51851 1.32168 -0.452413
2.51389 1.3092 -0.450842
2.50921 1.29676 -0.449271
2.52206 1.29338 -0.450842
2.52611 1.28545 -0.450842
2.50369 1.26416 -0.446129
2.51648 1.26071 -0.4477
2.51159 1.2484 -0.446129
2.53321 1.24924 -0.449271
2.52825 1.23694 -0.4477
2.52324 1.22468 -0.446129
2.49148 1.1996 -0.439846
2.52197 1.20454 -0.444558
2.51682 1.19238 -0.442988
2.52055 1.18447 -0.442988
2.53321 1.18072 -0.444558
2.53691 1.17275 -0.444558
2.53161 1.16066 -0.442988
2.52625 1.14862 -0.441417
2.52984 1.14067 -0.441417
2.53322 1.13316 -0.441417
2.53677 1.1252 -0.441417
2.53125 1.11325 -0.439846
2.52932 1.09296 -0.438275
2.55089 1.09279 -0.441417
2.52705 1.07319 -0.436704
2.5304 1.06524 -0.436704
2.55178 1.06534 -0.439846
2.55511 1.05732 -0.439846
2.54929 1.04554 -0.438275
2.55256 1.03753 -0.438275
2.54664 1.02581 -0.436704
2.53151 1.01048 -0.433562
2.53467 1.00252 -0.433562
2.53798 0.994113 -0.433562
2.52268 0.97899 -0.43042
2.54418 0.978148 -0.433562
2.53784 0.967078 -0.431991
2.53163 0.955613 -0.43042
2.54387 0.951113 -0.431991
2.53758 0.939688 -0.43042
2.54052 0.931711 -0.43042
2.53415 0.920353 -0.42885
2.53703 0.912388 -0.42885
2.53989 0.904412 -0.42885
2.54552 0.888437 -0.42885
2.52978 0.873543 -0.425708
2.5512 0.87198 -0.42885
2.55378 0.864407 -0.42885
2.56585 0.859517 -0.43042
2.56853 0.851451 -0.43042
2.54305 0.834143 -0.425708
2.55505 0.829199 -0.427279
2.54824 0.818149 -0.425708
2.56021 0.81313 -0.427279
2.53448 0.796202 -0.422566
2.5464 0.791166 -0.424137
2.53943 0.780262 -0.422566
2.54187 0.772281 -0.422566
2.50645 0.752926 -0.416283
2.51827 0.74786 -0.417853
2.47456 1.65595 -0.366606
2.47148 1.64267 -0.365384
2.48491 1.64037 -0.366606
2.48176 1.62711 -0.365384
2.47854 1.61389 -0.364162
2.47526 1.60071 -0.36294
2.4769 1.57978 -0.361718
2.47347 1.56668 -0.360496
2.47838 1.55891 -0.360496
2.47484 1.54585 -0.359274
2.47969 1.53807 -0.359274
2.48451 1.53027 -0.359274
2.48084 1.51728 -0.358052
2.49407 1.51463 -0.359274
2.45632 1.48117 -0.353164
2.48625 1.48917 -0.35683
2.49092 1.48135 -0.35683
2.48701 1.46847 -0.355608
2.48305 1.45563 -0.354386
2.48761 1.44782 -0.354386
2.50074 1.44497 -0.355608
2.48805 1.42723 -0.353164
2.50115 1.42432 -0.354386
2.48833 1.40668 -0.351942
2.48408 1.394 -0.35072
2.49279 1.37837 -0.35072
2.49711 1.37053 -0.35072
2.5014 1.36268 -0.35072
2.49694 1.35009 -0.349498
2.50117 1.34224 -0.349498
2.49661 1.32971 -0.348276
2.492 1.31722 -0.347053
2.49613 1.30938 -0.347053
2.44741 1.27404 -0.339721
2.49549 1.28912 -0.345831
2.49069 1.27675 -0.344609
2.50354 1.27342 -0.345831
2.49867 1.26107 -0.344609
2.49374 1.24877 -0.343387
2.49765 1.24093 -0.343387
2.49264 1.22869 -0.342165
2.49648 1.22085 -0.342165
2.50031 1.213 -0.342165
2.48622 1.19654 -0.339721
2.48997 1.18872 -0.339721
2.50266 1.18514 -0.340943
2.50637 1.17727 -0.340943
2.49206 1.16101 -0.338499
2.4957 1.15317 -0.338499
2.50833 1.14946 -0.339721
2.50289 1.13747 -0.338499
2.49741 1.12552 -0.337277
2.5098 1.12216 -0.338499
2.50424 1.11025 -0.337277
2.50771 1.10238 -0.337277
2.48387 1.08259 -0.333611
2.50567 1.08222 -0.336055
2.49993 1.07044 -0.334833
2.50328 1.06258 -0.334833
2.50661 1.05471 -0.334833
2.50972 1.04727 -0.334833
2.50383 1.03559 -0.333611
2.50707 1.02771 -0.333611
2.51029 1.01983 -0.333611
2.51348 1.01194 -0.333611
2.50743 1.00036 -0.332389
2.50133 0.988831 -0.331167
2.51384 0.984149 -0.332389
2.49841 0.969068 -0.329945
2.5385 0.975455 -0.334833
2.51356 0.957321 -0.331167
2.52584 0.952923 -0.332389
2.51952 0.941509 -0.331167
2.52247 0.93359 -0.331167
2.52539 0.92566 -0.331167
2.51895 0.914335 -0.329945
2.51247 0.90306 -0.328723
2.52465 0.89849 -0.329945
2.47129 0.870765 -0.322613
2.5115 0.876072 -0.327501
2.51439 0.867738 -0.327501
2.51711 0.859835 -0.327501
2.51965 0.852364 -0.327501
2.5129 0.841293 -0.326279
2.51553 0.833394 -0.326279
2.50871 0.822395 -0.325057
2.50184 0.811448 -0.323835
2.51382 0.806617 -0.325057
2.50689 0.795712 -0.323835
2.50937 0.787833 -0.323835
2.51184 0.779945 -0.323835
2.50479 0.769137 -0.322613
2.50719 0.761265 -0.322613
2.50006 0.75053 -0.321391
2.48338 0.737025 -0.318947
2.48568 0.729219 -0.318947
2.49212 1.66707 -0.265159
2.42267 1.60962 -0.257231
2.49423 1.64589 -0.264279
2.49939 1.63805 -0.264279
2.48783 1.61932 -0.262517
2.4929 1.6115 -0.262517
2.49795 1.60366 -0.262517
2.49458 1.59045 -0.261636
2.50798 1.58793 -0.262517
2.49609 1.56944 -0.260755
2.49256 1.55631 -0.259874
2.51437 1.55897 -0.261636
2.50229 1.54062 -0.259874
2.50712 1.53275 -0.259874
2.5034 1.5197 -0.258993
2.50817 1.51183 -0.258993
2.51346 1.4835 -0.258112
2.50092 1.46553 -0.25635
2.50552 1.45766 -0.25635
2.51008 1.44978 -0.25635
2.49734 1.43198 -0.254588
2.50183 1.42413 -0.254588
2.50629 1.41626 -0.254588
2.44991 1.37427 -0.248422
2.49774 1.39079 -0.252826
2.51953 1.39258 -0.254588
2.51516 1.37986 -0.253707
2.51073 1.36719 -0.252826
2.50625 1.35456 -0.251946
2.50172 1.34197 -0.251065
2.51471 1.33879 -0.251946
2.5101 1.32623 -0.251065
2.51425 1.31833 -0.251065
2.50955 1.30583 -0.250184
2.53062 1.28664 -0.251065
2.51686 1.26971 -0.249303
2.51193 1.25733 -0.248422
2.51587 1.24943 -0.248422
2.51085 1.23712 -0.247541
2.52367 1.2336 -0.248422
2.50961 1.21698 -0.24666
2.51342 1.20909 -0.24666
2.46326 1.17544 -0.241374
2.51196 1.18901 -0.245779
2.5247 1.18534 -0.24666
2.52841 1.17741 -0.24666
2.52306 1.16528 -0.245779
2.51765 1.1532 -0.244898
2.51219 1.14117 -0.244017
2.52484 1.13736 -0.244898
2.52821 1.12986 -0.244898
2.52264 1.11788 -0.244017
2.51702 1.10594 -0.243136
2.52048 1.09803 -0.243136
2.5309 1.07378 -0.243136
2.52508 1.06197 -0.242255
2.51903 1.05063 -0.241374
2.51311 1.03891 -0.240493
2.51636 1.03101 -0.240493
2.51959 1.0231 -0.240493
2.52279 1.01518 -0.240493
2.51672 1.00356 -0.239613
2.51077 0.991548 -0.238732
2.52314 0.987285 -0.239613
2.53552 0.982954 -0.240493
2.5386 0.974984 -0.240493
2.52286 0.96036 -0.238732
2.52586 0.95243 -0.238732
2.51951 0.941004 -0.237851
2.5318 0.936541 -0.238732
2.52537 0.925156 -0.237851
2.52827 0.917217 -0.237851
2.52176 0.905902 -0.23697
2.5246 0.897975 -0.23697
2.52741 0.890041 -0.23697
2.5331 0.8737 -0.23697
2.53583 0.865738 -0.23697
2.53839 0.85821 -0.23697
2.54107 0.850231 -0.23697
2.53428 0.839113 -0.236089
2.52743 0.828045 -0.235208
2.53002 0.820102 -0.235208
2.53258 0.81215 -0.235208
2.53513 0.804189 -0.235208
2.51863 0.790257 -0.233446
2.47353 0.767578 -0.229041
2.53307 0.777338 -0.234327
2.5355 0.769377 -0.234327
2.5379 0.761407 -0.234327
2.51163 0.744933 -0.231684
2.55681 1.7097 -0.161479
2.4457 1.62431 -0.154139
2.46747 1.62761 -0.155188
2.47257 1.61985 -0.155188
2.48602 1.61752 -0.155712
2.4827 1.60429 -0.155188
2.48773 1.59648 -0.155188
2.49273 1.58865 -0.155188
2.50615 1.58616 -0.155712
2.51112 1.57828 -0.155712
2.51606 1.57038 -0.155712
2.52098 1.56247 -0.155712
2.51737 1.5493 -0.155188
2.51371 1.53618 -0.154664
2.51852 1.52828 -0.154664
2.4891 1.49974 -0.152566
2.49354 1.49235 -0.152566
2.49821 1.48451 -0.152566
2.49426 1.47158 -0.152042
2.49026 1.45869 -0.151518
2.49482 1.45086 -0.151518
2.49937 1.44301 -0.151518
2.49523 1.43019 -0.150994
2.50839 1.42728 -0.151518
2.50416 1.41448 -0.150994
2.5086 1.40661 -0.150994
2.513 1.39872 -0.150994
2.52613 1.39565 -0.151518
2.53925 1.39251 -0.152042
2.54362 1.38452 -0.152042
2.53038 1.36703 -0.150994
2.54346 1.36379 -0.151518
2.53892 1.3511 -0.150994
2.53432 1.33846 -0.150469
2.52967 1.32585 -0.149945
2.53382 1.3179 -0.149945
2.50245 1.29161 -0.147848
2.5065 1.28375 -0.147848
2.51052 1.27586 -0.147848
2.5056 1.26347 -0.147324
2.50062 1.25113 -0.146799
2.50454 1.24327 -0.146799
2.50844 1.23539 -0.146799
2.51231 1.2275 -0.146799
2.50716 1.21525 -0.146275
2.50197 1.20304 -0.145751
2.50574 1.19518 -0.145751
2.51851 1.19157 -0.146275
2.5132 1.17941 -0.145751
2.54405 1.18415 -0.147324
2.53869 1.17196 -0.146799
2.56052 1.1723 -0.147848
2.546 1.15599 -0.146799
2.54052 1.14389 -0.146275
2.5439 1.13634 -0.146275
2.54746 1.12835 -0.146275
2.54185 1.11632 -0.145751
2.49041 1.08441 -0.142605
2.51233 1.08406 -0.143654
2.50654 1.07223 -0.143129
2.50989 1.06435 -0.143129
2.51323 1.05646 -0.143129
2.50713 1.04516 -0.142605
2.5104 1.03728 -0.142605
2.51365 1.02938 -0.142605
2.51687 1.02148 -0.142605
2.5108 1.00985 -0.142081
2.50469 0.998254 -0.141557
2.50798 0.989944 -0.141557
2.50178 0.978422 -0.141032
2.53278 0.981382 -0.142605
2.55449 0.980578 -0.143654
2.54806 0.969443 -0.143129
2.56978 0.968477 -0.144178
2.5541 0.953413 -0.143129
2.55708 0.945386 -0.143129
2.56004 0.937348 -0.143129
2.55358 0.925896 -0.142605
2.56588 0.921244 -0.143129
2.55935 0.909833 -0.142605
2.51509 0.885211 -0.139984
2.51786 0.877306 -0.139984
2.51132 0.865696 -0.139459
2.52348 0.861028 -0.139984
2.51656 0.850341 -0.139459
2.51922 0.84243 -0.139459
2.52185 0.834512 -0.139459
2.52446 0.826584 -0.139459
2.51755 0.815572 -0.138935
2.5201 0.807659 -0.138935
2.52262 0.799738 -0.138935
2.52512 0.791809 -0.138935
2.50852 0.777956 -0.137887
2.5205 0.773 -0.138411
2.52291 0.765078 -0.138411
2.51574 0.754279 -0.137887
2.49895 0.740697 -0.136838
2.4821 0.727226 -0.135789
2.5076 1.66415 -0.051728
2.47942 1.63425 -0.051041
2.50127 1.63741 -0.051384
2.5064 1.62954 -0.051384
2.50311 1.61624 -0.051213
2.49976 1.60297 -0.051041
2.51322 1.60048 -0.051213
2.50978 1.58723 -0.051041
2.48935 1.56339 -0.050525
2.50273 1.56085 -0.050697
2.50763 1.55298 -0.050697
2.49546 1.53462 -0.050353
2.50027 1.52677 -0.050353
2.50479 1.51935 -0.050353
2.50098 1.50631 -0.050181
2.5057 1.49844 -0.050181
2.52368 1.48775 -0.050353
2.52834 1.47981 -0.050353
2.53298 1.47186 -0.050353
2.52027 1.4539 -0.05001
2.54218 1.45592 -0.050353
2.53805 1.44298 -0.050181
2.54257 1.435 -0.050181
2.55579 1.4319 -0.050353
2.48163 1.38012 -0.048807
2.52972 1.39648 -0.049666
2.50779 1.37411 -0.04915
2.52088 1.371 -0.049322
2.51637 1.35833 -0.04915
2.52063 1.35041 -0.04915
2.52486 1.34249 -0.04915
2.51138 1.32522 -0.048807
2.51553 1.31732 -0.048807
2.51965 1.30941 -0.048807
2.52376 1.30149 -0.048807
2.53188 1.28561 -0.048807
2.55377 1.28665 -0.04915
2.53991 1.26968 -0.048807
2.54389 1.26169 -0.048807
2.55681 1.25811 -0.048978
2.54278 1.24129 -0.048635
2.55567 1.23766 -0.048807
2.55053 1.22529 -0.048635
2.55436 1.21728 -0.048635
2.48586 1.17506 -0.04726
2.52575 1.18422 -0.047947
2.52039 1.17207 -0.047775
2.51498 1.15996 -0.047604
2.52771 1.15621 -0.047775
2.52202 1.14457 -0.047604
2.5256 1.13664 -0.047604
2.5109 1.12055 -0.04726
2.52355 1.1167 -0.047432
2.52705 1.10877 -0.047432
2.52135 1.09684 -0.04726
2.51579 1.08451 -0.047088
2.52838 1.08053 -0.04726
2.53158 1.07303 -0.04726
2.54415 1.06894 -0.047432
2.5475 1.06094 -0.047432
2.56006 1.05675 -0.047604
2.55412 1.04491 -0.047432
2.55738 1.03689 -0.047432
2.56063 1.02885 -0.047432
2.54527 1.0134 -0.047088
2.55774 1.00907 -0.04726
2.49571 0.975547 -0.046057
2.53606 0.982146 -0.046744
2.5298 0.970593 -0.046572
2.53284 0.962639 -0.046572
2.53585 0.954678 -0.046572
2.52947 0.943213 -0.046401
2.53242 0.935262 -0.046401
2.54473 0.930736 -0.046572
2.53824 0.919332 -0.046401
2.54112 0.911354 -0.046401
2.53455 0.900019 -0.046229
2.52793 0.888737 -0.046057
2.54015 0.884078 -0.046229
2.53346 0.872836 -0.046057
2.55512 0.871327 -0.046401
2.54837 0.860099 -0.046229
2.55106 0.852088 -0.046229
2.56322 0.847207 -0.046401
2.55636 0.836042 -0.046229
2.55898 0.828007 -0.046229
2.54252 0.813868 -0.045885
2.53553 0.802857 -0.045713
2.53804 0.794888 -0.045713
2.54053 0.78691 -0.045713
2.53343 0.775997 -0.045541
2.54542 0.770933 -0.045713
2.53825 0.760064 -0.045541
2.52145 0.74641 -0.045198
2.50459 0.732869 -0.044854
2.5357 0.73333 -0.045369
2.61537 1.72124 0.496061
2.55462 1.66979 0.483542
2.52672 1.64024 0.477283
2.52356 1.62695 0.475718
2.53697 1.62433 0.477283
2.53373 1.61106 0.475718
2.53043 1.59782 0.474153
2.53543 1.58986 0.474153
2.53203 1.57667 0.472588
2.52857 1.56351 0.471023
2.53347 1.55556 0.471023
2.54678 1.55273 0.472588
2.5432 1.53961 0.471023
2.53929 1.52697 0.469459
2.54407 1.51898 0.469459
2.54034 1.50594 0.467894
2.54505 1.49796 0.467894
2.54122 1.48497 0.466329
2.53733 1.47202 0.464764
2.54194 1.46404 0.464764
2.54653 1.45605 0.464764
2.53391 1.43829 0.461634
2.53842 1.43033 0.461634
2.5429 1.42234 0.461634
2.54735 1.41435 0.461634
2.53449 1.3968 0.458504
2.53886 1.38883 0.458504
2.53453 1.37614 0.45694
2.53884 1.36817 0.45694
2.54313 1.36019 0.45694
2.53866 1.34756 0.455375
2.54289 1.33958 0.455375
2.54708 1.33158 0.455375
2.56002 1.32812 0.45694
2.5554 1.31555 0.455375
2.55952 1.30752 0.455375
2.5548 1.295 0.45381
2.55886 1.28697 0.45381
2.56289 1.27893 0.45381
2.56689 1.27087 0.45381
2.56201 1.25844 0.452245
2.56595 1.25039 0.452245
2.56987 1.24232 0.452245
2.57376 1.23424 0.452245
2.5687 1.22191 0.45068
2.5636 1.20962 0.449115
2.56738 1.20156 0.449115
2.56219 1.18933 0.44755
2.56591 1.18127 0.44755
2.56062 1.1691 0.445986
2.57328 1.16513 0.44755
2.56772 1.15344 0.445986
2.56231 1.14135 0.444421
2.57491 1.13728 0.445986
2.56943 1.12523 0.444421
2.56389 1.11321 0.442856
2.56757 1.10471 0.442856
2.56194 1.09276 0.441291
2.56536 1.08471 0.441291
2.57768 1.08091 0.442856
2.57194 1.06902 0.441291
2.56615 1.05717 0.439726
2.56032 1.04537 0.438161
2.57274 1.04102 0.439726
2.576 1.03294 0.439726
2.57923 1.02484 0.439726
2.57325 1.01311 0.438161
2.5766 1.00457 0.438161
2.57053 0.992914 0.436596
2.57346 0.985284 0.436596
2.57654 0.977193 0.436596
2.5796 0.969095 0.436596
2.58263 0.960985 0.436596
2.57637 0.949452 0.435032
2.57006 0.937968 0.433467
2.573 0.929888 0.433467
2.57591 0.921801 0.433467
2.57879 0.913704 0.433467
2.57233 0.902328 0.431902
2.58448 0.897483 0.433467
2.56876 0.882489 0.430337
2.58072 0.878044 0.431902
2.58346 0.869934 0.431902
2.57681 0.85869 0.430337
2.5795 0.850591 0.430337
2.58216 0.842482 0.430337
2.58479 0.834367 0.430337
2.5874 0.826243 0.430337
2.58056 0.815134 0.428772
2.58311 0.807024 0.428772
2.58563 0.798904 0.428772
2.58813 0.790778 0.428772
2.5906 0.782643 0.428772
2.58359 0.771673 0.427207
2.586 0.763554 0.427207
2.56942 0.749891 0.424078
2.56227 0.739078 0.422513
2.54054 1.68282 0.372347
2.49606 1.6421 0.365069
2.55107 1.66683 0.372347
2.55629 1.65881 0.372347
2.55314 1.64539 0.371134
2.5583 1.63736 0.371134
2.56343 1.62932 0.371134
2.56014 1.61596 0.369921
2.56521 1.60791 0.369921
2.56182 1.59459 0.368708
2.56682 1.58654 0.368708
2.56333 1.57327 0.367495
2.56826 1.56521 0.367495
2.56467 1.552 0.366282
2.56076 1.53927 0.365069
2.56558 1.53121 0.365069
2.56184 1.51809 0.363857
2.5666 1.51003 0.363857
2.57133 1.50196 0.363857
2.57603 1.49388 0.363857
2.57211 1.48082 0.362644
2.56813 1.46781 0.361431
2.57273 1.45973 0.361431
2.57731 1.45164 0.361431
2.57319 1.4387 0.360218
2.56902 1.42579 0.359005
2.56479 1.41292 0.357792
2.5605 1.40009 0.356579
2.56489 1.39204 0.356579
2.56925 1.38398 0.356579
2.56483 1.37122 0.355367
2.56036 1.3585 0.354154
2.55583 1.34583 0.352941
2.56885 1.34239 0.354154
2.55543 1.32517 0.351728
2.55958 1.31714 0.351728
2.5637 1.30909 0.351728
2.5678 1.30103 0.351728
2.56301 1.2885 0.350515
2.55816 1.27601 0.349302
2.56216 1.26797 0.349302
2.56613 1.25991 0.349302
2.56115 1.2475 0.348089
2.56506 1.23944 0.348089
2.56894 1.23138 0.348089
2.56383 1.21904 0.346877
2.56765 1.21098 0.346877
2.58043 1.20711 0.348089
2.5752 1.19482 0.346877
2.56993 1.18258 0.345664
2.57363 1.1745 0.345664
2.56826 1.16232 0.344451
2.58076 1.15876 0.345664
2.57532 1.1466 0.344451
2.57891 1.13851 0.344451
2.58247 1.1304 0.344451
2.5769 1.11833 0.343238
2.57148 1.10586 0.342025
2.57494 1.09777 0.342025
2.57838 1.08968 0.342025
2.57244 1.07819 0.340812
2.57582 1.0701 0.340812
2.57917 1.062 0.340812
2.5733 1.05014 0.339599
2.56738 1.03833 0.338387
2.57063 1.03026 0.338387
2.56463 1.01852 0.337174
2.56782 1.01046 0.337174
2.57116 1.00193 0.337174
2.56503 0.990277 0.335961
2.57723 0.98621 0.337174
2.57103 0.97459 0.335961
2.57408 0.966508 0.335961
2.58641 0.961876 0.337174
2.5801 0.950316 0.335961
2.58308 0.942206 0.335961
2.57669 0.930713 0.334748
2.5796 0.922613 0.334748
2.58248 0.914506 0.334748
2.57598 0.903104 0.333535
2.5788 0.895007 0.333535
2.59114 0.889673 0.334748
2.58437 0.878785 0.333535
2.58712 0.870663 0.333535
2.58043 0.859394 0.332322
2.58311 0.851284 0.332322
2.59521 0.846241 0.333535
2.57896 0.831989 0.33111
2.58157 0.823884 0.33111
2.58414 0.815769 0.33111
2.57722 0.804688 0.329897
2.58922 0.799516 0.33111
2.59172 0.791378 0.33111
2.58469 0.780363 0.329897
2.58713 0.772239 0.329897
2.58002 0.761299 0.328684
2.55381 0.744851 0.325045
2.62489 1.73803 0.273495
2.47218 1.62577 0.25705
2.47728 1.618 0.25705
2.56593 1.66442 0.265705
2.57115 1.65636 0.265705
2.56795 1.6429 0.26484
2.57309 1.63482 0.26484
2.56979 1.62142 0.263974
2.57487 1.61334 0.263974
2.57147 1.59998 0.263109
2.55953 1.58142 0.261378
2.56449 1.57337 0.261378
2.56942 1.5653 0.261378
2.5658 1.55207 0.260512
2.56185 1.53932 0.259647
2.55812 1.52616 0.258781
2.55433 1.51304 0.257916
2.56766 1.51005 0.258781
2.55518 1.49193 0.25705
2.55986 1.4839 0.25705
2.55587 1.47088 0.256185
2.56048 1.46284 0.256185
2.56506 1.45479 0.256185
2.56094 1.44184 0.255319
2.55676 1.42893 0.254454
2.56124 1.42088 0.254454
2.55696 1.40803 0.253588
2.57011 1.40477 0.254454
2.57452 1.39668 0.254454
2.57889 1.38859 0.254454
2.57445 1.37578 0.253588
2.57876 1.36769 0.253588
2.57423 1.35494 0.252723
2.57847 1.34685 0.252723
2.565 1.32957 0.250992
2.57803 1.32606 0.251857
2.57331 1.31343 0.250992
2.58631 1.30984 0.251857
2.5548 1.28382 0.248395
2.54991 1.27134 0.24753
2.55389 1.26332 0.24753
2.5489 1.2509 0.246664
2.55282 1.24289 0.246664
2.54774 1.23053 0.245799
2.55159 1.22252 0.245799
2.55542 1.2145 0.245799
2.55923 1.20646 0.245799
2.5269 1.18154 0.242337
2.57579 1.19455 0.246664
2.57953 1.18645 0.246664
2.58325 1.17834 0.246664
2.57786 1.16612 0.245799
2.58131 1.15846 0.245799
2.58493 1.15035 0.245799
2.57942 1.1382 0.244933
2.58298 1.13009 0.244933
2.57738 1.118 0.244068
2.58107 1.10945 0.244068
2.57538 1.09743 0.243202
2.56702 1.06592 0.241471
2.55193 1.05027 0.239741
2.56445 1.04601 0.240606
2.55848 1.03421 0.239741
2.57097 1.02988 0.240606
2.56493 1.01812 0.239741
2.56811 1.01005 0.239741
2.57145 1.00153 0.239741
2.53741 0.979104 0.236279
2.58682 0.989365 0.240606
2.58992 0.981233 0.240606
2.59299 0.973091 0.240606
2.59604 0.964941 0.240606
2.59905 0.956781 0.240606
2.60205 0.948611 0.240606
2.59564 0.937048 0.239741
2.59858 0.928889 0.239741
2.60148 0.920722 0.239741
2.59496 0.90925 0.238875
2.5978 0.901093 0.238875
2.57251 0.882772 0.236279
2.57111 0.855792 0.235413
2.57378 0.847711 0.235413
2.57644 0.839621 0.235413
2.56958 0.828466 0.234548
2.57217 0.82039 0.234548
2.57473 0.812304 0.234548
2.57727 0.804212 0.234548
2.57027 0.793173 0.233682
2.57275 0.785095 0.233682
2.56566 0.774131 0.232817
2.60627 0.777457 0.236279
2.59914 0.766447 0.235413
2.57284 0.749915 0.232817
2.52328 1.67012 0.156972
2.52852 1.66219 0.156972
2.54209 1.6597 0.157491
2.53891 1.64627 0.156972
2.53567 1.63288 0.156454
2.54079 1.6249 0.156454
2.53745 1.61156 0.155936
2.53405 1.59825 0.155418
2.53906 1.59028 0.155418
2.53557 1.57702 0.1549
2.54051 1.56905 0.1549
2.55394 1.56628 0.155418
2.54179 1.54786 0.154382
2.55518 1.54504 0.1549
2.5512 1.53231 0.154382
2.54742 1.51917 0.153864
2.53499 1.50098 0.152828
2.53109 1.48795 0.15231
2.53575 1.47999 0.15231
2.5231 1.46201 0.151274
2.52769 1.45407 0.151274
2.53224 1.44612 0.151274
2.53677 1.43816 0.151274
2.54128 1.43018 0.151274
2.53704 1.41732 0.150756
2.54148 1.40935 0.150756
2.55464 1.40617 0.151274
2.55028 1.39335 0.150756
2.55465 1.38533 0.150756
2.55019 1.37257 0.150238
2.5633 1.36925 0.150756
2.54995 1.35184 0.14972
2.55418 1.34382 0.14972
2.54954 1.33117 0.149202
2.54484 1.31856 0.148683
2.54897 1.31055 0.148683
2.54418 1.298 0.148165
2.53042 1.28098 0.147129
2.54336 1.27751 0.147647
2.52948 1.2606 0.146611
2.54238 1.25708 0.147129
2.54632 1.24908 0.147129
2.54125 1.23671 0.146611
2.54513 1.22872 0.146611
2.54897 1.22072 0.146611
2.53475 1.20413 0.145575
2.54756 1.20042 0.146093
2.54227 1.18818 0.145575
2.55505 1.18439 0.146093
2.54968 1.17218 0.145575
2.55335 1.16417 0.145575
2.5479 1.15203 0.145057
2.54219 1.14038 0.144539
2.55489 1.13644 0.145057
2.55845 1.12841 0.145057
2.56198 1.12037 0.145057
2.55632 1.10834 0.144539
2.55998 1.09986 0.144539
2.55424 1.0879 0.144021
2.55765 1.07987 0.144021
2.55163 1.06842 0.143503
2.55497 1.06039 0.143503
2.55829 1.05236 0.143503
2.56158 1.04432 0.143503
2.56485 1.03627 0.143503
2.55882 1.02449 0.142985
2.55275 1.01277 0.142467
2.55609 1.00429 0.142467
2.55923 0.996259 0.142467
2.56235 0.988215 0.142467
2.55594 0.977042 0.141949
2.56834 0.972544 0.142467
2.56203 0.960962 0.141949
2.5744 0.956387 0.142467
2.55865 0.941398 0.141431
2.56159 0.933356 0.141431
2.5739 0.928693 0.141949
2.5674 0.917241 0.141431
2.57027 0.909173 0.141431
2.56369 0.897792 0.140913
2.55706 0.886463 0.140395
2.55054 0.874738 0.139876
2.54367 0.863954 0.139358
2.54637 0.85596 0.139358
2.54905 0.847956 0.139358
2.5517 0.839944 0.139358
2.55433 0.831923 0.139358
2.55693 0.823894 0.139358
2.56902 0.818891 0.139876
2.56205 0.807812 0.139358
2.57411 0.802733 0.139876
2.55753 0.788755 0.13884
2.5791 0.786543 0.139876
2.58156 0.778438 0.139876
2.584 0.770323 0.139876
2.55767 0.753731 0.138322
2.54084 0.740107 0.137286
2.59622 1.7295 0.053618
2.49324 1.64961 0.051384
2.50676 1.64726 0.051556
2.54542 1.66124 0.052244
2.55902 1.65867 0.052416
2.55581 1.64521 0.052244
2.55254 1.63179 0.052072
2.54921 1.6184 0.0519
2.54583 1.60505 0.051728
2.54238 1.59174 0.051556
2.53888 1.57847 0.051384
2.54382 1.57048 0.051384
2.5317 1.55203 0.051041
2.5451 1.54927 0.051213
2.5414 1.5361 0.051041
2.54594 1.52855 0.051041
2.55073 1.52054 0.051041
2.5555 1.51252 0.051041
2.56024 1.50449 0.051041
2.55631 1.4914 0.050869
2.55234 1.47835 0.050697
2.5483 1.46534 0.050525
2.55289 1.45732 0.050525
2.54876 1.44437 0.050353
2.55328 1.43635 0.050353
2.55778 1.42833 0.050353
2.54477 1.41059 0.05001
2.54919 1.40259 0.05001
2.53603 1.38499 0.049666
2.54037 1.37701 0.049666
2.55349 1.37376 0.049838
2.54015 1.35631 0.049494
2.55323 1.35301 0.049666
2.54862 1.34033 0.049494
2.55282 1.33231 0.049494
2.54812 1.31969 0.049322
2.51668 1.2934 0.048635
2.56526 1.30819 0.049494
2.56936 1.30013 0.049494
2.5645 1.28756 0.049322
2.56853 1.2795 0.049322
2.56357 1.267 0.04915
2.56754 1.25894 0.04915
2.56249 1.24649 0.048978
2.5664 1.23843 0.048978
2.56125 1.22605 0.048807
2.56509 1.218 0.048807
2.55986 1.20567 0.048635
2.5727 1.20185 0.048807
2.54924 1.18116 0.048291
2.54385 1.16897 0.048119
2.54751 1.16097 0.048119
2.55115 1.15296 0.048119
2.54544 1.1413 0.047947
2.55815 1.13735 0.048119
2.55256 1.12528 0.047947
2.55608 1.11726 0.047947
2.55958 1.10922 0.047947
2.56324 1.10073 0.047947
2.56669 1.09267 0.047947
2.57011 1.0846 0.047947
2.56409 1.07311 0.047775
2.56745 1.06505 0.047775
2.57078 1.05698 0.047775
2.57409 1.04889 0.047775
2.5681 1.03706 0.047604
2.58063 1.0327 0.047775
2.57457 1.0209 0.047604
2.57794 1.01236 0.047604
2.57179 1.00063 0.047432
2.57492 0.992546 0.047432
2.55917 0.977765 0.047088
2.57158 0.973259 0.04726
2.56526 0.961665 0.047088
2.56827 0.953601 0.047088
2.56187 0.942078 0.046916
2.57421 0.937447 0.047088
2.57715 0.929354 0.047088
2.57064 0.91789 0.046916
2.56408 0.906479 0.046744
2.54804 0.891812 0.046401
2.56973 0.89035 0.046744
2.59158 0.888307 0.047088
2.58474 0.877399 0.046916
2.58748 0.869276 0.046916
2.58071 0.857988 0.046744
2.58339 0.849877 0.046744
2.58605 0.841756 0.046744
2.5982 0.836693 0.046916
2.59129 0.825492 0.046744
2.59387 0.817346 0.046744
2.58688 0.806218 0.046572
2.5894 0.798087 0.046572
2.59189 0.789949 0.046572
2.58479 0.778918 0.046401
2.59681 0.773648 0.046572
2.57045 0.757011 0.046057
2.54401 0.740549 0.045541
