2.20303 1.61888 -0.731313
2.13008 1.55499 -0.705471
2.15841 1.5653 -0.713224
2.16305 1.55889 -0.713224
2.16793 1.55209 -0.713224
2.18094 1.55049 -0.715808
2.17791 1.53806 -0.713224
2.19037 1.53714 -0.715808
2.19519 1.53025 -0.715808
2.22381 1.53984 -0.72356
2.21272 1.5219 -0.718392
2.2252 1.52078 -0.720976
2.23796 1.5192 -0.72356
2.25073 1.51757 -0.726145
2.24746 1.50511 -0.72356
2.26022 1.5034 -0.726145
2.25688 1.49096 -0.72356
2.26129 1.48426 -0.72356
2.25785 1.47187 -0.720976
2.25435 1.45952 -0.718392
2.25893 1.45243 -0.718392
2.27162 1.45053 -0.720976
2.26801 1.43821 -0.718392
2.27226 1.43148 -0.718392
2.28494 1.42945 -0.720976
2.28942 1.42227 -0.720976
2.29388 1.41507 -0.720976
2.30655 1.4129 -0.72356
2.30272 1.40063 -0.720976
2.30711 1.39339 -0.720976
2.31148 1.38613 -0.720976
2.31558 1.37927 -0.720976
2.32822 1.3769 -0.72356
2.35752 1.38426 -0.731313
2.35351 1.37198 -0.728729
2.36617 1.36942 -0.731313
2.37884 1.36679 -0.733897
2.38288 1.35972 -0.733897
2.37874 1.34747 -0.731313
2.39138 1.34473 -0.733897
2.39559 1.33721 -0.733897
2.39978 1.32967 -0.733897
2.37856 1.30816 -0.726145
2.39113 1.30531 -0.728729
2.39522 1.29779 -0.728729
2.39906 1.29068 -0.728729
2.41163 1.28769 -0.731313
2.40712 1.27558 -0.728729
2.41967 1.27251 -0.731313
2.41509 1.26043 -0.728729
2.42762 1.25728 -0.731313
2.43134 1.25007 -0.731313
2.44386 1.24682 -0.733897
2.44776 1.23914 -0.733897
2.45164 1.23144 -0.733897
2.4555 1.22373 -0.733897
2.46799 1.22029 -0.736481
2.48916 1.22104 -0.741649
2.49298 1.21322 -0.741649
2.49657 1.20581 -0.741649
2.50906 1.20214 -0.744234
2.51282 1.19425 -0.744234
2.5253 1.19047 -0.746818
2.52028 1.17844 -0.744234
2.53273 1.17458 -0.746818
2.52743 1.16302 -0.744234
2.51349 1.14706 -0.739065
2.52589 1.14313 -0.741649
2.52946 1.1352 -0.741649
2.53302 1.12724 -0.741649
2.53655 1.11928 -0.741649
2.53986 1.11175 -0.741649
2.5522 1.10761 -0.744234
2.55567 1.09959 -0.744234
2.56799 1.09534 -0.746818
2.56252 1.08351 -0.744234
2.57482 1.07919 -0.746818
2.5782 1.07109 -0.746818
2.59942 1.07034 -0.751986
2.59364 1.05897 -0.749402
2.61487 1.05807 -0.75457
2.61818 1.04985 -0.75457
2.63044 1.04518 -0.757154
2.6427 1.04045 -0.759738
2.64595 1.03215 -0.759738
2.64918 1.02383 -0.759738
2.66141 1.01896 -0.762323
2.65539 1.00763 -0.759738
2.61333 0.982285 -0.746818
2.65261 0.987552 -0.757154
2.6557 0.979214 -0.757154
2.66784 0.97418 -0.759738
2.6618 0.962508 -0.757154
2.66481 0.954142 -0.757154
2.6769 0.948993 -0.759738
2.67987 0.940578 -0.759738
2.69194 0.935326 -0.762323
2.6947 0.927334 -0.762323
2.6976 0.918864 -0.762323
2.70963 0.913471 -0.764907
2.71249 0.904953 -0.764907
2.72449 0.899457 -0.767491
2.7273 0.890892 -0.767491
2.73912 0.885769 -0.770075
2.73269 0.874216 -0.767491
2.72621 0.862712 -0.764907
2.19873 1.61513 -0.630044
2.13296 1.55652 -0.609792
2.13784 1.54981 -0.609792
2.18195 1.57194 -0.621043
2.18688 1.56508 -0.621043
2.19206 1.55781 -0.621043
2.2049 1.55654 -0.623293
2.20153 1.54439 -0.621043
2.20637 1.53747 -0.621043
2.21119 1.53053 -0.621043
2.22402 1.5291 -0.623293
2.22855 1.52249 -0.623293
2.24138 1.52095 -0.625544
2.24615 1.51391 -0.625544
2.2428 1.50142 -0.623293
2.25562 1.49976 -0.625544
2.26032 1.49267 -0.625544
2.25659 1.48061 -0.623293
2.26123 1.47352 -0.623293
2.26585 1.4664 -0.623293
2.28323 1.45738 -0.625544
2.2878 1.4502 -0.625544
2.30858 1.45379 -0.630044
2.30487 1.44136 -0.627794
2.30111 1.42898 -0.625544
2.2973 1.41663 -0.623293
2.31836 1.41958 -0.627794
2.3228 1.41229 -0.627794
2.32723 1.40498 -0.627794
2.33999 1.40268 -0.630044
2.31065 1.37579 -0.621043
2.34013 1.3834 -0.627794
2.36127 1.3859 -0.632294
2.34877 1.36866 -0.627794
2.36149 1.36616 -0.630044
2.36578 1.35873 -0.630044
2.3698 1.35171 -0.630044
2.37403 1.34426 -0.630044
2.38674 1.34157 -0.632294
2.39094 1.33406 -0.632294
2.39512 1.32654 -0.632294
2.39927 1.31901 -0.632294
2.4034 1.31147 -0.632294
2.40751 1.30391 -0.632294
2.41995 1.30138 -0.634544
2.40684 1.28459 -0.630044
2.41947 1.28158 -0.632294
2.42349 1.27398 -0.632294
2.43612 1.27086 -0.634544
2.4401 1.2632 -0.634544
2.4525 1.26041 -0.636794
2.45645 1.2527 -0.636794
2.46037 1.24498 -0.636794
2.44685 1.2285 -0.632294
2.45942 1.22515 -0.634544
2.48946 1.23037 -0.641295
2.49332 1.22254 -0.641295
2.48838 1.21044 -0.639045
2.50074 1.20729 -0.641295
2.50452 1.19943 -0.641295
2.50828 1.19155 -0.641295
2.50319 1.17951 -0.639045
2.51571 1.17577 -0.641295
2.52823 1.17196 -0.643545
2.5317 1.16445 -0.643545
2.53535 1.15649 -0.643545
2.54256 1.14054 -0.643545
2.55504 1.13651 -0.645795
2.55859 1.12847 -0.645795
2.57086 1.12478 -0.648045
2.58332 1.12058 -0.650295
2.58682 1.11246 -0.650295
2.59927 1.10814 -0.652545
2.59376 1.09618 -0.650295
2.60618 1.09179 -0.652545
2.5556 1.06118 -0.639045
2.59497 1.06798 -0.648045
2.61617 1.06764 -0.652545
2.61951 1.05941 -0.652545
2.61378 1.04755 -0.650295
2.62611 1.04293 -0.652545
2.63844 1.03825 -0.654796
2.64169 1.02995 -0.654796
2.64492 1.02165 -0.654796
2.64811 1.01333 -0.654796
2.65111 1.00547 -0.654796
2.66337 1.00057 -0.657046
2.64218 0.973704 -0.650295
2.68184 0.978761 -0.659296
2.67574 0.967018 -0.657046
2.68794 0.961891 -0.659296
2.69094 0.953442 -0.659296
2.69393 0.944983 -0.659296
2.70608 0.939712 -0.661546
2.70886 0.931678 -0.661546
2.721 0.926304 -0.663796
2.68696 0.905307 -0.654796
2.73601 0.912271 -0.666046
2.75737 0.909777 -0.670547
2.76021 0.90111 -0.670547
2.7536 0.88992 -0.668297
2.75638 0.881265 -0.668297
2.74056 0.866725 -0.663796
2.14877 1.56749 -0.519483
2.16163 1.56649 -0.5214
2.20609 1.58874 -0.530985
2.21107 1.58181 -0.530985
2.21631 1.57447 -0.530985
2.22124 1.56749 -0.530985
2.21785 1.55526 -0.529068
2.22758 1.5413 -0.529068
2.22432 1.52873 -0.527151
2.24505 1.5332 -0.530985
2.24986 1.52613 -0.530985
2.25464 1.51906 -0.530985
2.25125 1.50651 -0.529068
2.26414 1.50486 -0.530985
2.27705 1.50315 -0.532902
2.27329 1.491 -0.530985
2.27797 1.48386 -0.530985
2.27438 1.47136 -0.529068
2.30376 1.48012 -0.534819
2.31667 1.47816 -0.536736
2.3213 1.47087 -0.536736
2.32566 1.46398 -0.536736
2.32192 1.45146 -0.534819
2.32647 1.44416 -0.534819
2.331 1.43684 -0.534819
2.3355 1.42952 -0.534819
2.33998 1.42217 -0.534819
2.34443 1.41481 -0.534819
2.34887 1.40744 -0.534819
2.35303 1.40046 -0.534819
2.36179 1.38565 -0.534819
2.37461 1.38317 -0.536736
2.37045 1.37078 -0.534819
2.38325 1.36822 -0.536736
2.37878 1.35628 -0.534819
2.40011 1.35847 -0.538652
2.39581 1.34611 -0.536736
2.40002 1.33858 -0.536736
2.4128 1.33579 -0.538652
2.40839 1.32348 -0.536736
2.41253 1.3159 -0.536736
2.43392 1.31766 -0.540569
2.42917 1.30579 -0.538652
2.44192 1.30277 -0.540569
2.446 1.29509 -0.540569
2.45006 1.2874 -0.540569
2.45409 1.2797 -0.540569
2.46682 1.27649 -0.542486
2.47059 1.26917 -0.542486
2.46582 1.25694 -0.540569
2.46976 1.24919 -0.540569
2.48244 1.24583 -0.542486
2.48635 1.23802 -0.542486
2.49408 1.22237 -0.542486
2.50673 1.21882 -0.544403
2.50149 1.20712 -0.542486
2.51413 1.20349 -0.544403
2.5179 1.19559 -0.544403
2.51276 1.18349 -0.542486
2.52536 1.17974 -0.544403
2.55577 1.18418 -0.550154
2.54144 1.16839 -0.54632
2.54509 1.1604 -0.54632
2.56661 1.16049 -0.550154
2.5792 1.15644 -0.552071
2.59179 1.15231 -0.553988
2.57744 1.13625 -0.550154
2.58979 1.13253 -0.552071
2.59333 1.12438 -0.552071
2.61489 1.12399 -0.555905
2.60938 1.11192 -0.553988
2.61285 1.10371 -0.553988
2.61631 1.0955 -0.553988
2.61974 1.08727 -0.553988
2.63542 1.07496 -0.555905
2.62058 1.05932 -0.552071
2.64212 1.05838 -0.555905
2.63631 1.04645 -0.553988
2.66699 1.04894 -0.559738
2.65198 1.03343 -0.555905
2.65521 1.02509 -0.555905
2.66759 1.02025 -0.557822
2.6706 1.01233 -0.557822
2.67377 1.00394 -0.557822
2.65851 0.988691 -0.553988
2.71686 1.00069 -0.565489
2.71077 0.988785 -0.563572
2.71387 0.980263 -0.563572
2.72617 0.975037 -0.565489
2.71997 0.963193 -0.563572
2.73225 0.95789 -0.565489
2.73524 0.949302 -0.565489
2.73805 0.941181 -0.565489
2.74099 0.932574 -0.565489
2.74391 0.92396 -0.565489
2.75611 0.918438 -0.567406
2.75898 0.909775 -0.567406
2.77115 0.904146 -0.569323
2.76448 0.892904 -0.567406
2.77662 0.887203 -0.569323
2.7794 0.878474 -0.569323
2.23711 1.64212 -0.441417
2.15449 1.57108 -0.424137
2.2234 1.61065 -0.436704
2.22015 1.59828 -0.435133
2.22516 1.5913 -0.435133
2.22237 1.57819 -0.433562
2.24346 1.58259 -0.436704
2.24815 1.57592 -0.436704
2.24498 1.56321 -0.435133
2.24988 1.55615 -0.435133
2.2629 1.55466 -0.436704
2.25934 1.54238 -0.435133
2.26418 1.53527 -0.435133
2.27718 1.53367 -0.436704
2.2902 1.532 -0.438275
2.28677 1.51933 -0.436704
2.29153 1.51214 -0.436704
2.29601 1.50533 -0.436704
2.30901 1.5035 -0.438275
2.30542 1.49088 -0.436704
2.31841 1.48896 -0.438275
2.32307 1.48167 -0.438275
2.32772 1.47437 -0.438275
2.33208 1.46745 -0.438275
2.31993 1.44965 -0.435133
2.34965 1.45798 -0.439846
2.32899 1.43505 -0.435133
2.35034 1.43803 -0.438275
2.37172 1.4409 -0.441417
2.36778 1.42834 -0.439846
2.37226 1.42089 -0.439846
2.33403 1.3886 -0.431991
2.38089 1.40637 -0.439846
2.3853 1.39889 -0.439846
2.38968 1.39139 -0.439846
2.40259 1.38881 -0.441417
2.40694 1.38126 -0.441417
2.41961 1.379 -0.442988
2.42393 1.37139 -0.442988
2.41962 1.35894 -0.441417
2.42387 1.35133 -0.441417
2.42811 1.34371 -0.441417
2.43232 1.33607 -0.441417
2.4365 1.32842 -0.441417
2.44935 1.32546 -0.442988
2.44457 1.31351 -0.441417
2.46611 1.31512 -0.444558
2.4615 1.30275 -0.442988
2.48307 1.3042 -0.446129
2.4784 1.29182 -0.444558
2.48245 1.28403 -0.444558
2.48624 1.27666 -0.444558
2.48144 1.26436 -0.442988
2.4854 1.25656 -0.442988
2.47168 1.23989 -0.439846
2.50209 1.24531 -0.444558
2.50599 1.23745 -0.444558
2.5276 1.23826 -0.4477
2.5226 1.226 -0.446129
2.53512 1.2228 -0.4477
2.54786 1.21909 -0.449271
2.54275 1.20685 -0.4477
2.54653 1.19885 -0.4477
2.55923 1.19502 -0.449271
2.56297 1.18698 -0.449271
2.56649 1.17937 -0.449271
2.58815 1.17949 -0.452413
2.59184 1.17135 -0.452413
2.57749 1.15513 -0.449271
2.59915 1.15504 -0.452413
2.59373 1.14289 -0.450842
2.60616 1.13915 -0.452413
2.5916 1.1231 -0.449271
2.61327 1.12275 -0.452413
2.61678 1.11453 -0.452413
2.63846 1.11399 -0.455555
2.63284 1.10188 -0.453984
2.56331 1.06333 -0.441417
2.63971 1.08532 -0.453984
2.65207 1.08121 -0.455555
2.65545 1.07287 -0.455555
2.66798 1.06819 -0.457125
2.67132 1.05981 -0.457125
2.67463 1.05141 -0.457125
2.69633 1.05017 -0.460267
2.6904 1.03814 -0.458696
2.69365 1.02968 -0.458696
2.70593 1.02518 -0.460267
2.69989 1.01321 -0.458696
2.70306 1.00472 -0.458696
2.73401 1.00646 -0.463409
2.72788 0.994484 -0.461838
2.71241 0.979202 -0.458696
2.75267 0.983972 -0.46498
2.72782 0.965436 -0.460267
2.7588 0.966658 -0.46498
2.74316 0.951514 -0.461838
2.77399 0.952996 -0.466551
2.75827 0.937917 -0.463409
2.73312 0.919799 -0.458696
2.78285 0.92681 -0.466551
2.79513 0.921154 -0.468122
2.78862 0.909306 -0.466551
2.7913 0.901029 -0.466551
2.80353 0.89526 -0.468122
2.25655 1.65578 -0.344609
2.14144 1.56099 -0.326279
2.17848 1.57754 -0.331167
2.19927 1.58266 -0.333611
2.20423 1.57575 -0.333611
2.20944 1.56843 -0.333611
2.21436 1.56148 -0.333611
2.21086 1.54921 -0.332389
2.22386 1.54792 -0.333611
2.22054 1.53528 -0.332389
2.23354 1.53392 -0.333611
2.23808 1.52729 -0.333611
2.24287 1.52025 -0.333611
2.24763 1.5132 -0.333611
2.25237 1.50613 -0.333611
2.2571 1.49904 -0.333611
2.25351 1.48648 -0.332389
2.27451 1.49067 -0.334833
2.2875 1.48893 -0.336055
2.2755 1.47096 -0.333611
2.28846 1.46916 -0.334833
2.29306 1.46197 -0.334833
2.29764 1.45476 -0.334833
2.30195 1.44793 -0.334833
2.30649 1.44069 -0.334833
2.31944 1.43867 -0.336055
2.32395 1.43138 -0.336055
2.32843 1.42407 -0.336055
2.33289 1.41675 -0.336055
2.34583 1.41454 -0.337277
2.35027 1.40716 -0.337277
2.3459 1.39511 -0.336055
2.35882 1.39278 -0.337277
2.35462 1.38034 -0.336055
2.36752 1.37793 -0.337277
2.35465 1.36055 -0.334833
2.37613 1.36303 -0.337277
2.37154 1.35106 -0.336055
2.39305 1.35337 -0.338499
2.39729 1.34585 -0.338499
2.39284 1.33348 -0.337277
2.38833 1.32115 -0.336055
2.40117 1.31842 -0.337277
2.38787 1.30137 -0.334833
2.42687 1.31275 -0.339721
2.42201 1.30085 -0.338499
2.42608 1.29323 -0.338499
2.43891 1.29024 -0.339721
2.44295 1.28258 -0.339721
2.45577 1.27948 -0.340943
2.45096 1.2672 -0.339721
2.46354 1.26446 -0.340943
2.45865 1.25221 -0.339721
2.47143 1.24895 -0.340943
2.46647 1.23673 -0.339721
2.47035 1.22898 -0.339721
2.48309 1.22561 -0.340943
2.48693 1.2178 -0.340943
2.49967 1.21432 -0.342165
2.50326 1.20689 -0.342165
2.50704 1.19902 -0.342165
2.5108 1.19114 -0.342165
2.54147 1.19592 -0.345831
2.51823 1.17534 -0.342165
2.53092 1.17159 -0.343387
2.5434 1.16822 -0.344609
2.51093 1.14377 -0.339721
2.55069 1.15222 -0.344609
2.5543 1.1442 -0.344609
2.55788 1.13617 -0.344609
2.57052 1.13213 -0.345831
2.57387 1.1245 -0.345831
2.57739 1.11641 -0.345831
2.59 1.11222 -0.347053
2.59349 1.10408 -0.347053
2.60609 1.09978 -0.348276
2.60953 1.09159 -0.348276
2.61295 1.08339 -0.348276
2.61633 1.07517 -0.348276
2.61032 1.06366 -0.347053
2.65967 1.07404 -0.353164
2.63538 1.05461 -0.349498
2.65714 1.05364 -0.351942
2.6512 1.04166 -0.35072
2.65445 1.03333 -0.35072
2.66695 1.02856 -0.351942
2.67017 1.02017 -0.351942
2.68246 1.01576 -0.353164
2.64847 0.993384 -0.348276
2.67949 0.995428 -0.351942
2.69192 0.990433 -0.353164
2.69501 0.981971 -0.353164
2.69809 0.973499 -0.353164
2.71048 0.968356 -0.354386
2.71351 0.959838 -0.354386
2.71651 0.951308 -0.354386
2.71948 0.94277 -0.354386
2.73166 0.937919 -0.355608
2.73459 0.929332 -0.355608
2.7375 0.920738 -0.355608
2.74038 0.912133 -0.355608
2.74323 0.90352 -0.355608
2.75549 0.897972 -0.35683
2.75814 0.889792 -0.35683
2.77038 0.884141 -0.358052
2.28111 1.67319 -0.250184
2.10924 1.53696 -0.230803
2.14633 1.55369 -0.234327
2.20754 1.58803 -0.240493
2.21252 1.58109 -0.240493
2.21775 1.57374 -0.240493
2.22268 1.56677 -0.240493
2.22732 1.56016 -0.240493
2.24039 1.55885 -0.241374
2.24527 1.5518 -0.241374
2.25014 1.54474 -0.241374
2.26294 1.54367 -0.242255
2.25953 1.53097 -0.241374
2.26433 1.52386 -0.241374
2.2691 1.51674 -0.241374
2.27386 1.5096 -0.241374
2.27859 1.50245 -0.241374
2.28304 1.49569 -0.241374
2.28772 1.48851 -0.241374
2.29239 1.48131 -0.241374
2.30625 1.45964 -0.241374
2.31057 1.45279 -0.241374
2.31512 1.44553 -0.241374
2.32812 1.44349 -0.242255
2.34112 1.4414 -0.243136
2.34564 1.43403 -0.243136
2.34162 1.42149 -0.242255
2.34607 1.41412 -0.242255
2.34196 1.40163 -0.241374
2.34611 1.39468 -0.241374
2.36763 1.39743 -0.243136
2.3892 1.40006 -0.244898
2.38498 1.38753 -0.244017
2.39795 1.38501 -0.244898
2.40229 1.37747 -0.244898
2.40636 1.37034 -0.244898
2.41066 1.36277 -0.244898
2.41493 1.35519 -0.244898
2.41917 1.3476 -0.244898
2.42339 1.33999 -0.244898
2.42759 1.33237 -0.244898
2.44926 1.33427 -0.24666
2.45271 1.30687 -0.245779
2.4568 1.29916 -0.245779
2.46969 1.29607 -0.24666
2.47375 1.2883 -0.24666
2.46009 1.27138 -0.244898
2.47271 1.26862 -0.245779
2.47668 1.26084 -0.245779
2.47174 1.24857 -0.244898
2.48456 1.24526 -0.245779
2.4617 1.22414 -0.243136
2.5102 1.23844 -0.247541
2.53197 1.2393 -0.249303
2.52689 1.22699 -0.248422
2.52155 1.21517 -0.247541
2.52535 1.20724 -0.247541
2.53813 1.20357 -0.248422
2.5419 1.19559 -0.248422
2.55467 1.19181 -0.249303
2.5584 1.18377 -0.249303
2.55285 1.17202 -0.248422
2.56559 1.16813 -0.249303
2.59469 1.15198 -0.251065
2.58918 1.13981 -0.250184
2.59255 1.13212 -0.250184
2.60524 1.12793 -0.251065
2.59961 1.11581 -0.250184
2.60311 1.10763 -0.250184
2.60657 1.09945 -0.250184
2.6192 1.0951 -0.251065
2.59502 1.07543 -0.248422
2.62603 1.07862 -0.251065
2.66612 1.08585 -0.254588
2.65105 1.07002 -0.252826
2.67289 1.06908 -0.254588
2.66698 1.05701 -0.253707
2.67956 1.05226 -0.254588
2.67357 1.04023 -0.253707
2.67682 1.03183 -0.253707
2.68935 1.02697 -0.254588
2.69239 1.01898 -0.254588
2.69558 1.01052 -0.254588
2.71434 0.988477 -0.255469
2.70806 0.976565 -0.254588
2.7205 0.971401 -0.255469
2.72354 0.962851 -0.255469
2.73595 0.95758 -0.25635
2.73895 0.948981 -0.25635
2.74175 0.940849 -0.25635
2.74469 0.93223 -0.25635
2.7004 0.907735 -0.251946
2.7694 0.921256 -0.258112
2.7912 0.918781 -0.259874
2.7846 0.906922 -0.258993
2.78728 0.898656 -0.258993
2.7806 0.886869 -0.258112
2.28715 1.67701 -0.148896
2.15519 1.56986 -0.139984
2.18438 1.58065 -0.141557
2.20528 1.58582 -0.142605
2.20212 1.57308 -0.142081
2.21547 1.57155 -0.142605
2.21223 1.55883 -0.142081
2.20867 1.54653 -0.141557
2.24631 1.56239 -0.143654
2.25121 1.55532 -0.143654
2.26432 1.55389 -0.144178
2.26892 1.54717 -0.144178
2.27377 1.54003 -0.144178
2.27859 1.53288 -0.144178
2.27509 1.52017 -0.143654
2.28818 1.51854 -0.144178
2.29294 1.51134 -0.144178
2.29741 1.50453 -0.144178
2.30213 1.49731 -0.144178
2.29843 1.48465 -0.143654
2.28627 1.46663 -0.142605
2.29929 1.46481 -0.143129
2.31232 1.46292 -0.143654
2.31665 1.45605 -0.143654
2.31274 1.44348 -0.143129
2.32575 1.44147 -0.143654
2.33027 1.43415 -0.143654
2.33477 1.42683 -0.143654
2.34777 1.42466 -0.144178
2.35224 1.41728 -0.144178
2.34811 1.40476 -0.143654
2.36085 1.40289 -0.144178
2.36525 1.39546 -0.144178
2.36962 1.38803 -0.144178
2.39987 1.39564 -0.145751
2.42154 1.39807 -0.146799
2.41725 1.38549 -0.146275
2.41267 1.37338 -0.145751
2.42567 1.3707 -0.146275
2.43867 1.36796 -0.146799
2.43424 1.35543 -0.146275
2.42974 1.34295 -0.145751
2.4427 1.34011 -0.146275
2.41182 1.31333 -0.144178
2.43351 1.31524 -0.145226
2.4374 1.30801 -0.145226
2.44149 1.30035 -0.145226
2.44557 1.29268 -0.145226
2.45846 1.28963 -0.145751
2.4625 1.2819 -0.145751
2.46651 1.27415 -0.145751
2.47028 1.26683 -0.145751
2.47425 1.25906 -0.145751
2.47819 1.25128 -0.145751
2.49104 1.24796 -0.146275
2.49495 1.24013 -0.146275
2.50779 1.23671 -0.146799
2.53857 1.24199 -0.148372
2.54246 1.234 -0.148372
2.55511 1.23079 -0.148896
2.55896 1.22276 -0.148896
2.56279 1.21471 -0.148896
2.55756 1.20241 -0.148372
2.57037 1.19858 -0.148896
2.56506 1.18631 -0.148372
2.56857 1.1787 -0.148372
2.52681 1.14994 -0.145751
2.55772 1.15432 -0.147324
2.57045 1.15036 -0.147848
2.56492 1.13822 -0.147324
2.58677 1.13821 -0.148372
2.58098 1.12653 -0.147848
2.59367 1.12238 -0.148372
2.59719 1.11423 -0.148372
2.60068 1.10606 -0.148372
2.60414 1.09789 -0.148372
2.61679 1.09355 -0.148896
2.60176 1.07768 -0.147848
2.62361 1.07709 -0.148896
2.62679 1.0693 -0.148896
2.66718 1.07599 -0.150994
2.67055 1.0676 -0.150994
2.68317 1.06289 -0.151518
2.6865 1.05445 -0.151518
2.70841 1.05324 -0.152566
2.70239 1.04114 -0.152042
2.72431 1.03977 -0.153091
2.72738 1.03168 -0.153091
2.6745 1.00208 -0.149945
2.69636 1.00062 -0.150994
2.70886 0.995594 -0.151518
2.71198 0.987079 -0.151518
2.71506 0.978554 -0.151518
2.72753 0.973375 -0.152042
2.73057 0.964803 -0.152042
2.73359 0.956219 -0.152042
2.73658 0.947627 -0.152042
2.73938 0.939503 -0.152042
2.74232 0.930891 -0.152042
2.7547 0.925454 -0.152566
2.75759 0.916794 -0.152566
2.76046 0.908127 -0.152566
2.77279 0.90254 -0.153091
2.77546 0.89431 -0.153091
2.76874 0.882554 -0.152566
2.22277 1.6185 -0.04726
2.17924 1.57635 -0.046229
2.21638 1.59322 -0.046916
2.21324 1.58044 -0.046744
2.22662 1.57887 -0.046916
2.23157 1.57187 -0.046916
2.22831 1.55912 -0.046744
2.24141 1.55782 -0.046916
2.25425 1.55684 -0.047088
2.25088 1.5441 -0.046916
2.26398 1.54265 -0.047088
2.26882 1.53553 -0.047088
2.27363 1.52839 -0.047088
2.27842 1.52124 -0.047088
2.28292 1.51447 -0.047088
2.29602 1.5128 -0.04726
2.2924 1.5001 -0.047088
2.2971 1.49289 -0.047088
2.30178 1.48567 -0.047088
2.30643 1.47843 -0.047088
2.31924 1.47695 -0.04726
2.32387 1.46966 -0.04726
2.33694 1.46767 -0.047432
2.33306 1.45503 -0.04726
2.35462 1.45822 -0.047604
2.34215 1.44034 -0.04726
2.36373 1.4434 -0.047604
2.36826 1.43596 -0.047604
2.37251 1.42893 -0.047604
2.3684 1.41634 -0.047432
2.39863 1.4242 -0.047947
2.36003 1.39127 -0.047088
2.39028 1.399 -0.047604
2.39466 1.39149 -0.047604
2.39878 1.38438 -0.047604
2.39444 1.37186 -0.047432
2.39874 1.36433 -0.047432
2.41172 1.36171 -0.047604
2.41598 1.35412 -0.047604
2.42023 1.34653 -0.047604
2.42444 1.33892 -0.047604
2.42864 1.3313 -0.047604
2.43258 1.32408 -0.047604
2.44552 1.32119 -0.047775
2.44966 1.3135 -0.047775
2.45378 1.30579 -0.047775
2.48439 1.31209 -0.048291
2.47964 1.29963 -0.048119
2.49236 1.29689 -0.048291
2.50531 1.29364 -0.048463
2.49134 1.27708 -0.048119
2.51316 1.27831 -0.048463
2.52631 1.27447 -0.048635
2.5303 1.26653 -0.048635
2.48054 1.23189 -0.047604
2.52027 1.24177 -0.048291
2.53293 1.23868 -0.048463
2.52781 1.22635 -0.048291
2.53165 1.2184 -0.048291
2.54449 1.21475 -0.048463
2.54829 1.20675 -0.048463
2.55207 1.19874 -0.048463
2.55562 1.19116 -0.048463
2.55935 1.18313 -0.048463
2.56305 1.17508 -0.048463
2.56673 1.16702 -0.048463
2.5795 1.16306 -0.048635
2.59227 1.15903 -0.048807
2.5957 1.15134 -0.048807
2.5993 1.14318 -0.048807
2.62121 1.143 -0.04915
2.62479 1.13476 -0.04915
2.63753 1.13045 -0.049322
2.64107 1.12215 -0.049322
2.65379 1.11773 -0.049494
2.65729 1.10939 -0.049494
2.65133 1.09768 -0.049322
2.63627 1.08175 -0.048978
2.64892 1.07723 -0.04915
2.65229 1.0689 -0.04915
2.66492 1.06427 -0.049322
2.67755 1.05957 -0.049494
2.68086 1.05116 -0.049494
2.68415 1.04273 -0.049494
2.6779 1.03117 -0.049322
2.69981 1.02988 -0.049666
2.70303 1.02139 -0.049666
2.70623 1.01289 -0.049666
2.7094 1.00439 -0.049666
2.72193 0.999317 -0.049838
2.73445 0.994177 -0.05001
2.74697 0.988968 -0.050181
2.75006 0.980333 -0.050181
2.7437 0.968363 -0.05001
2.74656 0.960217 -0.05001
2.76846 0.958123 -0.050353
2.762 0.946181 -0.050181
2.77442 0.94071 -0.050353
2.73945 0.919267 -0.049666
2.77079 0.920108 -0.050181
2.78301 0.915005 -0.050353
2.78587 0.906258 -0.050353
2.77918 0.894439 -0.050181
2.78198 0.885704 -0.050181
2.29571 1.67959 0.45068
2.18113 1.58527 0.427207
2.20984 1.59614 0.431902
2.263 1.62373 0.441291
2.27585 1.62275 0.442856
2.2815 1.61479 0.442856
2.2782 1.60233 0.441291
2.29942 1.60648 0.444421
2.28822 1.58799 0.441291
2.30133 1.5864 0.442856
2.30603 1.57956 0.442856
2.30281 1.56675 0.441291
2.31591 1.56504 0.442856
2.32081 1.55776 0.442856
2.32569 1.55046 0.442856
2.33055 1.54314 0.442856
2.33512 1.53622 0.442856
2.33167 1.52348 0.441291
2.34473 1.52152 0.442856
2.3495 1.51415 0.442856
2.35424 1.50676 0.442856
2.3673 1.50465 0.444421
2.3634 1.49235 0.442856
2.37645 1.49016 0.444421
2.38112 1.48269 0.444421
2.38576 1.4752 0.444421
2.3988 1.47287 0.445986
2.40342 1.46533 0.445986
2.40801 1.45777 0.445986
2.41258 1.4502 0.445986
2.41687 1.44303 0.445986
2.42139 1.43543 0.445986
2.42589 1.42782 0.445986
2.43036 1.42019 0.445986
2.43481 1.41255 0.445986
2.43924 1.40489 0.445986
2.45197 1.40255 0.44755
2.45636 1.39484 0.44755
2.46073 1.38712 0.44755
2.46508 1.37938 0.44755
2.4694 1.37163 0.44755
2.4737 1.36386 0.44755
2.47797 1.35609 0.44755
2.4909 1.35301 0.449115
2.4949 1.34561 0.449115
2.50782 1.34243 0.45068
2.51203 1.33455 0.45068
2.50747 1.32204 0.449115
2.52036 1.31873 0.45068
2.52449 1.31081 0.45068
2.53715 1.30784 0.452245
2.53245 1.29536 0.45068
2.53628 1.28785 0.45068
2.54936 1.28387 0.452245
2.55338 1.27585 0.452245
2.55738 1.26783 0.452245
2.55249 1.25543 0.45068
2.56529 1.25173 0.452245
2.569 1.24411 0.452245
2.5818 1.24032 0.45381
2.57676 1.22795 0.452245
2.58954 1.22407 0.45381
2.59337 1.21593 0.45381
2.59718 1.20777 0.45381
2.60075 1.20006 0.45381
2.60451 1.19189 0.45381
2.60824 1.1837 0.45381
2.62095 1.17955 0.455375
2.62464 1.17131 0.455375
2.63734 1.16706 0.45694
2.64079 1.15923 0.45694
2.65348 1.15487 0.458504
2.64803 1.14261 0.45694
2.6516 1.13429 0.45694
2.65515 1.12595 0.45694
2.65868 1.1176 0.45694
2.67129 1.11304 0.458504
2.67478 1.10465 0.458504
2.68718 1.10045 0.460069
2.69062 1.092 0.460069
2.70321 1.08723 0.461634
2.69743 1.07508 0.460069
2.7008 1.0666 0.460069
2.72253 1.0653 0.463199
2.72586 1.05675 0.463199
2.71995 1.04464 0.461634
2.73227 1.04007 0.463199
2.27543 1.66414 0.344451
2.16019 1.56947 0.326258
2.21312 1.59792 0.333535
2.28266 1.63724 0.343238
2.27942 1.6247 0.342025
2.29318 1.62246 0.343238
2.29799 1.61565 0.343238
2.29492 1.60274 0.342025
2.29994 1.59552 0.342025
2.30494 1.58829 0.342025
2.30964 1.58144 0.342025
2.3146 1.57418 0.342025
2.33598 1.57802 0.344451
2.33269 1.56514 0.343238
2.33759 1.5578 0.343238
2.3342 1.54497 0.342025
2.35536 1.54895 0.344451
2.3519 1.53611 0.343238
2.36505 1.53412 0.344451
2.36151 1.5213 0.343238
2.36628 1.51388 0.343238
2.37102 1.50644 0.343238
2.38387 1.50469 0.344451
2.38018 1.49193 0.343238
2.39328 1.48969 0.344451
2.39795 1.48216 0.344451
2.40259 1.47462 0.344451
2.41569 1.47223 0.345664
2.4203 1.46463 0.345664
2.42489 1.45702 0.345664
2.4292 1.44982 0.345664
2.42521 1.43712 0.344451
2.44682 1.43956 0.346877
2.43419 1.42185 0.344451
2.45582 1.42416 0.346877
2.46028 1.41644 0.346877
2.45585 1.4042 0.345664
2.46025 1.39648 0.345664
2.47328 1.39362 0.346877
2.47764 1.38584 0.346877
2.48199 1.37805 0.346877
2.4863 1.37025 0.346877
2.49059 1.36243 0.346877
2.50359 1.35934 0.348089
2.49887 1.34719 0.346877
2.50309 1.33933 0.346877
2.50729 1.33146 0.346877
2.51146 1.32358 0.346877
2.5244 1.32028 0.348089
2.52853 1.31235 0.348089
2.53242 1.30484 0.348089
2.5365 1.29688 0.348089
2.54034 1.28935 0.348089
2.55347 1.28538 0.349302
2.56637 1.28178 0.350515
2.56149 1.26931 0.349302
2.56547 1.26125 0.349302
2.56942 1.25319 0.349302
2.57312 1.24556 0.349302
2.57702 1.23747 0.349302
2.58986 1.23364 0.350515
2.59372 1.22549 0.350515
2.59756 1.21734 0.350515
2.61037 1.21336 0.351728
2.60495 1.20145 0.350515
2.61774 1.19739 0.351728
2.62149 1.18916 0.351728
2.63426 1.18499 0.352941
2.63797 1.17671 0.352941
2.65073 1.17243 0.354154
2.64511 1.16057 0.352941
2.64874 1.15226 0.352941
2.65235 1.14393 0.352941
2.66506 1.13949 0.354154
2.66862 1.13111 0.354154
2.68131 1.12657 0.355367
2.68484 1.11814 0.355367
2.68834 1.1097 0.355367
2.69162 1.10172 0.355367
2.70427 1.09699 0.356579
2.7077 1.08849 0.356579
2.72033 1.08365 0.357792
2.72372 1.0751 0.357792
2.72708 1.06654 0.357792
2.73968 1.06155 0.359005
2.743 1.05294 0.359005
2.75539 1.04832 0.360218
2.75867 1.03966 0.360218
2.75262 1.02752 0.359005
2.77446 1.02575 0.361431
2.78698 1.02044 0.362644
2.78084 1.0083 0.361431
2.79334 1.00291 0.362644
2.79648 0.994131 0.362644
2.80895 0.988637 0.363857
2.81204 0.979808 0.363857
2.81494 0.971459 0.363857
2.81798 0.962611 0.363857
2.83039 0.956933 0.365069
2.83338 0.948036 0.365069
2.83635 0.93913 0.365069
2.83928 0.930214 0.365069
2.84203 0.921787 0.365069
2.84491 0.912854 0.365069
2.81938 0.894902 0.361431
2.28122 1.65679 0.244933
2.18918 1.58005 0.234548
2.267 1.62541 0.242337
2.27182 1.61868 0.242337
2.28559 1.61649 0.243202
2.29853 1.61543 0.244068
2.29542 1.6025 0.243202
2.30044 1.59528 0.243202
2.30544 1.58805 0.243202
2.31837 1.58682 0.244068
2.3151 1.57393 0.243202
2.32003 1.56665 0.243202
2.33322 1.5649 0.244068
2.33812 1.55757 0.244068
2.3347 1.54472 0.243202
2.33927 1.53778 0.243202
2.35243 1.53587 0.244068
2.35724 1.52847 0.244068
2.36203 1.52106 0.244068
2.3668 1.51363 0.244068
2.35538 1.47581 0.241471
2.36846 1.47366 0.242337
2.37308 1.46621 0.242337
2.37767 1.45875 0.242337
2.38224 1.45127 0.242337
2.39531 1.44894 0.243202
2.39985 1.44141 0.243202
2.40412 1.43428 0.243202
2.40861 1.42672 0.243202
2.41308 1.41915 0.243202
2.43474 1.4216 0.244933
2.44781 1.41895 0.245799
2.45226 1.41125 0.245799
2.45643 1.40397 0.245799
2.46083 1.39624 0.245799
2.4652 1.3885 0.245799
2.46955 1.38075 0.245799
2.47388 1.37299 0.245799
2.47818 1.36521 0.245799
2.4912 1.3622 0.246664
2.48671 1.34961 0.245799
2.4907 1.34223 0.245799
2.4768 1.30476 0.243202
2.49854 1.30621 0.244933
2.51148 1.30294 0.245799
2.50648 1.29092 0.244933
2.51939 1.28757 0.245799
2.5232 1.28009 0.245799
2.52743 1.27172 0.245799
2.54033 1.26822 0.246664
2.5443 1.26024 0.246664
2.55719 1.25663 0.24753
2.57903 1.25732 0.249261
2.58275 1.24966 0.249261
2.59565 1.24585 0.250126
2.59955 1.23769 0.250126
2.60342 1.22952 0.250126
2.60727 1.22134 0.250126
2.6111 1.21314 0.250126
2.62373 1.20956 0.250992
2.62752 1.20131 0.250992
2.63128 1.19305 0.250992
2.63502 1.18478 0.250992
2.63873 1.17649 0.250992
2.65152 1.17222 0.251857
2.64586 1.16035 0.250992
2.65863 1.15601 0.251857
2.6714 1.15159 0.252723
2.675 1.14319 0.252723
2.67858 1.13478 0.252723
2.68213 1.12636 0.252723
2.69486 1.12176 0.253588
2.69837 1.11329 0.253588
2.70166 1.10528 0.253588
2.70512 1.09678 0.253588
2.71779 1.092 0.254454
2.72121 1.08345 0.254454
2.73387 1.07855 0.255319
2.73724 1.06996 0.255319
2.74059 1.06135 0.255319
2.74391 1.05274 0.255319
2.75634 1.04813 0.256185
2.76894 1.04298 0.25705
2.76287 1.03079 0.256185
2.77543 1.02557 0.25705
2.77864 1.01684 0.25705
2.78183 1.00811 0.25705
2.79435 1.00273 0.257916
2.7881 0.990606 0.25705
2.8006 0.985148 0.257916
2.80368 0.976346 0.257916
2.81598 0.97127 0.258781
2.80959 0.9592 0.257916
2.82203 0.953559 0.258781
2.83446 0.947847 0.259647
2.83742 0.938938 0.259647
2.84036 0.930019 0.259647
2.84311 0.921588 0.259647
2.85547 0.915694 0.260512
2.83935 0.900693 0.258781
2.33824 1.70882 0.150238
2.19005 1.59 0.140395
2.24335 1.61855 0.143503
2.27277 1.62895 0.145057
2.26946 1.6164 0.144539
2.26694 1.60271 0.144021
2.27985 1.60171 0.144539
2.28487 1.59454 0.144539
2.28166 1.58167 0.144021
2.2784 1.56883 0.143503
2.28304 1.56206 0.143503
2.2962 1.56049 0.144021
2.29281 1.54769 0.143503
2.29766 1.54047 0.143503
2.30249 1.53325 0.143503
2.3073 1.52601 0.143503
2.31181 1.51916 0.143503
2.3333 1.5228 0.144539
2.32131 1.5046 0.143503
2.33442 1.5027 0.144021
2.32231 1.4846 0.142985
2.36068 1.49871 0.145057
2.36512 1.4917 0.145057
2.36979 1.48426 0.145057
2.37444 1.47681 0.145057
2.37907 1.46934 0.145057
2.38368 1.46186 0.145057
2.38826 1.45437 0.145057
2.39282 1.44686 0.145057
2.40591 1.44447 0.145575
2.40161 1.43221 0.145057
2.41469 1.42975 0.145575
2.40195 1.41203 0.144539
2.415 1.40952 0.145057
2.41077 1.39692 0.144539
2.41515 1.38933 0.144539
2.41926 1.38216 0.144539
2.44097 1.38441 0.145575
2.4366 1.37183 0.145057
2.4409 1.36417 0.145057
2.45391 1.36134 0.145575
2.45817 1.35363 0.145575
2.47117 1.35069 0.146093
2.4754 1.34292 0.146093
2.47938 1.33557 0.146093
2.48356 1.32777 0.146093
2.48772 1.31996 0.146093
2.49186 1.31214 0.146093
2.49597 1.3043 0.146093
2.50005 1.29646 0.146093
2.50389 1.28903 0.146093
2.50792 1.28116 0.146093
2.51171 1.27372 0.146093
2.51592 1.26538 0.146093
2.52882 1.26193 0.146611
2.54172 1.25841 0.147129
2.55463 1.25482 0.147647
2.54958 1.24241 0.147129
2.56225 1.23919 0.147647
2.56613 1.23114 0.147647
2.579 1.22736 0.148165
2.58284 1.21925 0.148165
2.58666 1.21113 0.148165
2.59045 1.203 0.148165
2.61215 1.20367 0.149202
2.61592 1.19545 0.149202
2.61966 1.18723 0.149202
2.61427 1.1749 0.148683
2.60883 1.16261 0.148165
2.61246 1.15441 0.148165
2.62503 1.15067 0.148683
2.63779 1.14639 0.149202
2.65055 1.14205 0.14972
2.65412 1.13372 0.14972
2.66687 1.12927 0.150238
2.66119 1.11702 0.14972
2.67391 1.11249 0.150238
2.64046 1.08886 0.148165
2.6899 1.09992 0.150756
2.69334 1.09146 0.150756
2.69676 1.083 0.150756
2.70015 1.07452 0.150756
2.70351 1.06603 0.150756
2.71615 1.06116 0.151274
2.72878 1.05623 0.151792
2.72276 1.04408 0.151274
2.73518 1.03954 0.151792
2.73843 1.03095 0.151792
2.74166 1.02234 0.151792
2.74803 1.00509 0.151792
2.76056 0.999853 0.15231
2.75429 0.987805 0.151792
2.7762 0.98583 0.152828
2.77928 0.977104 0.152828
2.79177 0.971651 0.153346
2.7852 0.960108 0.152828
2.79765 0.954579 0.153346
2.8101 0.948981 0.153864
2.81307 0.940147 0.153864
2.82549 0.934441 0.154382
2.8379 0.928665 0.1549
2.84065 0.920242 0.1549
2.84352 0.911313 0.1549
2.81781 0.893321 0.153346
2.30904 1.68687 0.04915
2.18485 1.58564 0.046401
2.22199 1.60255 0.047088
2.26765 1.62468 0.047947
2.27246 1.61794 0.047947
2.27809 1.61 0.047947
2.28286 1.60323 0.047947
2.27969 1.59033 0.047775
2.29289 1.58886 0.047947
2.29787 1.58165 0.047947
2.30255 1.57482 0.047947
2.29922 1.56196 0.047775
2.3124 1.56032 0.047947
2.31729 1.55305 0.047947
2.32216 1.54576 0.047947
2.327 1.53846 0.047947
2.33156 1.53155 0.047947
2.33636 1.52422 0.047947
2.34953 1.5223 0.048119
2.34589 1.50951 0.047947
2.35062 1.50213 0.047947
2.34688 1.48938 0.047775
2.35975 1.48774 0.047947
2.37289 1.48563 0.048119
2.36905 1.47289 0.047947
2.38218 1.47069 0.048119
2.38679 1.4632 0.048119
2.38283 1.45049 0.047947
2.39593 1.44817 0.048119
2.40047 1.44064 0.048119
2.40473 1.43351 0.048119
2.40922 1.42595 0.048119
2.41369 1.41837 0.048119
2.4095 1.40574 0.047947
2.42256 1.40318 0.048119
2.43562 1.40054 0.048291
2.43976 1.39331 0.048291
2.44413 1.38564 0.048291
2.43976 1.37305 0.048119
2.46152 1.37513 0.048463
2.45708 1.36254 0.048291
2.47011 1.35964 0.048463
2.47437 1.35187 0.048463
2.48739 1.34886 0.048635
2.49138 1.34147 0.048635
2.5044 1.33835 0.048807
2.49976 1.32579 0.048635
2.51276 1.32259 0.048807
2.50804 1.31006 0.048635
2.52102 1.30677 0.048807
2.52489 1.29929 0.048807
2.52896 1.29135 0.048807
2.5417 1.28836 0.048978
2.53702 1.27543 0.048807
2.54102 1.26746 0.048807
2.54499 1.25947 0.048807
2.55791 1.25587 0.048978
2.54386 1.23908 0.048635
2.54753 1.23152 0.048635
2.55138 1.22351 0.048635
2.56424 1.21979 0.048807
2.5771 1.21599 0.048978
2.58091 1.20789 0.048978
2.58469 1.19977 0.048978
2.58824 1.1921 0.048978
2.61016 1.19227 0.049322
2.57747 1.16756 0.048635
2.63584 1.18404 0.049666
2.63042 1.17169 0.049494
2.64323 1.16746 0.049666
2.64668 1.15961 0.049666
2.65031 1.15129 0.049666
2.65392 1.14296 0.049666
2.66669 1.13854 0.049838
2.67025 1.13016 0.049838
2.67379 1.12176 0.049838
2.68653 1.1172 0.05001
2.68079 1.10494 0.049838
2.68405 1.09698 0.049838
2.68749 1.08854 0.049838
2.69089 1.0801 0.049838
2.69427 1.07164 0.049838
2.69763 1.06317 0.049838
2.70095 1.05469 0.049838
2.71358 1.0498 0.05001
2.71686 1.04128 0.05001
2.72929 1.03676 0.050181
2.74189 1.0317 0.050353
2.71701 1.01261 0.049838
2.7577 1.01792 0.050525
2.76088 1.00925 0.050525
2.77344 1.00397 0.050697
2.77658 0.995254 0.050697
2.77969 0.986525 0.050697
2.79221 0.981103 0.050869
2.79528 0.972326 0.050869
2.80761 0.967284 0.051041
2.81063 0.95846 0.051041
2.81363 0.949626 0.051041
2.82608 0.943948 0.051213
2.82903 0.935066 0.051213
2.83196 0.926173 0.051213
2.8442 0.920846 0.051384
2.83756 0.908857 0.051213
2.82134 0.893898 0.050869
