2.17241 -0.62498 -0.60469
2.12406 -0.618301 -0.591769
2.14064 -0.63043 -0.596937
2.13864 -0.637151 -0.596937
2.13663 -0.643867 -0.596937
2.12536 -0.64776 -0.594353
2.13254 -0.657279 -0.596937
2.12125 -0.661101 -0.594353
2.12837 -0.670665 -0.596937
2.12614 -0.677719 -0.596937
2.124 -0.684396 -0.596937
2.12172 -0.691435 -0.596937
2.12883 -0.700748 -0.599521
2.11745 -0.704383 -0.596937
2.11523 -0.711032 -0.596937
2.11299 -0.717673 -0.596937
2.11986 -0.727444 -0.599521
2.10843 -0.730935 -0.596937
2.11525 -0.740749 -0.599521
2.11291 -0.74739 -0.599521
2.11055 -0.754024 -0.599521
2.09908 -0.757372 -0.596937
2.09669 -0.763963 -0.596937
2.10321 -0.774249 -0.599521
2.12794 -0.79095 -0.607274
2.12544 -0.797631 -0.607274
2.14099 -0.81115 -0.612442
2.13843 -0.817872 -0.612442
2.13585 -0.824586 -0.612442
2.11525 -0.824277 -0.607274
2.13063 -0.837989 -0.612442
2.12799 -0.844679 -0.612442
2.12532 -0.85136 -0.612442
2.12264 -0.858033 -0.612442
2.11993 -0.864697 -0.612442
2.10827 -0.867676 -0.609858
2.05186 -0.852425 -0.594353
2.08481 -0.873804 -0.60469
2.07315 -0.876587 -0.602106
2.07039 -0.883096 -0.602106
2.07648 -0.893414 -0.60469
2.0648 -0.896087 -0.602106
2.07082 -0.906443 -0.60469
2.06797 -0.912944 -0.60469
2.06509 -0.919436 -0.60469
2.06219 -0.925919 -0.60469
2.05927 -0.932393 -0.60469
2.05617 -0.939217 -0.60469
2.06198 -0.949713 -0.607274
2.05023 -0.952118 -0.60469
2.04722 -0.958554 -0.60469
2.03547 -0.960857 -0.602106
2.04116 -0.971398 -0.60469
2.07294 -0.99452 -0.615026
2.0698 -1.00103 -0.615026
2.06665 -1.00752 -0.615026
2.06347 -1.01401 -0.615026
2.06028 -1.02049 -0.615026
2.0657 -1.03127 -0.61761
2.07108 -1.0421 -0.620195
2.059 -1.04459 -0.61761
2.05571 -1.05105 -0.61761
2.06099 -1.06193 -0.620195
2.04907 -1.06395 -0.61761
2.05427 -1.07486 -0.620195
2.0167 -1.06329 -0.609858
2.03042 -1.07868 -0.615026
2.0185 -1.0805 -0.612442
2.0236 -1.09142 -0.615026
2.00318 -1.08854 -0.609858
2.0167 -1.10411 -0.615026
2.00476 -1.10578 -0.612442
2.00972 -1.11676 -0.615026
1.99758 -1.1187 -0.612442
2.01088 -1.13446 -0.61761
1.99891 -1.136 -0.615026
2.00372 -1.14707 -0.61761
1.99173 -1.14854 -0.615026
1.98812 -1.15479 -0.615026
1.98448 -1.16103 -0.615026
1.99747 -1.17707 -0.620195
2.01037 -1.1932 -0.625363
2.01491 -1.20446 -0.627947
2.01111 -1.21079 -0.627947
2.02361 -1.22747 -0.633115
2.00325 -1.22375 -0.627947
2.01585 -1.24016 -0.633115
2.00374 -1.2414 -0.630531
2.01622 -1.25792 -0.6357
2.00408 -1.2591 -0.633115
2.00827 -1.27056 -0.6357
1.99612 -1.27167 -0.633115
1.9352 -1.24142 -0.615026
1.96375 -1.26846 -0.625363
1.95976 -1.27463 -0.625363
1.96382 -1.28607 -0.627947
1.95977 -1.29223 -0.627947
1.94743 -1.29338 -0.625363
1.95139 -1.30486 -0.627947
1.94728 -1.31099 -0.627947
1.95115 -1.32252 -0.630531
1.939 -1.32319 -0.627947
1.95076 -1.34022 -0.633115
1.9386 -1.34085 -0.630531
1.9423 -1.35245 -0.633115
1.93013 -1.353 -0.630531
1.93377 -1.36463 -0.633115
1.92947 -1.3707 -0.633115
1.9642 -1.40519 -0.646036
1.95194 -1.40571 -0.643452
1.96315 -1.42317 -0.64862
1.95087 -1.42364 -0.646036
1.95417 -1.43548 -0.64862
1.94188 -1.43587 -0.646036
1.94511 -1.44773 -0.64862
1.94055 -1.45384 -0.64862
1.94369 -1.46574 -0.651204
1.93882 -1.47218 -0.651204
1.89581 -1.44893 -0.638284
1.90656 -1.46666 -0.643452
1.90194 -1.47264 -0.643452
1.88969 -1.47267 -0.640868
1.89265 -1.48456 -0.643452
1.89556 -1.49649 -0.646036
1.89085 -1.50244 -0.646036
1.87077 -1.49663 -0.640868
2.14224 -0.624001 -0.515286
2.14027 -0.630728 -0.515286
2.14762 -0.640232 -0.517536
2.1456 -0.646976 -0.517536
2.14355 -0.653714 -0.517536
2.14149 -0.660444 -0.517536
2.1394 -0.667169 -0.517536
2.15588 -0.679747 -0.522036
2.12577 -0.67801 -0.515286
2.14217 -0.690665 -0.519786
2.14913 -0.700785 -0.522036
2.13779 -0.704111 -0.519786
2.14481 -0.7139 -0.522036
2.14256 -0.720635 -0.522036
2.14029 -0.727362 -0.522036
2.13799 -0.734083 -0.522036
2.13567 -0.740796 -0.522036
2.13334 -0.747501 -0.522036
2.13098 -0.7542 -0.522036
2.13777 -0.76417 -0.524287
2.13536 -0.770883 -0.524287
2.10546 -0.767575 -0.517536
2.11205 -0.777921 -0.519786
2.1096 -0.784552 -0.519786
2.10712 -0.791176 -0.519786
2.11374 -0.801245 -0.522036
2.11121 -0.807882 -0.522036
2.09957 -0.810999 -0.519786
2.09701 -0.817591 -0.519786
2.09443 -0.824175 -0.519786
2.09184 -0.830751 -0.519786
2.08922 -0.837319 -0.519786
2.08657 -0.843878 -0.519786
2.08391 -0.850429 -0.519786
2.08123 -0.856972 -0.519786
2.07838 -0.863869 -0.519786
2.08464 -0.874162 -0.522036
2.08188 -0.880706 -0.522036
2.08807 -0.891067 -0.524287
2.09421 -0.901475 -0.526537
2.09136 -0.908049 -0.526537
2.0885 -0.914615 -0.526537
2.10344 -0.929045 -0.531037
2.09161 -0.931684 -0.528787
2.08868 -0.93825 -0.528787
2.08572 -0.944808 -0.528787
2.07371 -0.947669 -0.526537
2.07072 -0.954179 -0.526537
2.06772 -0.96068 -0.526537
2.06469 -0.967171 -0.526537
2.04402 -0.965331 -0.522036
2.04977 -0.975936 -0.524287
2.0467 -0.982371 -0.524287
2.05237 -0.993039 -0.526537
2.04924 -0.999482 -0.526537
2.03735 -1.00162 -0.524287
2.04292 -1.01234 -0.526537
2.04845 -1.02311 -0.528787
2.03652 -1.02515 -0.526537
2.0418 -1.03631 -0.528787
2.03853 -1.04272 -0.528787
2.03525 -1.04912 -0.528787
2.03194 -1.05551 -0.528787
2.02861 -1.06189 -0.528787
2.05112 -1.08189 -0.535537
2.04771 -1.08833 -0.535537
2.0357 -1.09016 -0.533287
2.04084 -1.10117 -0.535537
2.03737 -1.10758 -0.535537
2.03388 -1.11398 -0.535537
2.03037 -1.12036 -0.535537
2.02684 -1.12673 -0.535537
2.03159 -1.13821 -0.537787
2.028 -1.14459 -0.537787
2.03287 -1.15577 -0.540038
2.01232 -1.15246 -0.535537
2.01713 -1.16365 -0.537787
2.00504 -1.16509 -0.535537
1.98455 -1.16154 -0.531037
2.00607 -1.18261 -0.537787
2.00235 -1.18891 -0.537787
1.9986 -1.19519 -0.537787
1.99484 -1.20146 -0.537787
1.99084 -1.20807 -0.537787
1.98704 -1.21432 -0.537787
1.99151 -1.22566 -0.540038
1.98765 -1.23191 -0.540038
1.98377 -1.23815 -0.540038
1.97987 -1.24438 -0.540038
1.98418 -1.2558 -0.542288
1.97201 -1.25679 -0.540038
1.96805 -1.26298 -0.540038
1.96825 -1.28064 -0.542288
1.98866 -1.30283 -0.549038
1.99269 -1.31444 -0.551288
1.98832 -1.32104 -0.551288
1.97607 -1.32186 -0.549038
1.98807 -1.33895 -0.553539
1.97579 -1.33972 -0.551288
1.97157 -1.34592 -0.551288
1.97536 -1.35763 -0.553539
1.9791 -1.36937 -0.555789
1.96679 -1.37001 -0.553539
1.93854 -1.3594 -0.546788
1.93426 -1.36548 -0.546788
1.93791 -1.3772 -0.549038
1.93333 -1.38362 -0.549038
1.93688 -1.39538 -0.551288
1.93248 -1.40146 -0.551288
1.92807 -1.40752 -0.551288
1.92364 -1.41357 -0.551288
1.92702 -1.4254 -0.553539
1.91472 -1.42563 -0.551288
1.91803 -1.43748 -0.553539
1.9135 -1.4435 -0.553539
1.90871 -1.44984 -0.553539
1.91188 -1.46175 -0.555789
1.915 -1.47369 -0.558039
1.91036 -1.4797 -0.558039
1.90571 -1.48569 -0.558039
1.90103 -1.49167 -0.558039
1.90398 -1.50367 -0.560289
1.89925 -1.50965 -0.560289
1.88662 -1.50985 -0.558039
2.17659 -0.634418 -0.442807
2.16517 -0.638476 -0.44089
2.19137 -0.653692 -0.446641
2.17991 -0.657738 -0.444724
2.16844 -0.661719 -0.442807
2.17573 -0.671422 -0.444724
2.17361 -0.678254 -0.444724
2.16211 -0.682126 -0.442807
2.15984 -0.689292 -0.442807
2.17634 -0.702101 -0.446641
2.174 -0.709314 -0.446641
2.16257 -0.712689 -0.444724
2.16032 -0.719479 -0.444724
2.16735 -0.729393 -0.446641
2.16505 -0.736198 -0.446641
2.15344 -0.739808 -0.444724
2.1511 -0.746569 -0.444724
2.14875 -0.753323 -0.444724
2.14637 -0.76007 -0.444724
2.14397 -0.76681 -0.444724
2.13232 -0.770207 -0.442807
2.13911 -0.780265 -0.444724
2.12483 -0.79064 -0.442807
2.13153 -0.800763 -0.444724
2.11982 -0.803975 -0.442807
2.12645 -0.81414 -0.444724
2.13304 -0.824354 -0.446641
2.12129 -0.827485 -0.444724
2.11868 -0.834145 -0.444724
2.13429 -0.848045 -0.448558
2.13162 -0.854746 -0.448558
2.11983 -0.857757 -0.446641
2.10804 -0.860702 -0.444724
2.09625 -0.863582 -0.442807
2.08431 -0.86676 -0.44089
2.09968 -0.880898 -0.444724
2.11497 -0.895141 -0.448558
2.11215 -0.901781 -0.448558
2.10931 -0.908412 -0.448558
2.10645 -0.915034 -0.448558
2.10356 -0.921647 -0.448558
2.10065 -0.928251 -0.448558
2.09773 -0.934846 -0.448558
2.10373 -0.945455 -0.450474
2.09181 -0.948008 -0.448558
2.08866 -0.954939 -0.448558
2.08565 -0.961496 -0.448558
2.08261 -0.968044 -0.448558
2.08845 -0.978747 -0.450474
2.07649 -0.98111 -0.448558
2.09112 -0.99607 -0.452391
2.06144 -0.989889 -0.446641
2.05832 -0.99636 -0.446641
2.08164 -1.01573 -0.452391
2.06083 -1.0136 -0.448558
2.05763 -1.02007 -0.448558
2.05442 -1.02653 -0.448558
2.06871 -1.04181 -0.452391
2.05649 -1.04422 -0.450474
2.04447 -1.04621 -0.448558
2.04117 -1.05262 -0.448558
2.04656 -1.06356 -0.450474
2.03452 -1.06543 -0.448558
2.03116 -1.07182 -0.448558
2.04511 -1.08741 -0.452391
2.04169 -1.09383 -0.452391
2.04688 -1.1049 -0.454308
2.0434 -1.11132 -0.454308
2.0399 -1.11774 -0.454308
2.04497 -1.12888 -0.456225
2.04141 -1.1353 -0.456225
2.0462 -1.14686 -0.458142
2.03403 -1.14846 -0.456225
2.03042 -1.15484 -0.456225
2.02678 -1.16122 -0.456225
2.03162 -1.17248 -0.458142
2.01944 -1.17393 -0.456225
2.00728 -1.17531 -0.454308
2.02893 -1.19657 -0.460059
2.00829 -1.19291 -0.456225
2.00453 -1.19921 -0.456225
2.00075 -1.2055 -0.456225
1.99675 -1.21213 -0.456225
2.0013 -1.22352 -0.458142
1.99745 -1.2298 -0.458142
1.99357 -1.23607 -0.458142
1.99801 -1.24752 -0.460059
1.99408 -1.25379 -0.460059
2.00671 -1.27055 -0.463893
1.99444 -1.27157 -0.461976
1.95739 -1.25663 -0.454308
1.98641 -1.28408 -0.461976
1.99881 -1.30102 -0.46581
1.99472 -1.3073 -0.46581
1.9906 -1.31356 -0.46581
1.98623 -1.32015 -0.46581
1.97392 -1.32092 -0.463893
1.9779 -1.3326 -0.46581
1.9737 -1.33881 -0.46581
1.97759 -1.35054 -0.467727
1.96525 -1.35119 -0.46581
1.961 -1.35735 -0.46581
1.96478 -1.36912 -0.467727
1.95243 -1.36965 -0.46581
1.95614 -1.38144 -0.467727
1.96313 -1.40547 -0.471561
1.94279 -1.40015 -0.467727
1.95426 -1.41777 -0.471561
1.95773 -1.42969 -0.473477
1.95323 -1.43584 -0.473477
1.94082 -1.43613 -0.471561
1.94417 -1.44808 -0.473477
1.93961 -1.45418 -0.473477
1.93503 -1.46027 -0.473477
1.92236 -1.46074 -0.471561
1.90997 -1.46081 -0.469644
1.90537 -1.4668 -0.469644
1.92403 -1.49081 -0.475394
1.92707 -1.50289 -0.477311
1.91462 -1.50287 -0.475394
1.90989 -1.50888 -0.475394
1.90514 -1.51487 -0.475394
1.91543 -1.53345 -0.479228
2.19404 -0.624989 -0.362873
2.15411 -0.620937 -0.356589
2.19955 -0.641527 -0.364444
2.17858 -0.642844 -0.361302
2.17655 -0.649685 -0.361302
2.18395 -0.659374 -0.362873
2.17243 -0.663348 -0.361302
2.17977 -0.673083 -0.362873
2.16821 -0.676984 -0.361302
2.16608 -0.683793 -0.361302
2.20143 -0.702989 -0.367585
2.18981 -0.706868 -0.366014
2.19684 -0.71719 -0.367585
2.19471 -0.723705 -0.367585
2.18305 -0.727474 -0.366014
2.18075 -0.734329 -0.366014
2.18779 -0.744357 -0.367585
2.18544 -0.751227 -0.367585
2.17374 -0.754849 -0.366014
2.18068 -0.764943 -0.367585
2.15964 -0.765194 -0.364444
2.17583 -0.77863 -0.367585
2.12693 -0.768678 -0.359731
2.14306 -0.782128 -0.362873
2.14045 -0.78923 -0.362873
2.14722 -0.799397 -0.364444
2.15394 -0.809613 -0.366014
2.15139 -0.816376 -0.366014
2.13959 -0.819598 -0.364444
2.137 -0.826315 -0.364444
2.1344 -0.833025 -0.364444
2.13177 -0.839726 -0.364444
2.1383 -0.850068 -0.366014
2.13562 -0.856781 -0.366014
2.13292 -0.863486 -0.366014
2.13019 -0.870183 -0.366014
2.12745 -0.87687 -0.366014
2.12453 -0.88392 -0.366014
2.11263 -0.886768 -0.364444
2.10984 -0.893401 -0.364444
2.14335 -0.915542 -0.370727
2.13139 -0.918363 -0.369156
2.1285 -0.925055 -0.369156
2.13462 -0.935702 -0.370727
2.12264 -0.93841 -0.369156
2.11066 -0.941052 -0.367585
2.1167 -0.951729 -0.369156
2.1227 -0.962452 -0.370727
2.10153 -0.96127 -0.367585
2.0985 -0.967867 -0.367585
2.12232 -0.986948 -0.372298
2.09238 -0.981033 -0.367585
2.09822 -0.991822 -0.369156
2.09509 -0.998409 -0.369156
2.09194 -1.00499 -0.369156
2.08878 -1.01155 -0.369156
2.08559 -1.01811 -0.369156
2.08238 -1.02466 -0.369156
2.0703 -1.02681 -0.367585
2.0759 -1.03772 -0.369156
2.07263 -1.04424 -0.369156
2.06915 -1.05111 -0.369156
2.06584 -1.0576 -0.369156
2.06251 -1.06409 -0.369156
2.06792 -1.07511 -0.370727
2.05578 -1.07702 -0.369156
2.04366 -1.07887 -0.367585
2.06641 -1.09919 -0.372298
2.05425 -1.10101 -0.370727
2.05078 -1.10746 -0.370727
2.07331 -1.12806 -0.37544
2.06976 -1.13457 -0.37544
2.05754 -1.13629 -0.373869
2.08848 -1.16195 -0.380152
2.04154 -1.14472 -0.372298
2.06373 -1.1657 -0.377011
2.03431 -1.15753 -0.372298
2.06494 -1.18356 -0.378581
2.0441 -1.18016 -0.37544
2.00624 -1.16672 -0.369156
2.02813 -1.18799 -0.373869
2.03289 -1.19938 -0.37544
2.02062 -1.20071 -0.373869
2.01684 -1.20705 -0.373869
2.0215 -1.21848 -0.37544
2.009 -1.22005 -0.373869
2.00516 -1.22636 -0.373869
2.01812 -1.24301 -0.377011
2.0142 -1.24934 -0.377011
2.01027 -1.25566 -0.377011
2.01467 -1.26723 -0.378581
2.01068 -1.27356 -0.378581
2.015 -1.28518 -0.380152
1.99433 -1.28083 -0.377011
1.99029 -1.28709 -0.377011
2.0359 -1.32567 -0.386436
2.02346 -1.32664 -0.384865
2.01929 -1.33299 -0.384865
2.01485 -1.33968 -0.384865
2.01063 -1.346 -0.384865
2.02278 -1.36335 -0.388007
2.01031 -1.36416 -0.386436
1.98971 -1.35932 -0.383294
2.00984 -1.38236 -0.388007
2.00548 -1.38866 -0.388007
1.99301 -1.38931 -0.386436
1.93205 -1.35585 -0.37544
1.97617 -1.39611 -0.384865
1.97983 -1.40803 -0.386436
1.96712 -1.40884 -0.384865
1.97069 -1.42079 -0.386436
1.96622 -1.42697 -0.386436
1.9697 -1.43897 -0.388007
1.96517 -1.44515 -0.388007
1.96856 -1.45719 -0.389578
1.94813 -1.45157 -0.386436
1.94356 -1.45768 -0.386436
1.95474 -1.47568 -0.389578
1.93411 -1.4702 -0.386436
1.93733 -1.48227 -0.388007
1.93266 -1.48835 -0.388007
1.93578 -1.50046 -0.389578
1.92327 -1.50046 -0.388007
1.92631 -1.5126 -0.389578
1.92155 -1.51864 -0.389578
1.90904 -1.51852 -0.388007
1.91171 -1.53102 -0.389578
2.17427 -0.627159 -0.27862
2.11512 -0.617303 -0.271288
2.15125 -0.635187 -0.276176
2.13973 -0.639102 -0.274954
2.14721 -0.648691 -0.276176
2.13567 -0.652533 -0.274954
2.1431 -0.662169 -0.276176
2.14101 -0.668899 -0.276176
2.13889 -0.675622 -0.276176
2.13664 -0.682711 -0.276176
2.12504 -0.686369 -0.274954
2.14162 -0.699576 -0.277398
2.13011 -0.702818 -0.276176
2.12789 -0.709506 -0.276176
2.13506 -0.719356 -0.277398
2.13279 -0.72606 -0.277398
2.1305 -0.732757 -0.277398
2.12818 -0.739447 -0.277398
2.13522 -0.749416 -0.27862
2.13285 -0.75612 -0.27862
2.12112 -0.759471 -0.277398
2.11872 -0.766131 -0.277398
2.10698 -0.769379 -0.276176
2.10442 -0.776362 -0.276176
2.14848 -0.800292 -0.282286
2.10879 -0.793063 -0.277398
2.12485 -0.806729 -0.279842
2.10377 -0.806297 -0.277398
2.11048 -0.816483 -0.27862
2.11715 -0.826719 -0.279842
2.11454 -0.833367 -0.279842
2.11191 -0.840006 -0.279842
2.10926 -0.846636 -0.279842
2.11579 -0.856984 -0.281064
2.12228 -0.867382 -0.282286
2.11037 -0.870261 -0.281064
2.08914 -0.869627 -0.27862
2.1047 -0.883871 -0.281064
2.08364 -0.882736 -0.27862
2.08998 -0.893178 -0.279842
2.07805 -0.89581 -0.27862
2.07523 -0.902334 -0.27862
2.08147 -0.912835 -0.279842
2.07859 -0.91937 -0.279842
2.06663 -0.921852 -0.27862
2.07277 -0.932412 -0.279842
2.0608 -0.934819 -0.27862
2.06671 -0.945778 -0.279842
2.06373 -0.952266 -0.279842
2.06073 -0.958744 -0.279842
2.0577 -0.965214 -0.279842
2.05466 -0.971673 -0.279842
2.0516 -0.978124 -0.279842
2.06641 -0.993163 -0.282286
2.05435 -0.995322 -0.281064
2.06905 -1.01048 -0.283509
2.04805 -1.00821 -0.281064
2.06265 -1.02346 -0.283509
2.05943 -1.02994 -0.283509
2.05618 -1.0364 -0.283509
2.04389 -1.03872 -0.282286
2.05828 -1.05418 -0.284731
2.0285 -1.04699 -0.281064
2.05162 -1.0671 -0.284731
2.03067 -1.06432 -0.282286
2.02732 -1.07069 -0.282286
2.03271 -1.08172 -0.283509
2.02055 -1.08341 -0.282286
2.01714 -1.08975 -0.282286
2.02242 -1.10083 -0.283509
2.01025 -1.10241 -0.282286
2.01547 -1.11352 -0.283509
2.01196 -1.11984 -0.283509
2.00823 -1.12651 -0.283509
2.00468 -1.13281 -0.283509
2.00112 -1.1391 -0.283509
1.99753 -1.14538 -0.283509
2.00251 -1.15662 -0.284731
1.99887 -1.1629 -0.284731
2.00377 -1.1742 -0.285953
1.99152 -1.17544 -0.284731
1.99635 -1.18676 -0.285953
1.99261 -1.19303 -0.285953
1.98886 -1.19928 -0.285953
1.97639 -1.20072 -0.284731
1.9726 -1.20692 -0.284731
1.97725 -1.21832 -0.285953
1.96498 -1.21929 -0.284731
1.96956 -1.23072 -0.285953
1.99089 -1.25276 -0.289619
1.97855 -1.25369 -0.288397
1.96624 -1.25456 -0.287175
1.97064 -1.2661 -0.288397
1.96665 -1.27228 -0.288397
1.95433 -1.27304 -0.287175
1.95862 -1.28462 -0.288397
1.95457 -1.29076 -0.288397
1.95028 -1.29724 -0.288397
1.9462 -1.30336 -0.288397
1.95855 -1.32056 -0.290841
1.95439 -1.32671 -0.290841
1.95022 -1.33284 -0.290841
1.9542 -1.34459 -0.292063
1.9418 -1.34507 -0.290841
1.92943 -1.34549 -0.289619
1.94144 -1.36295 -0.292063
1.93714 -1.36904 -0.292063
1.94092 -1.38087 -0.293285
1.93633 -1.3873 -0.293285
1.94001 -1.39918 -0.294507
1.93561 -1.40527 -0.294507
1.93118 -1.41134 -0.294507
1.92674 -1.4174 -0.294507
1.92228 -1.42345 -0.294507
1.92576 -1.43541 -0.295729
1.92124 -1.44146 -0.295729
1.9167 -1.44748 -0.295729
1.91979 -1.45984 -0.296951
1.91519 -1.46587 -0.296951
1.91058 -1.47187 -0.296951
1.91379 -1.48395 -0.298173
1.90129 -1.48385 -0.296951
1.90443 -1.49595 -0.298173
1.89972 -1.50192 -0.298173
1.88722 -1.5017 -0.296951
1.88223 -1.50795 -0.296951
2.14378 -0.61877 -0.197328
2.16095 -0.631086 -0.19909
2.15895 -0.637872 -0.19909
2.15694 -0.644652 -0.19909
2.1549 -0.651425 -0.19909
2.15285 -0.658191 -0.19909
2.15077 -0.664951 -0.19909
2.14867 -0.671705 -0.19909
2.14643 -0.678826 -0.19909
2.14429 -0.685566 -0.19909
2.142 -0.692673 -0.19909
2.13981 -0.699399 -0.19909
2.14719 -0.708868 -0.199971
2.1355 -0.712457 -0.19909
2.14269 -0.722345 -0.199971
2.13098 -0.725861 -0.19909
2.13811 -0.735793 -0.199971
2.13579 -0.742507 -0.199971
2.13345 -0.749213 -0.199971
2.13108 -0.755912 -0.199971
2.1287 -0.762603 -0.199971
2.11692 -0.765898 -0.19909
2.11437 -0.772913 -0.19909
2.12128 -0.783001 -0.199971
2.13748 -0.796619 -0.201733
2.13496 -0.80333 -0.201733
2.14174 -0.813571 -0.202614
2.12987 -0.816729 -0.201733
2.1273 -0.823416 -0.201733
2.13398 -0.83372 -0.202614
2.12208 -0.836766 -0.201733
2.11944 -0.843428 -0.201733
2.12602 -0.853795 -0.202614
2.12333 -0.86047 -0.202614
2.12062 -0.867136 -0.202614
2.11788 -0.873794 -0.202614
2.0598 -0.857834 -0.197328
2.08465 -0.875877 -0.199971
2.09106 -0.886309 -0.200852
2.09742 -0.89679 -0.201733
2.09459 -0.903374 -0.201733
2.09174 -0.90995 -0.201733
2.08888 -0.916517 -0.201733
2.07688 -0.919044 -0.200852
2.07398 -0.925564 -0.200852
2.07106 -0.932076 -0.200852
2.06796 -0.938938 -0.200852
2.065 -0.94543 -0.200852
2.08011 -0.960263 -0.202614
2.05902 -0.958386 -0.200852
2.06501 -0.969082 -0.201733
2.07687 -0.990614 -0.203494
2.08272 -1.00145 -0.204375
2.07957 -1.00799 -0.204375
2.07639 -1.01452 -0.204375
2.08213 -1.02544 -0.205256
2.06997 -1.02754 -0.204375
2.07564 -1.0385 -0.205256
2.07237 -1.04501 -0.205256
2.07777 -1.0564 -0.206137
2.06558 -1.05838 -0.205256
2.07109 -1.06943 -0.206137
2.06772 -1.07593 -0.206137
2.06433 -1.08242 -0.206137
2.0345 -1.07494 -0.203494
2.03991 -1.08601 -0.204375
2.03648 -1.09241 -0.204375
2.03304 -1.0988 -0.204375
2.03833 -1.10995 -0.205256
2.01736 -1.10676 -0.203494
2.03131 -1.12273 -0.205256
2.02758 -1.12946 -0.205256
2.02402 -1.13583 -0.205256
2.02044 -1.14218 -0.205256
2.01684 -1.14852 -0.205256
2.00459 -1.1499 -0.204375
2.00959 -1.16117 -0.205256
2.00593 -1.16748 -0.205256
2.01571 -1.19019 -0.207018
2.03765 -1.21179 -0.209661
2.02528 -1.21307 -0.20878
2.01293 -1.21428 -0.207899
2.0089 -1.22095 -0.207899
2.00505 -1.22725 -0.207899
2.00967 -1.23877 -0.20878
2.01423 -1.25033 -0.209661
2.01029 -1.25665 -0.209661
2.01476 -1.26827 -0.210542
2.01077 -1.2746 -0.210542
1.99836 -1.27555 -0.209661
1.95244 -1.25489 -0.205256
1.97358 -1.27725 -0.207899
1.98625 -1.29432 -0.209661
1.97384 -1.29509 -0.20878
1.97784 -1.30712 -0.209661
1.97373 -1.31333 -0.209661
1.96959 -1.31952 -0.209661
1.9737 -1.33127 -0.210542
1.96126 -1.33187 -0.209661
1.96529 -1.34365 -0.210542
1.96106 -1.34982 -0.210542
1.95681 -1.35597 -0.210542
1.94437 -1.35641 -0.209661
1.94825 -1.36824 -0.210542
1.94773 -1.38623 -0.211423
1.97551 -1.41589 -0.214947
1.94682 -1.40461 -0.212304
1.95046 -1.41657 -0.213185
1.946 -1.42269 -0.213185
1.94954 -1.4347 -0.214066
1.95303 -1.44675 -0.214947
1.94049 -1.44692 -0.214066
1.9439 -1.45899 -0.214947
1.947 -1.47143 -0.215827
1.93444 -1.47151 -0.214947
1.89817 -1.45336 -0.211423
1.91726 -1.47756 -0.214066
1.91261 -1.48357 -0.214066
1.91579 -1.49571 -0.214947
1.90325 -1.49556 -0.214066
1.90636 -1.50771 -0.214947
1.90135 -1.51403 -0.214947
1.88881 -1.51376 -0.214066
2.18943 -0.624914 -0.119537
2.14908 -0.620706 -0.117439
2.1567 -0.630255 -0.117964
2.15471 -0.637028 -0.117964
2.1527 -0.643794 -0.117964
2.16022 -0.653445 -0.118488
2.14861 -0.657307 -0.117964
2.15608 -0.667005 -0.118488
2.13491 -0.667812 -0.117439
2.16125 -0.683927 -0.119012
2.17811 -0.696799 -0.120061
2.18529 -0.707092 -0.120585
2.17356 -0.71085 -0.120061
2.17144 -0.717296 -0.120061
2.17865 -0.727276 -0.120585
2.16689 -0.730925 -0.120061
2.17404 -0.740951 -0.120585
2.1717 -0.747777 -0.120585
2.16934 -0.754596 -0.120585
2.16696 -0.761407 -0.120585
2.16456 -0.768211 -0.120585
2.16213 -0.775008 -0.120585
2.15969 -0.781796 -0.120585
2.12895 -0.778663 -0.119012
2.12649 -0.785347 -0.119012
2.11466 -0.788535 -0.118488
2.12152 -0.798693 -0.119012
2.11899 -0.805354 -0.119012
2.11646 -0.812007 -0.119012
2.10458 -0.815046 -0.118488
2.11131 -0.825289 -0.119012
2.09942 -0.828253 -0.118488
2.10608 -0.838538 -0.119012
2.10344 -0.845151 -0.119012
2.10077 -0.851755 -0.119012
2.09809 -0.85835 -0.119012
2.08615 -0.861127 -0.118488
2.07406 -0.864199 -0.117964
2.07134 -0.870711 -0.117964
2.13295 -0.904505 -0.121634
2.12092 -0.907274 -0.121109
2.12722 -0.917889 -0.121634
2.13349 -0.928552 -0.122158
2.12142 -0.931236 -0.121634
2.12761 -0.941939 -0.122158
2.12464 -0.948618 -0.122158
2.11255 -0.951189 -0.121634
2.11847 -0.962319 -0.122158
2.11544 -0.968969 -0.122158
2.12145 -0.979798 -0.122682
2.11836 -0.986458 -0.122682
2.06101 -0.967643 -0.119537
2.07602 -0.982658 -0.120585
2.06391 -0.984875 -0.120061
2.0608 -0.991354 -0.120061
2.05768 -0.997823 -0.120061
2.0635 -1.00867 -0.120585
2.05137 -1.01073 -0.120061
2.05713 -1.02161 -0.120585
2.04498 -1.0236 -0.120061
2.04175 -1.03002 -0.120061
2.04722 -1.04131 -0.120585
2.04394 -1.04774 -0.120585
2.03177 -1.04957 -0.120061
2.04618 -1.06517 -0.121109
2.03398 -1.06696 -0.120585
2.03062 -1.07334 -0.120585
2.03605 -1.08441 -0.121109
2.07663 -1.11441 -0.123731
2.09068 -1.13043 -0.124779
2.07835 -1.13221 -0.124255
2.06603 -1.13393 -0.123731
2.0712 -1.14525 -0.124255
2.06739 -1.15211 -0.124255
2.06376 -1.1586 -0.124255
2.05142 -1.16016 -0.123731
2.05644 -1.17155 -0.124255
2.05275 -1.178 -0.124255
2.04904 -1.18444 -0.124255
2.02805 -1.18082 -0.123207
1.99848 -1.17203 -0.121634
2.00339 -1.18339 -0.122158
1.99966 -1.18967 -0.122158
1.99592 -1.19595 -0.122158
1.99215 -1.20221 -0.122158
1.98815 -1.20881 -0.122158
1.99286 -1.22027 -0.122682
1.98902 -1.22652 -0.122682
1.98515 -1.23277 -0.122682
1.98974 -1.24429 -0.123207
1.98582 -1.25054 -0.123207
1.98188 -1.25677 -0.123207
1.97792 -1.26299 -0.123207
1.96555 -1.2638 -0.122682
1.96157 -1.26997 -0.122682
2.00776 -1.30884 -0.125828
2.02033 -1.3261 -0.126877
2.0076 -1.32729 -0.126352
2.01173 -1.33912 -0.126877
2.00751 -1.34544 -0.126877
2.01155 -1.35732 -0.127401
1.99902 -1.35802 -0.126877
2.00299 -1.36993 -0.127401
2.01512 -1.38755 -0.128449
1.99434 -1.38249 -0.127401
2.00636 -1.40018 -0.128449
1.95293 -1.37203 -0.125304
1.94861 -1.37816 -0.125304
1.94427 -1.38427 -0.125304
1.93967 -1.39072 -0.125304
1.95148 -1.40849 -0.126352
1.93897 -1.40874 -0.125828
1.92647 -1.40893 -0.125304
1.93008 -1.4209 -0.125828
1.92561 -1.42696 -0.125828
1.92112 -1.433 -0.125828
1.92459 -1.44502 -0.126352
1.91979 -1.4514 -0.126352
1.92316 -1.46347 -0.126877
1.91063 -1.46343 -0.126352
1.90602 -1.46943 -0.126352
1.90929 -1.48153 -0.126877
1.91249 -1.49367 -0.127401
1.90779 -1.49967 -0.127401
1.90307 -1.50565 -0.127401
1.89807 -1.51196 -0.127401
2.20151 -0.629195 -0.039355
2.13229 -0.616664 -0.038152
2.15913 -0.631784 -0.038667
2.16672 -0.641402 -0.038839
2.1647 -0.648206 -0.038839
2.16265 -0.655003 -0.038839
2.16058 -0.661794 -0.038839
2.15849 -0.668578 -0.038839
2.15638 -0.675356 -0.038839
2.15425 -0.682127 -0.038839
2.1521 -0.688892 -0.038839
2.1498 -0.696024 -0.038839
2.1476 -0.702775 -0.038839
2.14539 -0.709518 -0.038839
2.14315 -0.716255 -0.038839
2.15036 -0.726183 -0.039011
2.1386 -0.729706 -0.038839
2.1363 -0.736421 -0.038839
2.13398 -0.743129 -0.038839
2.13163 -0.749829 -0.038839
2.12926 -0.756522 -0.038839
2.13629 -0.766585 -0.039011
2.14327 -0.776699 -0.039183
2.12204 -0.776556 -0.038839
2.13835 -0.79015 -0.039183
2.14508 -0.800733 -0.039355
2.15191 -0.810994 -0.039526
2.1587 -0.821306 -0.039698
2.13744 -0.820914 -0.039355
2.13485 -0.827625 -0.039355
2.14155 -0.837971 -0.039526
2.12961 -0.841023 -0.039355
2.13624 -0.851411 -0.039526
2.13356 -0.858118 -0.039526
2.13085 -0.864816 -0.039526
2.13738 -0.875295 -0.039698
2.12538 -0.878187 -0.039526
2.09477 -0.873684 -0.039011
2.10123 -0.884139 -0.039183
2.08924 -0.886829 -0.039011
2.08644 -0.893388 -0.039011
2.0928 -0.903903 -0.039183
2.08995 -0.910473 -0.039183
2.09624 -0.921056 -0.039355
2.09333 -0.927637 -0.039355
2.09041 -0.934209 -0.039355
2.08746 -0.940772 -0.039355
2.0936 -0.951462 -0.039526
2.08151 -0.953869 -0.039355
2.07834 -0.960766 -0.039355
2.07531 -0.967291 -0.039355
2.08131 -0.978058 -0.039526
2.06919 -0.980311 -0.039355
2.08414 -0.995425 -0.039698
2.09902 -1.01064 -0.040042
2.08684 -1.01287 -0.03987
2.09263 -1.02381 -0.040042
2.08941 -1.03038 -0.040042
2.08616 -1.03694 -0.040042
2.09183 -1.04797 -0.040214
2.0796 -1.05003 -0.040042
2.08502 -1.06145 -0.040214
2.08167 -1.068 -0.040214
2.08719 -1.07913 -0.040386
2.05719 -1.07182 -0.03987
2.08037 -1.09222 -0.040386
2.05041 -1.08472 -0.03987
2.03817 -1.08645 -0.039698
2.04356 -1.09758 -0.03987
2.0401 -1.104 -0.03987
2.03662 -1.1104 -0.03987
2.02436 -1.11198 -0.039698
2.02085 -1.11833 -0.039698
2.02606 -1.12955 -0.03987
2.01379 -1.13101 -0.039698
2.01873 -1.14261 -0.03987
2.01513 -1.14894 -0.03987
2.01151 -1.15527 -0.03987
2.01652 -1.16659 -0.040042
2.01285 -1.17292 -0.040042
2.00053 -1.17417 -0.03987
2.01405 -1.19063 -0.040214
2.03607 -1.2123 -0.040729
2.03225 -1.21869 -0.040729
2.03697 -1.23023 -0.040901
2.03288 -1.23698 -0.040901
2.03751 -1.24859 -0.041073
2.02507 -1.24973 -0.040901
2.02962 -1.26136 -0.041073
2.02565 -1.26773 -0.041073
2.03012 -1.27942 -0.041245
2.02609 -1.28579 -0.041245
2.02204 -1.29215 -0.041245
1.96752 -1.26604 -0.040214
1.98871 -1.28852 -0.040729
1.98465 -1.29476 -0.040729
1.97221 -1.2955 -0.040558
1.96813 -1.30169 -0.040558
1.97236 -1.31341 -0.040729
1.96799 -1.31994 -0.040729
1.97212 -1.33171 -0.040901
1.9762 -1.34353 -0.041073
1.97197 -1.34973 -0.041073
1.96772 -1.35592 -0.041073
1.97166 -1.36779 -0.041245
1.96736 -1.37398 -0.041245
1.96303 -1.38015 -0.041245
1.96684 -1.39209 -0.041417
1.95432 -1.39246 -0.041245
1.99031 -1.42808 -0.042104
1.9696 -1.42261 -0.041761
1.96512 -1.42879 -0.041761
1.96869 -1.44087 -0.041932
1.96416 -1.44704 -0.041932
1.9596 -1.45321 -0.041932
1.96304 -1.46534 -0.042104
1.95843 -1.4715 -0.042104
1.95379 -1.47764 -0.042104
1.94118 -1.47772 -0.041932
1.90453 -1.45982 -0.041245
1.91577 -1.47801 -0.041589
1.91901 -1.49015 -0.041761
1.91432 -1.49617 -0.041761
1.91747 -1.50836 -0.041932
1.91272 -1.51438 -0.041932
1.89232 -1.50792 -0.041589
2.19881 -0.629669 0.444573
2.20625 -0.639305 0.446481
2.20423 -0.646233 0.446481
2.20219 -0.653155 0.446481
2.20013 -0.66007 0.446481
2.19804 -0.666979 0.446481
2.19594 -0.673881 0.446481
2.19381 -0.680776 0.446481
2.19166 -0.687665 0.446481
2.19884 -0.697515 0.448389
2.18717 -0.701803 0.446481
2.19429 -0.7117 0.448389
2.1826 -0.715913 0.446481
2.18978 -0.725473 0.448389
2.18749 -0.732348 0.448389
2.17588 -0.736071 0.446481
2.18285 -0.746078 0.448389
2.17121 -0.749728 0.446481
2.16885 -0.756546 0.446481
2.17572 -0.766618 0.448389
2.1733 -0.773449 0.448389
2.17086 -0.780273 0.448389
2.1684 -0.787089 0.448389
2.15669 -0.790519 0.446481
2.16327 -0.801075 0.448389
2.16074 -0.807868 0.448389
2.16738 -0.818118 0.450297
2.15562 -0.821428 0.448389
2.15303 -0.828196 0.448389
2.15042 -0.834956 0.448389
2.14778 -0.841707 0.448389
2.14513 -0.848451 0.448389
2.15157 -0.858825 0.450297
2.13976 -0.861912 0.448389
2.13704 -0.86863 0.448389
2.14338 -0.879064 0.450297
2.14061 -0.885794 0.450297
2.13766 -0.892887 0.450297
2.1258 -0.895786 0.448389
2.13201 -0.906301 0.450297
2.12915 -0.912994 0.450297
2.13528 -0.923576 0.452205
2.12337 -0.926354 0.450297
2.12045 -0.93302 0.450297
2.11751 -0.939677 0.450297
2.11455 -0.946325 0.450297
2.12051 -0.957001 0.452205
2.11749 -0.963658 0.452205
2.11428 -0.970675 0.452205
2.11122 -0.977312 0.452205
2.09925 -0.979788 0.450297
2.09616 -0.986378 0.450297
2.09305 -0.992959 0.450297
2.09878 -1.00376 0.452205
2.09561 -1.01035 0.452205
2.09243 -1.01693 0.452205
2.08922 -1.0235 0.452205
2.0948 -1.0344 0.454113
2.09154 -1.04098 0.454113
2.07948 -1.04314 0.452205
2.08496 -1.0541 0.454113
2.08145 -1.06101 0.454113
2.07811 -1.06754 0.454113
2.07474 -1.07407 0.454113
2.07136 -1.08058 0.454113
2.06795 -1.08708 0.454113
2.0732 -1.09817 0.456021
2.06108 -1.10005 0.454113
2.06626 -1.11117 0.456021
2.06276 -1.11766 0.456021
2.05924 -1.12413 0.456021
2.0557 -1.1306 0.456021
2.05214 -1.13705 0.456021
2.04855 -1.14349 0.456021
2.05331 -1.15509 0.457929
2.04113 -1.1567 0.456021
2.04601 -1.16797 0.457929
2.04233 -1.17439 0.457929
2.03863 -1.1808 0.457929
2.03491 -1.1872 0.457929
2.03963 -1.19856 0.459837
2.03586 -1.20496 0.459837
2.03206 -1.21135 0.459837
2.03666 -1.22278 0.461745
2.03281 -1.22917 0.461745
2.03711 -1.24102 0.463653
2.02483 -1.24228 0.461745
2.02092 -1.24863 0.461745
2.04199 -1.27053 0.467469
2.01303 -1.2613 0.461745
2.00906 -1.26762 0.461745
2.00507 -1.27393 0.461745
2.00106 -1.28022 0.461745
1.99702 -1.2865 0.461745
2.00121 -1.29811 0.463653
1.99712 -1.30439 0.463653
1.99301 -1.31066 0.463653
2.00525 -1.32775 0.467469
2.01717 -1.34529 0.471286
2.03739 -1.36803 0.47701
2.03308 -1.37443 0.47701
2.02875 -1.38081 0.47701
2.0163 -1.38163 0.475102
2.00387 -1.38238 0.473194
2.21424 -0.626984 0.364613
2.18377 -0.625774 0.359918
2.20077 -0.638133 0.363048
2.19875 -0.645044 0.363048
2.19672 -0.651948 0.363048
2.19466 -0.658846 0.363048
2.19258 -0.665738 0.363048
2.19047 -0.672622 0.363048
2.17892 -0.676572 0.361483
2.17678 -0.683414 0.361483
2.18404 -0.693237 0.363048
2.17232 -0.697456 0.361483
2.17951 -0.707326 0.363048
2.17716 -0.71455 0.363048
2.17503 -0.721007 0.363048
2.16339 -0.724699 0.361483
2.17045 -0.734658 0.363048
2.16814 -0.741473 0.363048
2.1658 -0.748281 0.363048
2.16343 -0.755081 0.363048
2.16105 -0.761874 0.363048
2.15865 -0.76866 0.363048
2.15622 -0.775438 0.363048
2.15377 -0.782208 0.363048
2.16058 -0.792371 0.364613
2.14868 -0.7961 0.363048
2.14617 -0.802846 0.363048
2.14364 -0.809584 0.363048
2.14108 -0.816315 0.363048
2.14772 -0.826585 0.364613
2.14512 -0.833328 0.364613
2.14249 -0.840063 0.364613
2.13065 -0.843155 0.363048
2.12799 -0.849845 0.363048
2.13447 -0.860218 0.364613
2.13176 -0.866919 0.364613
2.11989 -0.869863 0.363048
2.12627 -0.880296 0.364613
2.13246 -0.891151 0.366178
2.12054 -0.894009 0.364613
2.12681 -0.904532 0.366178
2.11489 -0.907315 0.364613
2.12109 -0.917877 0.366178
2.10914 -0.920585 0.364613
2.10624 -0.927206 0.364613
2.11234 -0.937827 0.366178
2.10037 -0.940422 0.364613
2.10641 -0.95108 0.366178
2.10341 -0.957693 0.366178
2.1092 -0.968785 0.367743
2.09718 -0.971256 0.366178
2.09412 -0.97784 0.366178
2.09104 -0.984414 0.366178
2.08794 -0.990978 0.366178
2.08481 -0.997533 0.366178
2.09056 -1.00837 0.367743
2.08739 -1.01493 0.367743
2.08419 -1.02148 0.367743
2.08097 -1.02803 0.367743
2.07773 -1.03456 0.367743
2.07447 -1.04108 0.367743
2.08 -1.05205 0.369307
2.0765 -1.05894 0.369307
2.08195 -1.06998 0.370872
2.0698 -1.07197 0.369307
2.06643 -1.07847 0.369307
2.06303 -1.08495 0.369307
2.06834 -1.09605 0.370872
2.06488 -1.10255 0.370872
2.05271 -1.10435 0.369307
2.05792 -1.1155 0.370872
2.0544 -1.12196 0.370872
2.05087 -1.12841 0.370872
2.05595 -1.13963 0.372437
2.05236 -1.14609 0.372437
2.04855 -1.15288 0.372437
2.04492 -1.15931 0.372437
2.04984 -1.17063 0.374002
2.03759 -1.17214 0.372437
2.04244 -1.18349 0.374002
2.03872 -1.1899 0.374002
2.04348 -1.2013 0.375567
2.0397 -1.20772 0.375567
2.03589 -1.21412 0.375567
2.04054 -1.22559 0.377132
2.02823 -1.22689 0.375567
2.03258 -1.23874 0.377132
2.02868 -1.24513 0.377132
2.03316 -1.25669 0.378697
2.02081 -1.25785 0.377132
2.02522 -1.26944 0.378697
2.01287 -1.27052 0.377132
2.01721 -1.28213 0.378697
2.01317 -1.28847 0.378697
2.00911 -1.29478 0.378697
2.00503 -1.30109 0.378697
2.0092 -1.31278 0.380261
2.00507 -1.31909 0.380261
2.00915 -1.33084 0.381826
2.00473 -1.33749 0.381826
2.00051 -1.34378 0.381826
1.99628 -1.35006 0.381826
1.99203 -1.35633 0.381826
1.98776 -1.36258 0.381826
1.9916 -1.37443 0.383391
1.98727 -1.38067 0.383391
1.98292 -1.38691 0.383391
1.97856 -1.39313 0.383391
1.98223 -1.40506 0.384956
1.97781 -1.41128 0.384956
1.97311 -1.41783 0.384956
1.96865 -1.42402 0.384956
1.97215 -1.43601 0.386521
1.96763 -1.4422 0.386521
1.96309 -1.44837 0.386521
1.95853 -1.45453 0.386521
1.96186 -1.46659 0.388086
1.95724 -1.47275 0.388086
1.96048 -1.48485 0.389651
1.95555 -1.49135 0.389651
1.95085 -1.49748 0.389651
1.95395 -1.50964 0.391215
1.957 -1.52184 0.39278
1.93665 -1.5158 0.389651
1.93964 -1.52799 0.391215
1.91935 -1.5218 0.388086
2.19655 -0.622388 0.278957
2.13733 -0.61287 0.27168
2.20213 -0.638943 0.28017
2.19058 -0.643062 0.278957
2.19807 -0.652767 0.28017
2.19601 -0.659669 0.28017
2.19392 -0.666565 0.28017
2.19182 -0.673454 0.28017
2.19917 -0.683281 0.281382
2.18754 -0.687212 0.28017
2.19483 -0.697086 0.281382
2.19251 -0.70436 0.281382
2.18085 -0.708179 0.28017
2.18792 -0.718504 0.281382
2.18577 -0.724992 0.281382
2.17407 -0.728701 0.28017
2.17177 -0.735528 0.28017
2.16945 -0.742347 0.28017
2.16711 -0.749159 0.28017
2.16475 -0.755963 0.28017
2.16236 -0.76276 0.28017
2.15995 -0.76955 0.28017
2.16687 -0.779692 0.281382
2.16441 -0.786496 0.281382
2.16192 -0.793292 0.281382
2.15928 -0.800456 0.281382
2.16605 -0.810715 0.282595
2.15421 -0.814008 0.281382
2.15164 -0.820771 0.281382
2.14905 -0.827527 0.281382
2.14644 -0.834274 0.281382
2.14381 -0.841013 0.281382
2.14116 -0.847744 0.281382
2.13848 -0.854466 0.281382
2.13579 -0.861181 0.281382
2.14227 -0.871627 0.282595
2.13034 -0.874583 0.281382
2.14592 -0.888869 0.283808
2.12464 -0.888322 0.281382
2.12184 -0.894992 0.281382
2.11902 -0.901654 0.281382
2.13442 -0.916137 0.283808
2.12242 -0.918894 0.282595
2.11952 -0.925557 0.282595
2.12569 -0.936212 0.283808
2.11367 -0.938856 0.282595
2.11071 -0.945492 0.282595
2.11677 -0.956204 0.283808
2.12279 -0.966964 0.285021
2.10153 -0.965709 0.282595
2.1165 -0.980652 0.285021
2.11341 -0.987297 0.285021
2.1103 -0.993931 0.285021
2.0982 -0.996298 0.283808
2.10401 -1.00717 0.285021
2.0919 -1.00946 0.283808
2.09764 -1.02037 0.285021
2.09443 -1.02696 0.285021
2.08229 -1.02913 0.283808
2.08793 -1.04009 0.285021
2.08466 -1.04665 0.285021
2.08136 -1.05319 0.285021
2.07785 -1.06009 0.285021
2.08334 -1.07115 0.286234
2.07115 -1.07312 0.285021
2.07657 -1.08422 0.286234
2.08194 -1.09536 0.287447
2.07849 -1.10189 0.287447
2.07501 -1.10842 0.287447
2.06278 -1.11023 0.286234
2.07673 -1.12617 0.28866
2.07319 -1.13269 0.28866
2.06962 -1.13919 0.28866
2.06603 -1.14569 0.28866
2.06242 -1.15217 0.28866
2.05859 -1.15901 0.28866
2.05493 -1.16547 0.28866
2.05126 -1.17192 0.28866
2.04757 -1.17836 0.28866
2.05245 -1.18976 0.289872
2.0487 -1.1962 0.289872
2.04493 -1.20263 0.289872
2.04114 -1.20905 0.289872
2.03733 -1.21546 0.289872
2.04201 -1.22697 0.291085
2.03815 -1.23337 0.291085
2.03405 -1.24013 0.291085
2.03014 -1.24651 0.291085
2.03466 -1.2581 0.292298
2.0307 -1.26449 0.292298
2.03512 -1.27614 0.293511
2.02271 -1.27722 0.292298
2.01869 -1.28357 0.292298
2.02301 -1.29526 0.293511
2.01058 -1.29623 0.292298
2.01483 -1.30795 0.293511
2.01071 -1.31427 0.293511
2.01486 -1.32604 0.294724
2.00241 -1.32688 0.293511
1.998 -1.33351 0.293511
2.01028 -1.35085 0.295937
1.9978 -1.3516 0.294724
2.00175 -1.36346 0.295937
1.99746 -1.36974 0.295937
2.00131 -1.38165 0.29715
1.99696 -1.38793 0.29715
1.99259 -1.39419 0.29715
1.9882 -1.40045 0.29715
1.98379 -1.40668 0.29715
1.98744 -1.41868 0.298362
1.98273 -1.42526 0.298362
1.97824 -1.43148 0.298362
1.98176 -1.44353 0.299575
1.96921 -1.44388 0.298362
1.96466 -1.45006 0.298362
1.97603 -1.46807 0.300788
1.95551 -1.46238 0.298362
1.95884 -1.47448 0.299575
1.96211 -1.48662 0.300788
1.95717 -1.49312 0.300788
1.94459 -1.49322 0.299575
1.94775 -1.50539 0.300788
1.94301 -1.5115 0.300788
1.94607 -1.52372 0.302001
1.94907 -1.53597 0.303214
1.93646 -1.53592 0.302001
1.90059 -1.51722 0.29715
2.2025 -0.631971 0.199063
2.15266 -0.624999 0.194735
2.2176 -0.651413 0.200793
2.21554 -0.658377 0.200793
2.20392 -0.662466 0.199928
2.21136 -0.672284 0.200793
2.19971 -0.676301 0.199928
2.19758 -0.683208 0.199928
2.19542 -0.690108 0.199928
2.19324 -0.697002 0.199928
2.19092 -0.704271 0.199928
2.1887 -0.711151 0.199928
2.18633 -0.718405 0.199928
2.19364 -0.728027 0.200793
2.17245 -0.728579 0.199063
2.17959 -0.738598 0.199928
2.17726 -0.745441 0.199928
2.18432 -0.755534 0.200793
2.17253 -0.759107 0.199928
2.17013 -0.765928 0.199928
2.16772 -0.772742 0.199928
2.17465 -0.782923 0.200793
2.17218 -0.789751 0.200793
2.16969 -0.796571 0.200793
2.14331 -0.810315 0.199063
2.14075 -0.817045 0.199063
2.14747 -0.827348 0.199928
2.14486 -0.83409 0.199928
2.14223 -0.840824 0.199928
2.13031 -0.843881 0.199063
2.1369 -0.854268 0.199928
2.12497 -0.85725 0.199063
2.13149 -0.867677 0.199928
2.12876 -0.874369 0.199928
2.1168 -0.877239 0.199063
2.10469 -0.880409 0.198197
2.12944 -0.898637 0.200793
2.14494 -0.913127 0.202524
2.13291 -0.91593 0.201659
2.13002 -0.922626 0.201659
2.12711 -0.929313 0.201659
2.12418 -0.935991 0.201659
2.12123 -0.942659 0.201659
2.11826 -0.949319 0.201659
2.12435 -0.960072 0.202524
2.12132 -0.966741 0.202524
2.1181 -0.97377 0.202524
2.12407 -0.984609 0.20339
2.11194 -0.987059 0.202524
2.10883 -0.993689 0.202524
2.0967 -0.996035 0.201659
2.09618 -1.02011 0.202524
2.08402 -1.0223 0.201659
2.0808 -1.02884 0.201659
2.07755 -1.03538 0.201659
2.07429 -1.0419 0.201659
2.0799 -1.05291 0.202524
2.08527 -1.06433 0.20339
2.07305 -1.06632 0.202524
2.06969 -1.07283 0.202524
2.06631 -1.07932 0.202524
2.07173 -1.09045 0.20339
2.05069 -1.08762 0.201659
2.07362 -1.10814 0.204255
2.0789 -1.11937 0.205121
2.07537 -1.1259 0.205121
2.07183 -1.13241 0.205121
2.05953 -1.13411 0.204255
2.06467 -1.14541 0.205121
2.05237 -1.14703 0.204255
2.05723 -1.15872 0.205121
2.05358 -1.16517 0.205121
2.04991 -1.17162 0.205121
2.05485 -1.18303 0.205986
2.05113 -1.18948 0.205986
2.03878 -1.19089 0.205121
2.02644 -1.19223 0.204255
2.03219 -1.22155 0.205986
2.0113 -1.2176 0.204255
2.01575 -1.22946 0.205121
2.02037 -1.241 0.205986
2.01646 -1.24734 0.205986
2.01253 -1.25367 0.205986
2.01702 -1.26528 0.206852
2.00462 -1.26629 0.205986
2.00063 -1.27258 0.205986
2.0134 -1.2896 0.207717
1.98422 -1.27972 0.205121
2.01361 -1.30765 0.208583
2.01783 -1.31943 0.209448
2.022 -1.33124 0.210314
2.01781 -1.33758 0.210314
2.01336 -1.34427 0.210314
2.00913 -1.35058 0.210314
1.99662 -1.35131 0.209448
2.0006 -1.36318 0.210314
2.00452 -1.3751 0.211179
2.00019 -1.38139 0.211179
1.99584 -1.38766 0.211179
1.99147 -1.39393 0.211179
1.98708 -1.40018 0.211179
1.97355 -1.41919 0.211179
1.96908 -1.42538 0.211179
1.97265 -1.43743 0.212045
1.96812 -1.44362 0.212045
1.96358 -1.44979 0.212045
1.95102 -1.45001 0.211179
1.95443 -1.4621 0.212045
1.95779 -1.47423 0.21291
1.95315 -1.48037 0.21291
1.95615 -1.49288 0.213776
1.92774 -1.48081 0.211179
1.95461 -1.51124 0.214641
1.95771 -1.52349 0.215507
1.96076 -1.53577 0.216372
1.9481 -1.53576 0.215507
1.94327 -1.54187 0.215507
1.93063 -1.54175 0.214641
2.16932 -0.622861 0.117082
2.20571 -0.640818 0.119154
2.1941 -0.644928 0.118636
2.19207 -0.651818 0.118636
2.19001 -0.658701 0.118636
2.18793 -0.665578 0.118636
2.18583 -0.672448 0.118636
2.19324 -0.682278 0.119154
2.19109 -0.689165 0.119154
2.18879 -0.696427 0.119154
2.16757 -0.697184 0.118118
2.15576 -0.701279 0.1176
2.16303 -0.711167 0.118118
2.17039 -0.720729 0.118636
2.17758 -0.730721 0.119154
2.17527 -0.737559 0.119154
2.1635 -0.741152 0.118636
2.17059 -0.751212 0.119154
2.16822 -0.758027 0.119154
2.16583 -0.764835 0.119154
2.16342 -0.771635 0.119154
2.16098 -0.778428 0.119154
2.13976 -0.778385 0.118118
2.15591 -0.792367 0.119154
2.15341 -0.799136 0.119154
2.16024 -0.809401 0.119672
2.14835 -0.81265 0.119154
2.14579 -0.819396 0.119154
2.15252 -0.829725 0.119672
2.1499 -0.836483 0.119672
2.13797 -0.839582 0.119154
2.1446 -0.849974 0.119672
2.13265 -0.852999 0.119154
2.13922 -0.863433 0.119672
2.1365 -0.870149 0.119672
2.13375 -0.876857 0.119672
2.12176 -0.879731 0.119154
2.12805 -0.890617 0.119672
2.11604 -0.893414 0.119154
2.12241 -0.90397 0.119672
2.12873 -0.914576 0.12019
2.12585 -0.921259 0.12019
2.12295 -0.927933 0.12019
2.12002 -0.934598 0.12019
2.1262 -0.945311 0.120708
2.12322 -0.951986 0.120708
2.12932 -0.962766 0.121226
2.11703 -0.965677 0.120708
2.12305 -0.976496 0.121226
2.12904 -0.987362 0.121744
2.11688 -0.989816 0.121226
2.05956 -0.970911 0.118118
2.1016 -0.99881 0.120708
2.09845 -1.00541 0.120708
2.09528 -1.01199 0.120708
2.10107 -1.02294 0.121226
2.08888 -1.02514 0.120708
2.0946 -1.03613 0.121226
2.09133 -1.0427 0.121226
2.08805 -1.04927 0.121226
2.07583 -1.05131 0.120708
2.07234 -1.05819 0.120708
2.07788 -1.06926 0.121226
2.07451 -1.07578 0.121226
2.07112 -1.08229 0.121226
2.06771 -1.0888 0.121226
2.06428 -1.09529 0.121226
2.06083 -1.10177 0.121226
2.06615 -1.11297 0.121744
2.07142 -1.12422 0.122262
2.06788 -1.13072 0.122262
2.05557 -1.1324 0.121744
2.052 -1.13885 0.121744
2.05693 -1.15052 0.122262
2.0533 -1.15698 0.122262
2.04097 -1.15849 0.121744
2.04599 -1.16985 0.122262
2.04231 -1.17628 0.122262
2.04724 -1.1877 0.12278
2.02625 -1.18405 0.121744
2.03974 -1.20054 0.12278
2.02737 -1.20185 0.122262
2.02358 -1.20821 0.122262
2.02833 -1.21971 0.12278
2.01595 -1.2209 0.122262
2.02041 -1.23278 0.12278
2.02504 -1.24435 0.123299
2.01263 -1.24545 0.12278
2.01718 -1.25705 0.123299
2.01322 -1.26338 0.123299
2.00924 -1.2697 0.123299
2.00524 -1.27601 0.123299
2.00123 -1.2823 0.123299
1.99719 -1.28858 0.123299
1.99313 -1.29485 0.123299
1.99741 -1.30657 0.123817
2.00997 -1.32383 0.124853
1.99725 -1.32496 0.124335
2.00138 -1.33678 0.124853
2.00546 -1.34863 0.125371
2.00121 -1.35492 0.125371
1.99695 -1.3612 0.125371
2.0009 -1.37312 0.125889
2.00479 -1.38508 0.126407
1.97583 -1.37426 0.124853
1.98787 -1.39192 0.125889
1.96716 -1.38665 0.124853
1.97908 -1.40438 0.125889
1.97466 -1.41059 0.125889
1.96997 -1.41713 0.125889
1.9736 -1.42917 0.126407
1.9691 -1.43536 0.126407
1.96458 -1.44154 0.126407
1.96807 -1.45364 0.126925
1.9635 -1.45982 0.126925
1.9669 -1.47196 0.127443
1.95429 -1.47213 0.126925
1.96531 -1.49067 0.127961
1.95268 -1.49077 0.127443
1.94798 -1.4969 0.127443
1.94327 -1.50302 0.127443
1.94642 -1.51525 0.127961
1.94165 -1.52135 0.127961
1.92902 -1.52126 0.127443
1.93205 -1.53352 0.127961
1.91916 -1.53369 0.127443
2.21985 -0.637791 0.039698
2.20824 -0.64197 0.039526
2.20621 -0.648904 0.039526
2.21374 -0.658684 0.039698
2.21166 -0.665635 0.039698
2.20956 -0.67258 0.039698
2.20744 -0.679518 0.039698
2.20529 -0.68645 0.039698
2.19359 -0.690373 0.039526
2.19128 -0.697643 0.039526
2.18908 -0.704524 0.039526
2.18673 -0.711779 0.039526
2.17499 -0.715521 0.039355
2.18235 -0.725124 0.039526
2.18006 -0.731976 0.039526
2.17775 -0.738822 0.039526
2.17542 -0.745659 0.039526
2.17306 -0.75249 0.039526
2.17069 -0.759313 0.039526
2.17772 -0.76946 0.039698
2.16587 -0.772937 0.039526
2.16343 -0.779737 0.039526
2.14218 -0.779691 0.039183
2.17712 -0.800593 0.03987
2.16522 -0.803949 0.039698
2.17205 -0.814257 0.03987
2.16013 -0.817537 0.039698
2.16689 -0.827888 0.03987
2.16428 -0.834692 0.03987
2.16164 -0.841487 0.03987
2.15899 -0.848273 0.03987
2.14702 -0.851366 0.039698
2.15362 -0.861822 0.03987
2.1509 -0.868584 0.03987
2.15742 -0.87911 0.040042
2.13615 -0.878279 0.039698
2.14262 -0.888816 0.03987
2.13044 -0.892055 0.039698
2.13683 -0.902634 0.03987
2.12479 -0.905423 0.039698
2.12193 -0.912094 0.039698
2.11906 -0.918756 0.039698
2.12532 -0.929415 0.03987
2.11325 -0.932052 0.039698
2.11944 -0.94275 0.03987
2.11647 -0.949404 0.03987
2.11348 -0.956048 0.03987
2.11939 -0.967202 0.040042
2.11634 -0.973856 0.040042
2.11327 -0.9805 0.040042
2.11018 -0.987134 0.040042
2.07994 -0.980963 0.039526
2.11297 -1.00467 0.040214
2.1098 -1.0113 0.040214
2.10661 -1.01792 0.040214
2.1034 -1.02454 0.040214
2.10915 -1.03554 0.040386
2.10589 -1.04217 0.040386
2.1026 -1.04878 0.040386
2.0993 -1.05538 0.040386
2.09597 -1.06197 0.040386
2.09244 -1.06891 0.040386
2.08018 -1.0709 0.040214
2.08568 -1.08204 0.040386
2.08227 -1.08859 0.040386
2.07884 -1.09512 0.040386
2.05773 -1.09227 0.040042
2.0631 -1.10345 0.040214
2.05962 -1.10992 0.040214
2.06491 -1.12116 0.040386
2.06138 -1.12764 0.040386
2.05783 -1.13411 0.040386
2.063 -1.14542 0.040558
2.05919 -1.15226 0.040558
2.05556 -1.15872 0.040558
2.05191 -1.16517 0.040558
2.04824 -1.17161 0.040558
2.06187 -1.18802 0.040901
2.05813 -1.1945 0.040901
2.01984 -1.18077 0.040214
2.04197 -1.20233 0.040729
2.04678 -1.21384 0.040901
2.04296 -1.22027 0.040901
2.03911 -1.22668 0.040901
2.03525 -1.23308 0.040901
2.04822 -1.25024 0.041245
2.03576 -1.25143 0.041073
2.03182 -1.25782 0.041073
2.03635 -1.26949 0.041245
2.04082 -1.28119 0.041417
2.02833 -1.28226 0.041245
2.03273 -1.29399 0.041417
2.02023 -1.29498 0.041245
2.00775 -1.29589 0.041073
1.99529 -1.29675 0.040901
2.0163 -1.31943 0.041417
2.0038 -1.32026 0.041245
2.01607 -1.33795 0.041589
2.01186 -1.34428 0.041589
2.00763 -1.35059 0.041589
2.00337 -1.3569 0.041589
2.00736 -1.36882 0.041761
2.00305 -1.37512 0.041761
1.99872 -1.3814 0.041761
1.99437 -1.38767 0.041761
1.99819 -1.39967 0.041932
1.96927 -1.38865 0.041417
1.99751 -1.41798 0.042104
1.99305 -1.42425 0.042104
1.98831 -1.43085 0.042104
1.98381 -1.43709 0.042104
1.97928 -1.44332 0.042104
1.9828 -1.45545 0.042276
1.97822 -1.46167 0.042276
1.97362 -1.46788 0.042276
1.96899 -1.47407 0.042276
1.97234 -1.48626 0.042448
1.9674 -1.4928 0.042448
1.9627 -1.49897 0.042448
1.95798 -1.50513 0.042448
1.96115 -1.51739 0.04262
1.95637 -1.52354 0.04262
1.94371 -1.52351 0.042448
1.94676 -1.53581 0.04262
1.94193 -1.54191 0.04262
1.92899 -1.5421 0.042448
