1.82162 0.751933 -0.527165
1.79715 0.735232 -0.519413
1.79945 0.729583 -0.519413
1.80173 0.723927 -0.519413
1.804 0.718262 -0.519413
1.81523 0.716137 -0.521997
1.79948 0.703396 -0.516829
1.80168 0.69774 -0.516829
1.80386 0.692077 -0.516829
1.81506 0.689838 -0.519413
1.79913 0.677325 -0.514245
1.80125 0.671669 -0.514245
1.81242 0.669354 -0.516829
1.81451 0.663658 -0.516829
1.79842 0.651374 -0.511661
1.80046 0.645721 -0.511661
1.80248 0.640061 -0.511661
1.80448 0.634396 -0.511661
1.80646 0.628724 -0.511661
1.80843 0.623045 -0.511661
1.81038 0.617361 -0.511661
1.81231 0.611671 -0.511661
1.80506 0.602913 -0.509076
1.80694 0.59724 -0.509076
1.79963 0.588557 -0.506492
1.81056 0.586191 -0.509076
1.80329 0.577239 -0.506492
1.8051 0.57157 -0.506492
1.79766 0.56301 -0.503908
1.80865 0.560217 -0.506492
1.80117 0.551703 -0.503908
1.80289 0.546042 -0.503908
1.8046 0.540375 -0.503908
1.80629 0.534704 -0.503908
1.79868 0.526313 -0.501324
1.80024 0.520974 -0.501324
1.81115 0.517972 -0.503908
1.80357 0.509338 -0.501324
1.79585 0.501073 -0.49874
1.80673 0.497995 -0.501324
1.79896 0.48978 -0.49874
1.80982 0.486634 -0.501324
1.79267 0.475987 -0.496156
1.8035 0.472803 -0.49874
1.80498 0.467135 -0.49874
1.80644 0.461462 -0.49874
1.79851 0.453424 -0.496156
1.80922 0.450419 -0.49874
1.80132 0.442114 -0.496156
1.81209 0.438726 -0.49874
1.84165 0.439762 -0.506492
1.84302 0.433975 -0.506492
1.84438 0.428182 -0.506492
1.85513 0.424541 -0.509076
1.83761 0.414459 -0.503908
1.84826 0.411103 -0.506492
1.8401 0.403227 -0.503908
1.85081 0.399482 -0.506492
1.83322 0.389328 -0.501324
1.84389 0.385545 -0.503908
1.82623 0.375536 -0.49874
1.84628 0.373952 -0.503908
1.83797 0.366261 -0.501324
1.82963 0.358627 -0.49874
1.83075 0.352878 -0.49874
1.8128 0.343844 -0.493572
1.79494 0.334293 -0.488403
1.79598 0.328652 -0.488403
1.80651 0.324718 -0.490987
1.80752 0.319041 -0.490987
1.799 0.311711 -0.488403
1.79045 0.304439 -0.485819
1.80092 0.300402 -0.488403
1.80186 0.294743 -0.488403
1.79324 0.287551 -0.485819
1.80367 0.283415 -0.488403
1.79501 0.276278 -0.485819
1.79582 0.270951 -0.485819
1.79666 0.265308 -0.485819
1.78793 0.258281 -0.483235
1.78877 0.252351 -0.483235
1.79912 0.248049 -0.485819
1.78075 0.239817 -0.480651
1.79107 0.235481 -0.483235
1.80138 0.231082 -0.485819
1.83086 0.229019 -0.493572
1.83157 0.223265 -0.493572
1.83222 0.21783 -0.493572
1.84253 0.212862 -0.496156
1.84319 0.207073 -0.496156
1.82463 0.199184 -0.490987
1.83485 0.194469 -0.493572
1.84506 0.189692 -0.496156
1.84565 0.183895 -0.496156
1.8366 0.177168 -0.493572
1.84677 0.172294 -0.496156
1.83768 0.165624 -0.493572
1.84781 0.160688 -0.496156
1.83868 0.154075 -0.493572
1.82953 0.147522 -0.490987
1.81072 0.140281 -0.485819
1.80152 0.133875 -0.483235
1.78266 0.126845 -0.478067
1.78305 0.121243 -0.478067
1.79306 0.116266 -0.480651
1.80306 0.111227 -0.483235
1.78411 0.104433 -0.478067
1.78443 0.098828 -0.478067
1.78473 0.093221 -0.478067
1.79466 0.088087 -0.480651
1.78528 0.082006 -0.478067
1.79518 0.07681 -0.480651
1.79541 0.07117 -0.480651
1.79563 0.065529 -0.480651
1.78617 0.059565 -0.478067
1.79601 0.054245 -0.480651
1.78651 0.048342 -0.478067
1.79631 0.04296 -0.480651
1.78678 0.037116 -0.478067
1.78689 0.031502 -0.478067
1.78698 0.025888 -0.478067
1.82569 0.020713 -0.488403
1.8354 0.015057 -0.490987
1.81612 0.009192 -0.485819
1.8258 0.003505 -0.488403
1.8258 -0.002231 -0.488403
1.82579 -0.007967 -0.488403
1.82576 -0.013384 -0.488403
1.83536 -0.019541 -0.490987
1.82563 -0.025492 -0.488403
1.81588 -0.031062 -0.485819
1.81578 -0.03645 -0.485819
1.83497 -0.042603 -0.490987
1.83482 -0.048687 -0.490987
1.81535 -0.053878 -0.485819
1.82483 -0.059579 -0.488403
1.82464 -0.065312 -0.488403
1.79546 -0.069916 -0.480651
1.79523 -0.075556 -0.480651
1.78534 -0.080759 -0.478067
1.78507 -0.086368 -0.478067
1.79444 -0.092473 -0.480651
1.7845 -0.097582 -0.478067
1.78418 -0.103188 -0.478067
1.79349 -0.10938 -0.480651
1.79314 -0.115014 -0.480651
1.78313 -0.119998 -0.478067
1.77311 -0.124921 -0.475483
1.78234 -0.1312 -0.478067
1.78192 -0.136798 -0.478067
1.78148 -0.142396 -0.478067
1.78103 -0.147992 -0.478067
1.79015 -0.154729 -0.480651
1.78965 -0.160352 -0.480651
1.77952 -0.165081 -0.478067
1.77902 -0.170361 -0.478067
1.76887 -0.174998 -0.475483
1.79711 -0.183811 -0.483235
1.81574 -0.191482 -0.488403
1.82476 -0.197911 -0.490987
1.8337 -0.205034 -0.493572
1.83305 -0.210794 -0.493572
1.82278 -0.215418 -0.490987
1.83168 -0.222307 -0.493572
1.83098 -0.22806 -0.493572
1.83025 -0.233811 -0.493572
1.81993 -0.238306 -0.490987
1.82875 -0.245306 -0.493572
1.82797 -0.25105 -0.493572
1.82717 -0.256792 -0.493572
1.81679 -0.261156 -0.490987
1.81596 -0.266863 -0.490987
1.82467 -0.274001 -0.493572
1.8238 -0.279732 -0.493572
1.7561 -0.274998 -0.475483
1.77431 -0.283563 -0.480651
1.77341 -0.289136 -0.480651
1.78202 -0.29629 -0.483235
1.77156 -0.300272 -0.480651
1.78012 -0.307481 -0.483235
1.77915 -0.313072 -0.483235
1.78761 -0.320675 -0.485819
1.77709 -0.324554 -0.483235
1.77612 -0.329826 -0.483235
1.78457 -0.337197 -0.485819
1.7835 -0.342802 -0.485819
1.77293 -0.34655 -0.483235
1.77183 -0.352118 -0.483235
1.76119 -0.356078 -0.480651
1.77899 -0.365497 -0.485819
1.76837 -0.36911 -0.483235
1.7672 -0.374664 -0.483235
1.76602 -0.380214 -0.483235
1.77425 -0.387823 -0.485819
1.81075 -0.401765 -0.496156
1.8189 -0.409574 -0.49874
1.81761 -0.415286 -0.49874
1.8257 -0.423176 -0.501324
1.81496 -0.426698 -0.49874
1.81361 -0.432398 -0.49874
1.81225 -0.438093 -0.49874
1.82024 -0.446084 -0.501324
1.81883 -0.4518 -0.501324
1.8174 -0.457512 -0.501324
1.81596 -0.463219 -0.501324
1.82376 -0.471657 -0.503908
1.81293 -0.474937 -0.501324
1.83019 -0.485265 -0.506492
1.81932 -0.488507 -0.503908
1.81778 -0.49422 -0.503908
1.76956 -0.487419 -0.490987
1.77733 -0.49557 -0.493572
1.77576 -0.501152 -0.493572
1.76489 -0.504075 -0.490987
1.7633 -0.509617 -0.490987
1.76178 -0.514846 -0.490987
1.76006 -0.520686 -0.490987
1.77693 -0.531752 -0.496156
1.75675 -0.531734 -0.490987
1.76431 -0.540078 -0.493572
1.77184 -0.548475 -0.496156
1.77932 -0.556924 -0.49874
1.75915 -0.556682 -0.493572
1.75739 -0.562206 -0.493572
1.7648 -0.570697 -0.496156
1.77218 -0.579239 -0.49874
1.76118 -0.581774 -0.496156
1.76851 -0.590363 -0.49874
1.76665 -0.595916 -0.49874
1.76466 -0.601771 -0.49874
1.76276 -0.607312 -0.49874
1.76085 -0.612847 -0.49874
1.76803 -0.62158 -0.501324
1.76606 -0.627131 -0.501324
1.75499 -0.629415 -0.49874
1.76209 -0.638215 -0.501324
1.76915 -0.647066 -0.503908
1.77617 -0.655967 -0.506492
1.756 -0.654794 -0.501324
1.76297 -0.663711 -0.503908
1.76088 -0.669246 -0.503908
1.76778 -0.678235 -0.506492
1.75664 -0.680297 -0.503908
1.75449 -0.685812 -0.503908
1.76119 -0.695173 -0.506492
1.759 -0.700702 -0.506492
1.75679 -0.706225 -0.506492
1.75469 -0.711434 -0.506492
1.76126 -0.720909 -0.509076
1.75899 -0.726438 -0.509076
1.75669 -0.731961 -0.509076
1.75439 -0.737476 -0.509076
1.75206 -0.742984 -0.509076
1.7586 -0.752284 -0.511661
1.75623 -0.757805 -0.511661
1.75384 -0.763319 -0.511661
1.76028 -0.772708 -0.514245
1.76667 -0.782145 -0.516829
1.75539 -0.783752 -0.514245
1.75292 -0.789263 -0.514245
1.75029 -0.795072 -0.514245
1.81943 0.750657 -0.454532
1.81276 0.741249 -0.452282
1.81508 0.735551 -0.452282
1.81738 0.729845 -0.452282
1.81061 0.720529 -0.450031
1.81287 0.714838 -0.450031
1.8151 0.709138 -0.450031
1.81732 0.703433 -0.450031
1.81042 0.694232 -0.447781
1.8126 0.68854 -0.447781
1.82387 0.686274 -0.450031
1.82602 0.680541 -0.450031
1.81901 0.671427 -0.447781
1.83026 0.669055 -0.450031
1.81403 0.656668 -0.445531
1.81608 0.650966 -0.445531
1.83648 0.651775 -0.450031
1.82933 0.642772 -0.447781
1.81293 0.63062 -0.443281
1.83333 0.631266 -0.447781
1.82608 0.62236 -0.445531
1.80956 0.610392 -0.441031
1.81147 0.604704 -0.441031
1.83186 0.605122 -0.445531
1.81523 0.59331 -0.441031
1.80772 0.584922 -0.438781
1.81893 0.581893 -0.441031
1.82074 0.576176 -0.441031
1.83185 0.573364 -0.443281
1.82433 0.564724 -0.441031
1.82609 0.55899 -0.441031
1.80919 0.547606 -0.43653
1.8109 0.541919 -0.43653
1.8126 0.536227 -0.43653
1.81427 0.53053 -0.43653
1.80648 0.522438 -0.43428
1.80811 0.51676 -0.43428
1.81919 0.513407 -0.43653
1.81141 0.505073 -0.43428
1.81299 0.499379 -0.43428
1.81455 0.493682 -0.43428
1.81609 0.487979 -0.43428
1.80819 0.479772 -0.43203
1.81912 0.476558 -0.43428
1.81117 0.468401 -0.43203
1.80319 0.460299 -0.42978
1.80463 0.454632 -0.42978
1.80597 0.449275 -0.42978
1.80745 0.443284 -0.42978
1.82778 0.442186 -0.43428
1.84811 0.440964 -0.438781
1.84949 0.435157 -0.438781
1.84136 0.427142 -0.43653
1.85219 0.423527 -0.438781
1.844 0.415564 -0.43653
1.85474 0.412205 -0.438781
1.83699 0.402208 -0.43428
1.85729 0.400543 -0.438781
1.85861 0.394381 -0.438781
1.84076 0.384556 -0.43428
1.85158 0.38041 -0.43653
1.85269 0.374915 -0.43653
1.85386 0.369093 -0.43653
1.84545 0.361394 -0.43428
1.84658 0.355595 -0.43428
1.79019 0.33923 -0.420779
1.80088 0.335074 -0.423029
1.81151 0.331167 -0.42528
1.80295 0.323752 -0.423029
1.80396 0.318087 -0.423029
1.82415 0.315741 -0.42753
1.82513 0.310009 -0.42753
1.80688 0.301071 -0.423029
1.80781 0.295393 -0.423029
1.79911 0.288171 -0.420779
1.80001 0.282517 -0.420779
1.80089 0.276862 -0.420779
1.8017 0.271516 -0.420779
1.7929 0.264434 -0.418529
1.79373 0.2588 -0.418529
1.79457 0.25285 -0.418529
1.80501 0.248539 -0.420779
1.81544 0.244167 -0.423029
1.8162 0.238462 -0.423029
1.80728 0.231518 -0.420779
1.80799 0.225838 -0.420779
1.79902 0.218979 -0.418529
1.80934 0.21479 -0.420779
1.81004 0.208789 -0.420779
1.81069 0.203102 -0.420779
1.80163 0.196356 -0.418529
1.80224 0.190695 -0.418529
1.82221 0.187022 -0.423029
1.8034 0.179368 -0.418529
1.79426 0.172768 -0.416279
1.80449 0.168033 -0.418529
1.80501 0.162363 -0.418529
1.80551 0.156693 -0.418529
1.806 0.151019 -0.418529
1.79675 0.144564 -0.416279
1.7972 0.138918 -0.416279
1.79762 0.13327 -0.416279
1.80775 0.128313 -0.418529
1.81787 0.123292 -0.420779
1.83769 0.118838 -0.42528
1.82833 0.112466 -0.423029
1.8384 0.10729 -0.42528
1.829 0.100977 -0.423029
1.83904 0.095736 -0.42528
1.83933 0.089958 -0.42528
1.82014 0.083289 -0.420779
1.83013 0.077985 -0.423029
1.8401 0.07262 -0.42528
1.83058 0.066485 -0.423029
1.84052 0.061056 -0.42528
1.83096 0.054981 -0.423029
1.84087 0.049491 -0.42528
1.84101 0.043708 -0.42528
1.84114 0.037923 -0.42528
1.7828 0.031118 -0.411779
1.80237 0.025797 -0.416279
1.80244 0.020135 -0.416279
1.8025 0.014472 -0.416279
1.80254 0.008809 -0.416279
1.80255 0.003146 -0.416279
1.8123 -0.00253 -0.418529
1.81228 -0.008224 -0.418529
1.79276 -0.013455 -0.414029
1.79271 -0.0194 -0.414029
1.81212 -0.02562 -0.418529
1.80229 -0.031144 -0.416279
1.80219 -0.036492 -0.416279
1.81181 -0.042381 -0.418529
1.79217 -0.047869 -0.414029
1.80175 -0.05379 -0.416279
1.79185 -0.058816 -0.414029
1.80139 -0.064795 -0.416279
1.79144 -0.070073 -0.414029
1.79121 -0.0757 -0.414029
1.8007 -0.081769 -0.416279
1.82963 -0.088844 -0.423029
1.83907 -0.095094 -0.42528
1.83877 -0.100872 -0.42528
1.82871 -0.106083 -0.423029
1.82837 -0.111828 -0.423029
1.82801 -0.117571 -0.423029
1.83735 -0.12397 -0.42528
1.82724 -0.129055 -0.423029
1.83654 -0.135512 -0.42528
1.8361 -0.14128 -0.42528
1.83565 -0.147048 -0.42528
1.82547 -0.152006 -0.423029
1.82496 -0.158058 -0.423029
1.82445 -0.163791 -0.423029
1.83363 -0.170423 -0.42528
1.82342 -0.174933 -0.423029
1.76468 -0.174894 -0.409529
1.79317 -0.183725 -0.416279
1.80227 -0.190381 -0.418529
1.79201 -0.194675 -0.416279
1.80104 -0.201701 -0.418529
1.79072 -0.206243 -0.416279
1.79974 -0.213013 -0.418529
1.78939 -0.21749 -0.416279
1.7887 -0.223111 -0.416279
1.78799 -0.228729 -0.416279
1.78726 -0.234345 -0.416279
1.78651 -0.239959 -0.416279
1.7954 -0.246898 -0.418529
1.78497 -0.251179 -0.416279
1.80346 -0.259561 -0.420779
1.793 -0.263808 -0.418529
1.79216 -0.269439 -0.418529
1.78167 -0.273589 -0.416279
1.7808 -0.279185 -0.416279
1.78954 -0.286318 -0.418529
1.79825 -0.293508 -0.420779
1.82615 -0.303955 -0.42753
1.82519 -0.30969 -0.42753
1.83381 -0.317083 -0.42978
1.82321 -0.321152 -0.42753
1.83172 -0.328919 -0.42978
1.84985 -0.338176 -0.43428
1.80094 -0.33476 -0.423029
1.81903 -0.344037 -0.42753
1.8275 -0.351591 -0.42978
1.82639 -0.357331 -0.42978
1.82526 -0.363067 -0.42978
1.82404 -0.369117 -0.42978
1.82288 -0.374846 -0.42978
1.81215 -0.378578 -0.42753
1.81095 -0.38427 -0.42753
1.75259 -0.377642 -0.414029
1.77995 -0.389394 -0.420779
1.77872 -0.394983 -0.420779
1.77747 -0.400569 -0.420779
1.7762 -0.406152 -0.420779
1.77491 -0.41173 -0.420779
1.7831 -0.419535 -0.423029
1.79125 -0.427396 -0.42528
1.78043 -0.43073 -0.423029
1.77906 -0.436322 -0.423029
1.77769 -0.441909 -0.423029
1.78574 -0.449871 -0.42528
1.79376 -0.457889 -0.42753
1.78279 -0.461394 -0.42528
1.78133 -0.466992 -0.42528
1.79878 -0.477273 -0.42978
1.77845 -0.477865 -0.42528
1.77694 -0.48345 -0.42528
1.76593 -0.486751 -0.423029
1.77378 -0.494915 -0.42528
1.80972 -0.511077 -0.43428
1.81748 -0.519437 -0.43653
1.80648 -0.522438 -0.43428
1.80492 -0.527795 -0.43428
1.80316 -0.533778 -0.43428
1.81081 -0.542235 -0.43653
1.8091 -0.547921 -0.43653
1.81668 -0.556455 -0.438781
1.80562 -0.559277 -0.43653
1.81315 -0.567859 -0.438781
1.80207 -0.570611 -0.43653
1.8281 -0.585181 -0.443281
1.79845 -0.581922 -0.43653
1.79661 -0.587569 -0.43653
1.80401 -0.596268 -0.438781
1.76516 -0.589586 -0.42978
1.77253 -0.598244 -0.43203
1.77053 -0.604119 -0.43203
1.77784 -0.612853 -0.43428
1.77591 -0.618436 -0.43428
1.77395 -0.624012 -0.43428
1.77198 -0.629582 -0.43428
1.77 -0.635145 -0.43428
1.76799 -0.640703 -0.43428
1.77512 -0.649602 -0.43653
1.76393 -0.651799 -0.43428
1.76188 -0.657337 -0.43428
1.76892 -0.666303 -0.43653
1.78503 -0.678784 -0.441031
1.7738 -0.680896 -0.438781
1.77165 -0.686466 -0.438781
1.76948 -0.692028 -0.438781
1.75812 -0.694313 -0.43653
1.76498 -0.70344 -0.438781
1.7718 -0.712617 -0.441031
1.76968 -0.717871 -0.441031
1.7763 -0.727428 -0.443281
1.77401 -0.733005 -0.443281
1.7717 -0.738575 -0.443281
1.76039 -0.74036 -0.441031
1.76702 -0.749692 -0.443281
1.76466 -0.75524 -0.443281
1.78017 -0.768503 -0.447781
1.77774 -0.774092 -0.447781
1.76638 -0.775755 -0.445531
1.76394 -0.781301 -0.445531
1.75258 -0.782864 -0.443281
1.77676 -0.800372 -0.450031
1.76523 -0.802228 -0.447781
1.84663 0.747961 -0.389133
1.83986 0.7385 -0.387216
1.84217 0.732716 -0.387216
1.83533 0.723327 -0.385299
1.83759 0.717557 -0.385299
1.83069 0.708239 -0.383382
1.84207 0.705997 -0.385299
1.8351 0.696723 -0.383382
1.83728 0.690955 -0.383382
1.83944 0.685179 -0.383382
1.84159 0.679397 -0.383382
1.83449 0.67024 -0.381466
1.83659 0.664473 -0.381466
1.83867 0.6587 -0.381466
1.83148 0.64964 -0.379549
1.84277 0.647135 -0.381466
1.83552 0.63812 -0.379549
1.82824 0.629156 -0.377632
1.8395 0.626574 -0.379549
1.84146 0.620792 -0.379549
1.83409 0.611898 -0.377632
1.82668 0.603056 -0.375715
1.82857 0.597314 -0.375715
1.82099 0.588866 -0.373798
1.84163 0.588803 -0.377632
1.83411 0.580054 -0.375715
1.83593 0.57429 -0.375715
1.82835 0.565618 -0.373798
1.82073 0.557 -0.371881
1.83186 0.55412 -0.373798
1.8259 0.539816 -0.371881
1.85585 0.542336 -0.377632
1.81973 0.525927 -0.369964
1.84025 0.525599 -0.373798
1.82309 0.514165 -0.369964
1.84361 0.513704 -0.373798
1.84521 0.507909 -0.373798
1.83733 0.499535 -0.371881
1.81993 0.48867 -0.368047
1.83094 0.485465 -0.369964
1.83246 0.479711 -0.369964
1.83396 0.473952 -0.369964
1.84495 0.470614 -0.371881
1.81786 0.457628 -0.36613
1.84779 0.459335 -0.371881
1.8207 0.446197 -0.36613
1.85071 0.447393 -0.371881
1.85211 0.441577 -0.371881
1.85349 0.435756 -0.371881
1.85485 0.429931 -0.371881
1.85619 0.424101 -0.371881
1.86709 0.420424 -0.373798
1.85875 0.412755 -0.371881
1.86003 0.406914 -0.371881
1.8613 0.401068 -0.371881
1.87222 0.396928 -0.373798
1.86385 0.38904 -0.371881
1.86513 0.382857 -0.371881
1.85664 0.375377 -0.369964
1.85781 0.369542 -0.369964
1.85896 0.363703 -0.369964
1.83118 0.352299 -0.364213
1.82258 0.345039 -0.362296
1.83336 0.340787 -0.364213
1.82477 0.333262 -0.362296
1.82581 0.327528 -0.362296
1.83649 0.323493 -0.364213
1.8375 0.317721 -0.364213
1.82881 0.310306 -0.362296
1.83946 0.30617 -0.364213
1.82104 0.297228 -0.36038
1.83166 0.293056 -0.362296
1.82287 0.28578 -0.36038
1.82376 0.280051 -0.36038
1.83429 0.2761 -0.362296
1.83515 0.270336 -0.362296
1.83599 0.26457 -0.362296
1.81742 0.255745 -0.358463
1.82793 0.25137 -0.36038
1.82871 0.245627 -0.36038
1.80028 0.236053 -0.354629
1.84969 0.236623 -0.364213
1.84069 0.229596 -0.362296
1.8414 0.223811 -0.362296
1.8518 0.219503 -0.364213
1.83302 0.211115 -0.36038
1.84343 0.206448 -0.362296
1.84407 0.200655 -0.362296
1.84469 0.19486 -0.362296
1.84529 0.189065 -0.362296
1.83611 0.182297 -0.36038
1.83667 0.176528 -0.36038
1.83722 0.170757 -0.36038
1.84752 0.165861 -0.362296
1.83825 0.159211 -0.36038
1.84853 0.15425 -0.362296
1.83922 0.147657 -0.36038
1.82989 0.141123 -0.358463
1.84011 0.136097 -0.36038
1.84053 0.130317 -0.36038
1.85072 0.125196 -0.362296
1.8511 0.119381 -0.362296
1.85147 0.113565 -0.362296
1.83222 0.106608 -0.358463
1.85215 0.10193 -0.362296
1.83286 0.095094 -0.358463
1.83315 0.089335 -0.358463
1.84322 0.084022 -0.36038
1.81406 0.076983 -0.354629
1.83391 0.072055 -0.358463
1.82432 0.065938 -0.356546
1.82451 0.060206 -0.356546
1.85412 0.055353 -0.362296
1.83467 0.049004 -0.358463
1.84462 0.043472 -0.36038
1.81531 0.037075 -0.354629
1.77617 0.030693 -0.346961
1.83514 0.025945 -0.358463
1.83521 0.02018 -0.358463
1.84508 0.014492 -0.36038
1.8353 0.008649 -0.358463
1.83532 0.002882 -0.358463
1.84513 -0.002898 -0.36038
1.8353 -0.008649 -0.358463
1.84508 -0.014169 -0.36038
1.84502 -0.020288 -0.36038
1.83513 -0.026266 -0.358463
1.83504 -0.032031 -0.358463
1.83494 -0.037475 -0.358463
1.825 -0.043009 -0.356546
1.83466 -0.049324 -0.358463
1.83449 -0.055087 -0.358463
1.83432 -0.06053 -0.358463
1.83412 -0.066293 -0.358463
1.8241 -0.071669 -0.356546
1.81406 -0.076983 -0.354629
1.82361 -0.083129 -0.356546
1.84295 -0.089813 -0.36038
1.81325 -0.094077 -0.354629
1.85215 -0.10193 -0.362296
1.81263 -0.105468 -0.354629
1.83188 -0.112363 -0.358463
1.84131 -0.11875 -0.36038
1.84093 -0.124534 -0.36038
1.82095 -0.12893 -0.356546
1.83032 -0.135374 -0.358463
1.82989 -0.141123 -0.358463
1.81965 -0.146086 -0.356546
1.81918 -0.151802 -0.356546
1.83823 -0.159531 -0.36038
1.84749 -0.166184 -0.362296
1.82742 -0.170168 -0.358463
1.81713 -0.17465 -0.356546
1.75798 -0.17454 -0.345044
1.83549 -0.188385 -0.36038
1.82513 -0.193118 -0.358463
1.83431 -0.199594 -0.36038
1.82388 -0.204581 -0.358463
1.82323 -0.21031 -0.358463
1.83231 -0.217192 -0.36038
1.83162 -0.222948 -0.36038
1.82117 -0.227484 -0.358463
1.83018 -0.234451 -0.36038
1.82943 -0.2402 -0.36038
1.82867 -0.245946 -0.36038
1.82789 -0.25169 -0.36038
1.82709 -0.257431 -0.36038
1.83599 -0.26457 -0.362296
1.82544 -0.268906 -0.36038
1.83429 -0.2761 -0.362296
1.82371 -0.28037 -0.36038
1.81313 -0.284576 -0.358463
1.82099 -0.297545 -0.36038
1.81036 -0.301652 -0.358463
1.82876 -0.310625 -0.362296
1.8181 -0.314694 -0.36038
1.8171 -0.320404 -0.36038
1.82569 -0.328165 -0.362296
1.82465 -0.333899 -0.362296
1.80436 -0.335721 -0.358463
1.81293 -0.343213 -0.36038
1.82149 -0.350763 -0.362296
1.82037 -0.356483 -0.362296
1.8385 -0.366033 -0.36613
1.82765 -0.37018 -0.364213
1.81687 -0.373941 -0.362296
1.81568 -0.379647 -0.362296
1.80488 -0.38331 -0.36038
1.78448 -0.384841 -0.356546
1.82161 -0.398841 -0.364213
1.82035 -0.404562 -0.364213
1.82864 -0.412438 -0.36613
1.81777 -0.415992 -0.364213
1.81646 -0.4217 -0.364213
1.81512 -0.427405 -0.364213
1.81377 -0.433105 -0.364213
1.82194 -0.441111 -0.36613
1.82055 -0.446832 -0.36613
1.80961 -0.45018 -0.364213
1.8177 -0.458262 -0.36613
1.80675 -0.461541 -0.364213
1.81471 -0.469991 -0.36613
1.80373 -0.473199 -0.364213
1.80231 -0.478549 -0.364213
1.81028 -0.486757 -0.36613
1.79927 -0.489863 -0.364213
1.8071 -0.498437 -0.36613
1.81338 -0.51245 -0.368047
1.84007 -0.526241 -0.373798
1.8384 -0.532019 -0.373798
1.81798 -0.531959 -0.369964
1.82562 -0.540772 -0.371881
1.8051 -0.54087 -0.368047
1.82218 -0.552232 -0.371881
1.80167 -0.552201 -0.368047
1.8093 -0.560764 -0.369964
1.8169 -0.569381 -0.371881
1.82445 -0.57805 -0.373798
1.78524 -0.571804 -0.36613
1.80211 -0.583456 -0.369964
1.81893 -0.595219 -0.373798
1.77977 -0.588604 -0.36613
1.74068 -0.581748 -0.358463
1.78534 -0.602915 -0.368047
1.79262 -0.612003 -0.369964
1.79069 -0.617632 -0.369964
1.78874 -0.623254 -0.369964
1.78677 -0.628871 -0.369964
1.79403 -0.637768 -0.371881
1.79202 -0.643401 -0.371881
1.78999 -0.649028 -0.371881
1.77873 -0.651274 -0.369964
1.78588 -0.660262 -0.371881
1.78379 -0.665869 -0.371881
1.79088 -0.674931 -0.373798
1.78875 -0.680554 -0.373798
1.79576 -0.689689 -0.375715
1.78444 -0.691779 -0.373798
1.79139 -0.700958 -0.375715
1.79819 -0.710501 -0.377632
1.78683 -0.712512 -0.375715
1.78458 -0.718122 -0.375715
1.79154 -0.727104 -0.377632
1.78912 -0.733041 -0.377632
1.78681 -0.738658 -0.377632
1.78448 -0.744268 -0.377632
1.79118 -0.753677 -0.379549
1.77977 -0.755466 -0.377632
1.76836 -0.75719 -0.375715
1.78399 -0.770525 -0.379549
1.78156 -0.776126 -0.379549
1.77013 -0.777771 -0.377632
1.77665 -0.787304 -0.379549
1.78313 -0.796886 -0.381466
1.78062 -0.802484 -0.381466
1.78688 -0.812447 -0.383382
1.85829 0.752308 -0.318888
1.86065 0.746466 -0.318888
1.84463 0.73332 -0.315746
1.84692 0.727522 -0.315746
1.84 0.718125 -0.314176
1.84224 0.712341 -0.314176
1.84447 0.70655 -0.314176
1.84668 0.700752 -0.314176
1.83039 0.687997 -0.311034
1.85105 0.689135 -0.314176
1.85321 0.683316 -0.314176
1.82751 0.667329 -0.309463
1.8296 0.661584 -0.309463
1.84097 0.659162 -0.311034
1.83372 0.650076 -0.309463
1.84507 0.647582 -0.311034
1.83777 0.638541 -0.309463
1.83043 0.629552 -0.307892
1.8324 0.623799 -0.307892
1.83435 0.618039 -0.307892
1.83628 0.612273 -0.307892
1.84757 0.609596 -0.309463
1.8307 0.597658 -0.306321
1.85126 0.598298 -0.309463
1.84383 0.58915 -0.307892
1.83625 0.580378 -0.306321
1.83807 0.574607 -0.306321
1.83043 0.565912 -0.30475
1.84164 0.563047 -0.306321
1.82449 0.551543 -0.303179
1.83568 0.548636 -0.30475
1.8374 0.542867 -0.30475
1.83909 0.537091 -0.30475
1.84068 0.531632 -0.30475
1.83284 0.523137 -0.303179
1.85358 0.522414 -0.306321
1.83618 0.51129 -0.303179
1.82826 0.502899 -0.301609
1.83936 0.499743 -0.303179
1.84092 0.493962 -0.303179
1.83292 0.485646 -0.301609
1.83443 0.479886 -0.301609
1.83593 0.47412 -0.301609
1.82784 0.465911 -0.300038
1.83887 0.462576 -0.301609
1.83065 0.454737 -0.300038
1.84174 0.451012 -0.301609
1.86235 0.449862 -0.30475
1.88297 0.448587 -0.307892
1.9036 0.447186 -0.311034
1.89537 0.438975 -0.309463
1.90637 0.435216 -0.311034
1.89809 0.427057 -0.309463
1.88007 0.417145 -0.306321
1.91031 0.417564 -0.311034
1.90196 0.409481 -0.309463
1.90331 0.403172 -0.309463
1.90457 0.397191 -0.309463
1.90587 0.390873 -0.309463
1.89734 0.383261 -0.307892
1.86948 0.371523 -0.303179
1.89002 0.369437 -0.306321
1.88147 0.361634 -0.30475
1.86313 0.352379 -0.301609
1.83516 0.34079 -0.296896
1.84594 0.336795 -0.298467
1.84699 0.330995 -0.298467
1.83829 0.323479 -0.296896
1.84903 0.319383 -0.298467
1.84029 0.311922 -0.296896
1.83152 0.304519 -0.295325
1.83246 0.298764 -0.295325
1.83339 0.293006 -0.295325
1.83431 0.287244 -0.295325
1.8352 0.28148 -0.295325
1.84579 0.277502 -0.296896
1.84665 0.271702 -0.296896
1.8475 0.2659 -0.296896
1.83859 0.258397 -0.295325
1.83939 0.252619 -0.295325
1.83039 0.245527 -0.293754
1.84094 0.241058 -0.295325
1.85149 0.236525 -0.296896
1.87182 0.233148 -0.300038
1.84313 0.223696 -0.295325
1.8634 0.220548 -0.298467
1.88375 0.216625 -0.301609
1.86479 0.208511 -0.298467
1.87525 0.203718 -0.300038
1.8366 0.193682 -0.293754
1.89615 0.193941 -0.303179
1.84761 0.183113 -0.295325
1.89733 0.182024 -0.303179
1.86839 0.173325 -0.298467
1.8886 0.169217 -0.301609
1.87928 0.162433 -0.300038
1.88962 0.157348 -0.301609
1.89011 0.15141 -0.301609
1.87088 0.143956 -0.298467
1.84178 0.135897 -0.293754
1.83234 0.129416 -0.292183
1.85245 0.124988 -0.295325
1.84298 0.118533 -0.293754
1.8532 0.113346 -0.295325
1.84368 0.106952 -0.293754
1.84401 0.10116 -0.293754
1.84432 0.095366 -0.293754
1.83475 0.089092 -0.292183
1.83502 0.083328 -0.292183
1.83527 0.077563 -0.292183
1.8355 0.071797 -0.292183
1.83572 0.06603 -0.292183
1.84579 0.060586 -0.293754
1.82623 0.054201 -0.290612
1.83626 0.048726 -0.292183
1.83641 0.042957 -0.292183
1.83653 0.037187 -0.292183
1.84651 0.031586 -0.293754
1.85648 0.025923 -0.295325
1.88618 0.020411 -0.300038
1.87636 0.014409 -0.298467
1.87639 0.008515 -0.298467
1.86653 0.002606 -0.296896
1.88628 -0.003292 -0.300038
1.86651 -0.009122 -0.296896
1.88623 -0.014815 -0.300038
1.88617 -0.02107 -0.300038
1.88609 -0.027324 -0.300038
1.89587 -0.033423 -0.301609
1.85626 -0.038235 -0.295325
1.88575 -0.04477 -0.300038
1.86585 -0.050488 -0.296896
1.88543 -0.056946 -0.300038
1.86551 -0.061885 -0.296896
1.88504 -0.068463 -0.300038
1.84535 -0.072826 -0.293754
1.83524 -0.078203 -0.292183
1.84485 -0.08442 -0.293754
1.81499 -0.088768 -0.289041
1.83442 -0.095496 -0.292183
1.82425 -0.100714 -0.290612
1.82393 -0.106445 -0.290612
1.8433 -0.113387 -0.293754
1.83308 -0.11854 -0.292183
1.8327 -0.124298 -0.292183
1.84215 -0.130754 -0.293754
1.83188 -0.135811 -0.292183
1.84129 -0.142326 -0.293754
1.83099 -0.147318 -0.292183
1.83052 -0.153069 -0.292183
1.83984 -0.159994 -0.293754
1.82949 -0.164887 -0.292183
1.82896 -0.170634 -0.292183
1.82845 -0.17606 -0.292183
1.81806 -0.180826 -0.290612
1.85675 -0.190894 -0.296896
1.86596 -0.197767 -0.298467
1.86537 -0.203302 -0.298467
1.87449 -0.21059 -0.300038
1.84439 -0.213077 -0.295325
1.88294 -0.223527 -0.301609
1.85282 -0.225857 -0.296896
1.8913 -0.236579 -0.303179
1.86116 -0.23875 -0.298467
1.87019 -0.245883 -0.300038
1.8792 -0.253076 -0.301609
1.88818 -0.260327 -0.303179
1.87757 -0.264878 -0.301609
1.87673 -0.270775 -0.301609
1.8661 -0.275229 -0.300038
1.85546 -0.279618 -0.298467
1.86433 -0.286948 -0.300038
1.83415 -0.288205 -0.295325
1.83324 -0.293966 -0.295325
1.83231 -0.299723 -0.295325
1.83136 -0.305478 -0.295325
1.82065 -0.309575 -0.293754
1.81967 -0.315293 -0.293754
1.81867 -0.321008 -0.293754
1.82732 -0.328786 -0.295325
1.82627 -0.334525 -0.295325
1.83498 -0.34175 -0.296896
1.8242 -0.345675 -0.295325
1.8134 -0.349535 -0.293754
1.82199 -0.35713 -0.295325
1.83054 -0.364782 -0.296896
1.81964 -0.368888 -0.295325
1.81848 -0.374603 -0.295325
1.82696 -0.382337 -0.296896
1.82575 -0.388074 -0.296896
1.81486 -0.391725 -0.295325
1.83292 -0.401652 -0.298467
1.86057 -0.413841 -0.303179
1.83036 -0.413161 -0.298467
1.84831 -0.423318 -0.301609
1.87583 -0.435828 -0.306321
1.82638 -0.430393 -0.298467
1.87305 -0.447606 -0.306321
1.86204 -0.451162 -0.30475
1.83184 -0.449942 -0.300038
1.86875 -0.465238 -0.306321
1.86728 -0.471107 -0.306321
1.86579 -0.476971 -0.306321
1.85464 -0.480678 -0.30475
1.87222 -0.491517 -0.307892
1.83258 -0.486926 -0.301609
1.83104 -0.492681 -0.301609
1.80089 -0.490643 -0.296896
1.83734 -0.507122 -0.303179
1.81671 -0.507577 -0.300038
1.82461 -0.515969 -0.301609
1.81349 -0.518982 -0.300038
1.82133 -0.527423 -0.301609
1.81028 -0.53005 -0.300038
1.80851 -0.53605 -0.300038
1.81628 -0.544565 -0.301609
1.82401 -0.553135 -0.303179
1.81282 -0.555966 -0.301609
1.81107 -0.561659 -0.301609
1.79987 -0.564391 -0.300038
1.81692 -0.576012 -0.303179
1.8057 -0.578703 -0.301609
1.80387 -0.584372 -0.301609
1.80202 -0.590037 -0.301609
1.80954 -0.598798 -0.303179
1.79828 -0.601347 -0.301609
1.79638 -0.606994 -0.301609
1.79436 -0.612948 -0.301609
1.80176 -0.621803 -0.303179
1.79047 -0.62421 -0.301609
1.79782 -0.633112 -0.303179
1.79582 -0.638757 -0.303179
1.79381 -0.644395 -0.303179
1.80106 -0.653396 -0.30475
1.78972 -0.655653 -0.303179
1.79692 -0.664699 -0.30475
1.78557 -0.666885 -0.303179
1.80194 -0.679461 -0.306321
1.7998 -0.685118 -0.306321
1.78842 -0.687227 -0.30475
1.79546 -0.696413 -0.306321
1.79326 -0.70205 -0.306321
1.80011 -0.711624 -0.307892
1.78869 -0.713616 -0.306321
1.7956 -0.72292 -0.307892
1.79345 -0.728244 -0.307892
1.8093 -0.741679 -0.311034
1.79784 -0.743585 -0.309463
1.79549 -0.74923 -0.309463
1.79313 -0.754867 -0.309463
1.79984 -0.764357 -0.311034
1.80651 -0.773896 -0.312605
1.80407 -0.779568 -0.312605
1.79255 -0.781285 -0.311034
1.79009 -0.786913 -0.311034
1.79664 -0.796536 -0.312605
1.80314 -0.806207 -0.314176
1.8096 -0.815927 -0.315746
1.78891 -0.813745 -0.312605
1.82168 0.737116 -0.24196
1.82399 0.73139 -0.24196
1.81705 0.72199 -0.240738
1.81931 0.716279 -0.240738
1.8123 0.706952 -0.239516
1.81452 0.701256 -0.239516
1.82598 0.699101 -0.240738
1.82817 0.69336 -0.240738
1.82105 0.684124 -0.239516
1.82319 0.678399 -0.239516
1.82531 0.672668 -0.239516
1.80877 0.660125 -0.237072
1.82016 0.657812 -0.238294
1.82222 0.652091 -0.238294
1.81491 0.643049 -0.237072
1.81692 0.637344 -0.237072
1.82829 0.634889 -0.238294
1.8115 0.622689 -0.23585
1.81345 0.616994 -0.23585
1.80597 0.608128 -0.234628
1.80787 0.602451 -0.234628
1.81918 0.599877 -0.23585
1.81162 0.591079 -0.234628
1.81337 0.585702 -0.234628
1.8153 0.579686 -0.234628
1.81711 0.573979 -0.234628
1.80943 0.565309 -0.233406
1.8112 0.559621 -0.233406
1.81295 0.553928 -0.233406
1.80518 0.54536 -0.232184
1.81639 0.542526 -0.233406
1.81809 0.536818 -0.233406
1.81024 0.528322 -0.232184
1.8118 0.522949 -0.232184
1.81343 0.517255 -0.232184
1.81514 0.511238 -0.232184
1.81674 0.505533 -0.232184
1.81832 0.499823 -0.232184
1.8103 0.491508 -0.230962
1.82142 0.488389 -0.232184
1.81335 0.480124 -0.230962
1.81485 0.474424 -0.230962
1.81633 0.46872 -0.230962
1.80818 0.460562 -0.22974
1.80961 0.45488 -0.22974
1.81096 0.449508 -0.22974
1.82208 0.445859 -0.230962
1.81382 0.437804 -0.22974
1.84415 0.438999 -0.233406
1.85519 0.435472 -0.234628
1.84687 0.427403 -0.233406
1.85789 0.423806 -0.234628
1.84952 0.41579 -0.233406
1.86044 0.41245 -0.234628
1.86173 0.406603 -0.234628
1.86299 0.400752 -0.234628
1.8546 0.392516 -0.233406
1.86554 0.388714 -0.234628
1.86682 0.382525 -0.234628
1.85822 0.375021 -0.233406
1.84965 0.367248 -0.232184
1.8508 0.361435 -0.232184
1.84218 0.353748 -0.230962
1.80421 0.340909 -0.226074
1.82485 0.338545 -0.228518
1.81614 0.33103 -0.227296
1.81717 0.325324 -0.227296
1.80841 0.317895 -0.226074
1.8094 0.312212 -0.226074
1.81037 0.306525 -0.226074
1.81132 0.300837 -0.226074
1.81226 0.295145 -0.226074
1.81318 0.289451 -0.226074
1.80427 0.282219 -0.224852
1.80515 0.276549 -0.224852
1.80596 0.271192 -0.224852
1.8068 0.265517 -0.224852
1.80763 0.25984 -0.224852
1.80848 0.253844 -0.224852
1.79944 0.246812 -0.22363
1.81004 0.242475 -0.224852
1.81079 0.236788 -0.224852
1.82137 0.232355 -0.226074
1.87134 0.232756 -0.232184
1.8425 0.223293 -0.228518
1.86287 0.220155 -0.230962
1.83401 0.210581 -0.227296
1.85439 0.207021 -0.22974
1.8353 0.199053 -0.227296
1.85565 0.195364 -0.22974
1.84639 0.188526 -0.228518
1.83709 0.181747 -0.227296
1.86729 0.178813 -0.230962
1.84808 0.171116 -0.228518
1.83872 0.164425 -0.227296
1.82934 0.157795 -0.226074
1.83972 0.152869 -0.227296
1.84019 0.147088 -0.227296
1.84064 0.141307 -0.227296
1.81138 0.133337 -0.22363
1.82169 0.128344 -0.224852
1.80228 0.121287 -0.222408
1.80265 0.115624 -0.222408
1.80301 0.109961 -0.222408
1.80335 0.104296 -0.222408
1.80367 0.098631 -0.222408
1.81388 0.093474 -0.22363
1.80425 0.087295 -0.222408
1.81443 0.082075 -0.22363
1.80476 0.075958 -0.222408
1.80499 0.070288 -0.222408
1.8052 0.064616 -0.222408
1.8054 0.058944 -0.222408
1.80557 0.053273 -0.222408
1.80573 0.0476 -0.222408
1.81579 0.042157 -0.22363
1.806 0.036254 -0.222408
1.8061 0.030579 -0.222408
1.79626 0.024769 -0.221186
1.80626 0.019231 -0.222408
1.83608 0.01378 -0.226074
1.83612 0.008012 -0.226074
1.83613 0.002243 -0.226074
1.83613 -0.003525 -0.226074
1.84604 -0.009344 -0.227296
1.83607 -0.015062 -0.226074
1.84594 -0.021265 -0.227296
1.84586 -0.027064 -0.227296
1.83584 -0.032686 -0.226074
1.84566 -0.038339 -0.227296
1.84553 -0.044137 -0.227296
1.84538 -0.050257 -0.227296
1.82537 -0.055451 -0.224852
1.84503 -0.061528 -0.227296
1.83491 -0.066963 -0.226074
1.83469 -0.072727 -0.226074
1.80471 -0.077217 -0.222408
1.79454 -0.082431 -0.221186
1.80419 -0.088555 -0.222408
1.79399 -0.093705 -0.221186
1.8036 -0.099889 -0.222408
1.79337 -0.104975 -0.221186
1.79303 -0.110609 -0.221186
1.79267 -0.116241 -0.221186
1.8022 -0.122546 -0.222408
1.7919 -0.127502 -0.221186
1.79149 -0.133131 -0.221186
1.80096 -0.139525 -0.222408
1.80052 -0.145182 -0.222408
1.80005 -0.150838 -0.222408
1.79954 -0.156806 -0.222408
1.79904 -0.162459 -0.222408
1.8084 -0.169034 -0.22363
1.79801 -0.173446 -0.222408
1.80734 -0.180077 -0.22363
1.78698 -0.184036 -0.221186
1.79627 -0.190697 -0.222408
1.80556 -0.197103 -0.22363
1.79503 -0.20198 -0.222408
1.80425 -0.208759 -0.22363
1.80358 -0.214426 -0.22363
1.8029 -0.220091 -0.22363
1.79235 -0.22452 -0.222408
1.80148 -0.231414 -0.22363
1.80075 -0.237073 -0.22363
1.79016 -0.241402 -0.222408
1.79922 -0.248382 -0.22363
1.79843 -0.254034 -0.22363
1.7878 -0.258263 -0.222408
1.7968 -0.265328 -0.22363
1.80577 -0.272453 -0.224852
1.7951 -0.276613 -0.22363
1.79422 -0.282251 -0.22363
1.80312 -0.289459 -0.224852
1.79241 -0.293519 -0.22363
1.80127 -0.300783 -0.224852
1.80032 -0.30644 -0.224852
1.79934 -0.312094 -0.224852
1.78858 -0.316019 -0.22363
1.79729 -0.323708 -0.224852
1.79627 -0.329352 -0.224852
1.78552 -0.332862 -0.22363
1.79422 -0.340319 -0.224852
1.79314 -0.345954 -0.224852
1.79205 -0.351585 -0.224852
1.79093 -0.357214 -0.224852
1.78974 -0.363151 -0.224852
1.78859 -0.368771 -0.224852
1.78742 -0.374389 -0.224852
1.78624 -0.380002 -0.224852
1.77533 -0.383516 -0.22363
1.78381 -0.391218 -0.224852
1.78258 -0.39682 -0.224852
1.80068 -0.406792 -0.227296
1.80907 -0.414665 -0.228518
1.78842 -0.41585 -0.226074
1.79677 -0.423745 -0.227296
1.81473 -0.434005 -0.22974
1.80372 -0.437365 -0.228518
1.82161 -0.447767 -0.230962
1.81056 -0.451088 -0.22974
1.80914 -0.456774 -0.22974
1.80769 -0.462456 -0.22974
1.80615 -0.468448 -0.22974
1.80467 -0.474119 -0.22974
1.81285 -0.482022 -0.230962
1.81132 -0.487715 -0.230962
1.80978 -0.493403 -0.230962
1.789 -0.494117 -0.228518
1.78744 -0.499735 -0.228518
1.77631 -0.502646 -0.227296
1.77472 -0.508224 -0.227296
1.78265 -0.516559 -0.228518
1.78111 -0.521846 -0.228518
1.76986 -0.524927 -0.227296
1.7777 -0.533337 -0.228518
1.78552 -0.541801 -0.22974
1.77432 -0.544496 -0.228518
1.7726 -0.550067 -0.228518
1.78033 -0.558605 -0.22974
1.77857 -0.564195 -0.22974
1.77679 -0.56978 -0.22974
1.78443 -0.578419 -0.230962
1.7826 -0.584022 -0.230962
1.77134 -0.5865 -0.22974
1.7789 -0.595211 -0.230962
1.76762 -0.597618 -0.22974
1.77502 -0.606686 -0.230962
1.7731 -0.61226 -0.230962
1.77117 -0.617827 -0.230962
1.76922 -0.623388 -0.230962
1.76725 -0.628943 -0.230962
1.76527 -0.634492 -0.230962
1.7726 -0.643421 -0.232184
1.77989 -0.652403 -0.233406
1.76852 -0.654546 -0.232184
1.76645 -0.660099 -0.232184
1.76437 -0.665645 -0.232184
1.77155 -0.674717 -0.233406
1.76942 -0.680279 -0.233406
1.76727 -0.685835 -0.233406
1.76511 -0.691383 -0.233406
1.76281 -0.697233 -0.233406
1.76983 -0.706447 -0.234628
1.7676 -0.712003 -0.234628
1.78387 -0.724716 -0.237072
1.77227 -0.726862 -0.23585
1.77915 -0.736221 -0.237072
1.77683 -0.741806 -0.237072
1.77449 -0.747385 -0.237072
1.77213 -0.752956 -0.237072
1.77888 -0.762429 -0.238294
1.77648 -0.768014 -0.238294
1.77406 -0.773591 -0.238294
1.7807 -0.783157 -0.239516
1.76916 -0.784723 -0.238294
1.77575 -0.794329 -0.239516
1.76419 -0.795823 -0.238294
1.77961 -0.809891 -0.240738
1.80072 0.728272 -0.171781
1.83074 0.733728 -0.174424
1.82378 0.724296 -0.173543
1.82605 0.718563 -0.173543
1.8283 0.712822 -0.173543
1.82123 0.703486 -0.172662
1.82343 0.697762 -0.172662
1.8163 0.688498 -0.171781
1.83711 0.689792 -0.173543
1.82059 0.677073 -0.171781
1.81336 0.667907 -0.1709
1.82481 0.665621 -0.171781
1.82689 0.659884 -0.171781
1.8102 0.647432 -0.170019
1.82161 0.645068 -0.1709
1.82363 0.639342 -0.1709
1.82563 0.63361 -0.1709
1.81819 0.624634 -0.170019
1.82015 0.618919 -0.170019
1.82208 0.613199 -0.170019
1.83345 0.610618 -0.1709
1.8259 0.601738 -0.170019
1.82778 0.595998 -0.170019
1.82016 0.587195 -0.169138
1.81251 0.578446 -0.168257
1.81432 0.572748 -0.168257
1.82562 0.570015 -0.169138
1.81788 0.561337 -0.168257
1.81964 0.555624 -0.168257
1.82137 0.549905 -0.168257
1.82309 0.54418 -0.168257
1.81524 0.535631 -0.167376
1.81691 0.529925 -0.167376
1.81848 0.524532 -0.167376
1.82969 0.521548 -0.168257
1.82182 0.512778 -0.167376
1.82343 0.507051 -0.167376
1.82501 0.501321 -0.167376
1.81696 0.492977 -0.166495
1.8185 0.487267 -0.166495
1.82002 0.481551 -0.166495
1.83117 0.478348 -0.167376
1.82301 0.470106 -0.166495
1.81483 0.461919 -0.165615
1.81627 0.456216 -0.165615
1.8177 0.450507 -0.165615
1.8191 0.444794 -0.165615
1.82049 0.439077 -0.165615
1.82186 0.433356 -0.165615
1.81351 0.425356 -0.164734
1.81484 0.419656 -0.164734
1.81615 0.413952 -0.164734
1.81744 0.408245 -0.164734
1.82837 0.405005 -0.165615
1.8199 0.397136 -0.164734
1.83095 0.39319 -0.165615
1.83218 0.387435 -0.165615
1.8237 0.37933 -0.164734
1.81512 0.371601 -0.163853
1.82598 0.368183 -0.164734
1.81736 0.360506 -0.163853
1.82826 0.356702 -0.164734
1.8098 0.347204 -0.162972
1.81089 0.341516 -0.162972
1.82174 0.33764 -0.163853
1.813 0.330131 -0.162972
1.81402 0.324434 -0.162972
1.80522 0.317011 -0.162091
1.80621 0.311337 -0.162091
1.80718 0.305661 -0.162091
1.7983 0.298352 -0.16121
1.8189 0.2959 -0.162972
1.80998 0.288616 -0.162091
1.81088 0.282928 -0.162091
1.8216 0.278744 -0.162972
1.80272 0.270383 -0.16121
1.81342 0.266166 -0.162091
1.81429 0.260151 -0.162091
1.82496 0.255832 -0.162972
1.83563 0.251449 -0.163853
1.80679 0.241719 -0.16121
1.83717 0.239911 -0.163853
1.81815 0.231621 -0.162091
1.81887 0.225908 -0.162091
1.82946 0.221389 -0.162972
1.83015 0.21564 -0.162972
1.83082 0.20989 -0.162972
1.82157 0.203033 -0.162091
1.81229 0.196238 -0.16121
1.82281 0.191584 -0.162091
1.81349 0.184847 -0.16121
1.82397 0.180128 -0.162091
1.81462 0.173449 -0.16121
1.81515 0.167747 -0.16121
1.83551 0.163815 -0.162972
1.80624 0.155486 -0.160329
1.81665 0.150633 -0.16121
1.80719 0.144133 -0.160329
1.81756 0.139216 -0.16121
1.81799 0.133504 -0.16121
1.8184 0.127793 -0.16121
1.82873 0.122747 -0.162091
1.81917 0.116365 -0.16121
1.82947 0.111254 -0.162091
1.83975 0.10608 -0.162972
1.80029 0.098131 -0.159448
1.84038 0.094518 -0.162972
1.81082 0.087296 -0.160329
1.88074 0.084746 -0.166495
1.84119 0.077169 -0.162972
1.88124 0.072927 -0.166495
1.88146 0.067017 -0.166495
1.91153 0.062076 -0.169138
1.88184 0.055194 -0.166495
1.86209 0.048761 -0.164734
1.84232 0.042451 -0.162972
1.83248 0.036465 -0.162091
1.81267 0.030374 -0.160329
1.83268 0.024951 -0.162091
1.81282 0.018985 -0.160329
1.81288 0.013289 -0.160329
1.80295 0.007552 -0.159448
1.80296 0.001888 -0.159448
1.82288 -0.003818 -0.16121
1.8426 -0.027338 -0.162972
1.81263 -0.032589 -0.160329
1.8424 -0.038593 -0.162972
1.91198 -0.04606 -0.169138
1.93173 -0.052946 -0.1709
1.8426 -0.386281 -0.166495
1.83163 -0.389994 -0.165615
1.84987 -0.399956 -0.167376
1.84861 -0.405766 -0.167376
1.8376 -0.409405 -0.166495
1.80716 -0.408586 -0.163853
1.83499 -0.420943 -0.166495
1.84336 -0.428963 -0.167376
1.83231 -0.432464 -0.166495
1.80188 -0.431262 -0.163853
1.83923 -0.446317 -0.167376
1.80881 -0.444955 -0.164734
1.82673 -0.455455 -0.166495
1.81563 -0.458751 -0.165615
1.82383 -0.466923 -0.166495
1.79335 -0.465461 -0.163853
1.82078 -0.478691 -0.166495
1.80972 -0.48153 -0.165615
1.8082 -0.487213 -0.165615
1.81619 -0.49583 -0.166495
1.80502 -0.49888 -0.165615
1.81304 -0.507232 -0.166495
1.82102 -0.515639 -0.167376
1.82896 -0.524101 -0.168257
1.81774 -0.527071 -0.167376
1.81608 -0.532779 -0.167376
1.81439 -0.538481 -0.167376
1.82223 -0.547043 -0.168257
1.82051 -0.552765 -0.168257
1.79972 -0.552633 -0.166495
1.82651 -0.567146 -0.169138
1.83422 -0.575865 -0.170019
1.80392 -0.572584 -0.167376
1.7901 -0.727975 -0.1709
1.7878 -0.733595 -0.1709
1.79469 -0.743018 -0.171781
1.78316 -0.744814 -0.1709
1.78081 -0.750412 -0.1709
1.78761 -0.7599 -0.171781
1.77606 -0.761586 -0.1709
1.76451 -0.763207 -0.170019
1.78037 -0.776713 -0.171781
1.7688 -0.778291 -0.1709
1.77545 -0.787884 -0.171781
1.77297 -0.793458 -0.171781
1.7794 -0.803432 -0.172662
1.76781 -0.804891 -0.171781
1.94727 0.013934 -0.102235
1.95729 0.007857 -0.10276
1.94732 0.001699 -0.102235
1.9573 -0.004441 -0.10276
1.9373 -0.010482 -0.101711
1.94725 -0.016653 -0.102235
1.93719 -0.022992 -0.101711
1.96707 -0.029528 -0.103284
