1.64484 0.593152 -0.46773
1.6194 0.578236 -0.459978
1.603 0.566706 -0.454809
1.61389 0.564858 -0.457394
1.60652 0.556623 -0.454809
1.59913 0.548439 -0.452225
1.60999 0.546517 -0.454809
1.6117 0.541458 -0.454809
1.62256 0.539439 -0.457394
1.62425 0.534339 -0.457394
1.62582 0.529517 -0.457394
1.61837 0.521162 -0.454809
1.63841 0.52194 -0.459978
1.64005 0.51679 -0.459978
1.64166 0.511634 -0.459978
1.64326 0.506475 -0.459978
1.64484 0.50131 -0.459978
1.64641 0.49614 -0.459978
1.64796 0.490965 -0.459978
1.65876 0.488514 -0.462562
1.66956 0.486001 -0.465146
1.6618 0.478083 -0.462562
1.66329 0.47286 -0.462562
1.67407 0.470244 -0.465146
1.67554 0.464982 -0.465146
1.66768 0.457163 -0.462562
1.67843 0.454446 -0.465146
1.67985 0.449171 -0.465146
1.68125 0.443891 -0.465146
1.68264 0.438607 -0.465146
1.69336 0.435726 -0.46773
1.69472 0.430405 -0.46773
1.69606 0.425079 -0.46773
1.69739 0.419748 -0.46773
1.6987 0.414413 -0.46773
1.70939 0.411334 -0.470314
1.71067 0.405962 -0.470314
1.72134 0.402787 -0.472898
1.71319 0.395206 -0.470314
1.72384 0.391963 -0.472898
1.72506 0.386547 -0.472898
1.72627 0.381125 -0.472898
1.7369 0.377752 -0.475483
1.73808 0.372294 -0.475483
1.74869 0.368825 -0.478067
1.74984 0.363331 -0.478067
1.74151 0.355897 -0.475483
1.75209 0.352328 -0.478067
1.75319 0.346822 -0.478067
1.74479 0.339468 -0.475483
1.76482 0.337616 -0.480651
1.76587 0.332069 -0.480651
1.76691 0.32652 -0.480651
1.77743 0.322693 -0.483235
1.81648 0.323891 -0.493572
1.83651 0.321515 -0.49874
1.83752 0.315743 -0.49874
1.82897 0.308362 -0.496156
1.83946 0.304191 -0.49874
1.84995 0.299957 -0.501324
1.84134 0.292628 -0.49874
1.85179 0.288328 -0.501324
1.86224 0.283965 -0.503908
1.85357 0.276687 -0.501324
1.87355 0.273655 -0.506492
1.86483 0.266401 -0.503908
1.86566 0.260542 -0.503908
1.87604 0.255985 -0.506492
1.82896 0.24371 -0.493572
1.8393 0.239209 -0.496156
1.83045 0.232214 -0.493572
1.85035 0.228834 -0.49874
1.85106 0.223019 -0.49874
1.84216 0.216078 -0.496156
1.85242 0.211385 -0.49874
1.86268 0.206629 -0.501324
1.86332 0.200776 -0.501324
1.86394 0.194921 -0.501324
1.87416 0.190039 -0.503908
1.87474 0.184151 -0.503908
1.88493 0.179174 -0.506492
1.88548 0.173252 -0.506492
1.88602 0.167327 -0.506492
1.87691 0.160579 -0.503908
1.90629 0.157061 -0.511661
1.93566 0.153359 -0.519413
1.94577 0.148011 -0.521997
1.94622 0.141898 -0.521997
1.96593 0.137126 -0.527165
1.95671 0.130308 -0.524581
1.96676 0.124771 -0.527165
1.98642 0.119755 -0.532334
1.97715 0.112963 -0.52975
1.96784 0.10623 -0.527165
1.97782 0.100538 -0.52975
1.98777 0.094784 -0.532334
1.97841 0.088109 -0.52975
1.95937 0.081095 -0.524581
1.94996 0.074569 -0.521997
1.95984 0.068782 -0.524581
1.96005 0.062624 -0.524581
1.96024 0.056466 -0.524581
1.97006 0.050556 -0.527165
1.96055 0.044149 -0.524581
1.97034 0.038177 -0.527165
1.96079 0.031829 -0.524581
1.9802 0.025922 -0.52975
1.98993 0.019798 -0.532334
2.01897 0.013743 -0.540086
2.019 0.0074 -0.540086
2.04799 0.001072 -0.547839
1.99968 -0.005235 -0.534918
2.02864 -0.011684 -0.54267
2.01893 -0.018324 -0.540086
2.02852 -0.024784 -0.54267
2.03809 -0.031305 -0.545254
2.03798 -0.037708 -0.545254
2.03785 -0.04411 -0.545254
2.04736 -0.050752 -0.547839
2.05685 -0.057453 -0.550423
2.05666 -0.063915 -0.550423
2.04679 -0.070045 -0.547839
2.05622 -0.076836 -0.550423
2.05597 -0.083295 -0.550423
2.075 -0.090596 -0.555591
2.0747 -0.097115 -0.555591
2.11298 -0.10556 -0.565928
2.14158 -0.113735 -0.57368
2.12192 -0.119377 -0.568512
2.13118 -0.126615 -0.571096
2.15969 -0.13512 -0.578848
2.14962 -0.14127 -0.576264
2.1588 -0.148687 -0.578848
2.15832 -0.155468 -0.578848
2.16746 -0.162972 -0.581432
2.14767 -0.168271 -0.576264
2.13751 -0.174233 -0.57368
2.13695 -0.180947 -0.57368
2.14599 -0.188505 -0.576264
2.14539 -0.195246 -0.576264
2.164 -0.203796 -0.581432
2.15374 -0.209658 -0.578848
2.16268 -0.217389 -0.581432
2.17159 -0.225179 -0.584017
2.18048 -0.233026 -0.586601
2.17974 -0.239875 -0.586601
2.17897 -0.246722 -0.586601
2.16859 -0.252449 -0.584017
2.21575 -0.264996 -0.596937
2.23408 -0.274311 -0.602106
2.23321 -0.281328 -0.602106
2.25148 -0.290817 -0.607274
2.26971 -0.300424 -0.612442
2.25912 -0.30665 -0.609858
2.26772 -0.315075 -0.612442
2.27628 -0.323557 -0.615026
2.28481 -0.332096 -0.61761
2.23598 -0.332175 -0.60469
2.25403 -0.342097 -0.609858
2.25294 -0.349177 -0.609858
2.27092 -0.359272 -0.615026
2.26978 -0.366404 -0.615026
2.27815 -0.375103 -0.61761
2.27696 -0.382258 -0.61761
2.28527 -0.391038 -0.620195
2.29354 -0.399875 -0.622779
2.30179 -0.408768 -0.625363
2.30049 -0.415997 -0.625363
2.3086 -0.425374 -0.627947
2.34523 -0.439746 -0.638284
2.37239 -0.452128 -0.646036
2.38044 -0.461417 -0.64862
2.39793 -0.472629 -0.653789
2.37741 -0.476779 -0.64862
2.39483 -0.488104 -0.653789
2.38383 -0.493667 -0.651204
2.37281 -0.499164 -0.64862
2.36178 -0.504598 -0.646036
2.36963 -0.514063 -0.64862
2.38687 -0.525661 -0.653789
2.39463 -0.535264 -0.656373
2.39294 -0.542784 -0.656373
2.40064 -0.552466 -0.658957
2.4177 -0.564397 -0.664125
2.41592 -0.57199 -0.664125
2.41411 -0.579577 -0.664125
2.42166 -0.589443 -0.666709
2.43856 -0.601676 -0.671878
2.44603 -0.611677 -0.674462
2.44409 -0.619359 -0.674462
2.45149 -0.629436 -0.677046
2.45885 -0.639567 -0.67963
2.46606 -0.65018 -0.682214
2.464 -0.657924 -0.682214
2.72317 -0.735787 -0.75457
1.63161 0.58806 -0.400528
1.6151 0.576381 -0.396028
1.60772 0.56806 -0.393777
1.61869 0.566223 -0.396028
1.62046 0.561135 -0.396028
1.62222 0.556041 -0.396028
1.62395 0.550941 -0.396028
1.63491 0.548939 -0.398278
1.62738 0.540727 -0.396028
1.64759 0.541698 -0.400528
1.63992 0.533792 -0.398278
1.64168 0.528351 -0.398278
1.64333 0.523191 -0.398278
1.65426 0.520952 -0.400528
1.65589 0.515752 -0.400528
1.6575 0.510548 -0.400528
1.67774 0.511016 -0.405028
1.67001 0.502934 -0.402778
1.66224 0.494904 -0.400528
1.67314 0.49243 -0.402778
1.67467 0.487172 -0.402778
1.6762 0.481908 -0.402778
1.6777 0.47664 -0.402778
1.68857 0.474 -0.405028
1.69005 0.468693 -0.405028
1.68212 0.460807 -0.402778
1.69296 0.458065 -0.405028
1.69439 0.452745 -0.405028
1.69581 0.447419 -0.405028
1.70663 0.444545 -0.407278
1.70802 0.439181 -0.407278
1.7094 0.433814 -0.407278
1.71075 0.428441 -0.407278
1.72155 0.425402 -0.409529
1.71341 0.417683 -0.407278
1.71471 0.412299 -0.407278
1.72548 0.409158 -0.409529
1.77419 0.414826 -0.420779
1.77549 0.409251 -0.420779
1.76726 0.401512 -0.418529
1.77802 0.398088 -0.420779
1.78878 0.394599 -0.423029
1.79001 0.388976 -0.423029
1.79122 0.383351 -0.423029
1.79242 0.377722 -0.423029
1.80314 0.374069 -0.42528
1.79476 0.366453 -0.423029
1.80545 0.362731 -0.42528
1.80658 0.357058 -0.42528
1.81726 0.35324 -0.42753
1.81836 0.34753 -0.42753
1.80029 0.338217 -0.423029
1.78218 0.329021 -0.418529
1.7928 0.32516 -0.420779
1.78422 0.317818 -0.418529
1.7948 0.31389 -0.420779
1.79578 0.308249 -0.420779
1.79674 0.302605 -0.420779
1.79768 0.29696 -0.420779
1.81784 0.294426 -0.42528
1.81876 0.288714 -0.42528
1.83891 0.285993 -0.42978
1.84943 0.281681 -0.43203
1.85995 0.277307 -0.43428
1.87045 0.272869 -0.43653
1.88094 0.268368 -0.438781
1.88178 0.262457 -0.438781
1.86328 0.253913 -0.43428
1.85441 0.246773 -0.43203
1.85518 0.240946 -0.43203
1.85593 0.235116 -0.43203
1.86633 0.230479 -0.43428
1.85737 0.22345 -0.43203
1.86774 0.218748 -0.43428
1.88778 0.215086 -0.438781
1.87876 0.208081 -0.43653
1.86972 0.201136 -0.43428
1.88003 0.196272 -0.43653
1.89033 0.191346 -0.438781
1.90062 0.186358 -0.441031
1.9012 0.180385 -0.441031
1.89205 0.173522 -0.438781
1.89259 0.167577 -0.438781
1.90281 0.162459 -0.441031
1.93245 0.158876 -0.447781
1.95236 0.15434 -0.452282
1.96255 0.148943 -0.454532
1.96301 0.142777 -0.454532
1.97317 0.137285 -0.456782
1.97359 0.131086 -0.456782
1.99344 0.126115 -0.461282
1.99383 0.119852 -0.461282
2.00392 0.114142 -0.463532
1.99454 0.107322 -0.461282
1.99487 0.101056 -0.461282
1.99518 0.094788 -0.461282
1.99547 0.08852 -0.461282
1.93732 0.079843 -0.447781
1.96677 0.074868 -0.454532
1.967 0.068689 -0.454532
1.98668 0.063128 -0.459032
1.97713 0.056608 -0.456782
1.9773 0.050396 -0.456782
1.97745 0.044184 -0.456782
1.98732 0.038159 -0.459032
1.98743 0.031915 -0.459032
1.99726 0.025797 -0.461282
2.00708 0.019618 -0.463532
2.01687 0.013376 -0.465782
2.0169 0.007041 -0.465782
2.01692 0.000704 -0.465782
2.01691 -0.005632 -0.465782
2.05585 -0.0122 -0.474783
2.07529 -0.019197 -0.479283
2.0947 -0.025959 -0.483784
2.09461 -0.032539 -0.483784
2.0945 -0.039119 -0.483784
2.10411 -0.045912 -0.486034
2.09421 -0.052279 -0.483784
2.11352 -0.059405 -0.488284
2.11332 -0.066045 -0.488284
2.1131 -0.072683 -0.488284
2.1226 -0.079687 -0.490534
2.05419 -0.083582 -0.474783
2.08312 -0.091315 -0.481534
2.10229 -0.098774 -0.486034
2.09224 -0.10489 -0.483784
2.0919 -0.111462 -0.483784
2.10126 -0.118583 -0.486034
2.11061 -0.125763 -0.488284
2.11993 -0.133003 -0.490534
2.10978 -0.139022 -0.488284
2.11905 -0.14632 -0.490534
2.11858 -0.152977 -0.490534
2.1278 -0.160364 -0.492784
2.14672 -0.168573 -0.497285
2.1656 -0.176903 -0.501785
2.20387 -0.187001 -0.510786
2.21297 -0.194778 -0.513036
2.22205 -0.202614 -0.515286
2.22141 -0.209594 -0.515286
2.21104 -0.215626 -0.513036
2.22974 -0.224523 -0.517536
2.22902 -0.231527 -0.517536
2.23797 -0.239566 -0.519786
2.22753 -0.245528 -0.517536
2.17834 -0.247035 -0.506285
2.20658 -0.257262 -0.513036
2.21544 -0.265352 -0.515286
2.21459 -0.27231 -0.515286
2.2234 -0.280486 -0.517536
2.21284 -0.28622 -0.515286
2.22159 -0.29445 -0.517536
2.2206 -0.301816 -0.517536
2.23894 -0.311475 -0.522036
2.23795 -0.318508 -0.522036
2.26587 -0.329746 -0.528787
2.2841 -0.33973 -0.533287
2.29265 -0.348368 -0.535537
2.32043 -0.360051 -0.542288
2.33853 -0.370387 -0.546788
2.32774 -0.376178 -0.544538
2.32655 -0.383489 -0.544538
2.28689 -0.384336 -0.535537
2.30488 -0.394809 -0.540038
2.30363 -0.402048 -0.540038
2.30236 -0.409283 -0.540038
2.32982 -0.421721 -0.546788
2.33799 -0.431211 -0.549038
2.38451 -0.447541 -0.560289
2.3736 -0.452788 -0.558039
2.38173 -0.462099 -0.560289
2.38983 -0.471465 -0.562539
2.3978 -0.481305 -0.564789
2.40583 -0.490783 -0.567039
2.41381 -0.500316 -0.56929
2.32642 -0.489829 -0.549038
2.37251 -0.507323 -0.560289
2.39947 -0.520976 -0.567039
2.39782 -0.528511 -0.567039
2.40566 -0.538169 -0.56929
2.39445 -0.543567 -0.567039
2.43071 -0.559834 -0.57604
2.41945 -0.565251 -0.57379
2.42715 -0.575095 -0.57604
2.4348 -0.584994 -0.57829
2.44242 -0.594946 -0.58054
2.45 -0.604952 -0.582791
2.45754 -0.615011 -0.585041
2.45559 -0.622729 -0.585041
2.4725 -0.63529 -0.589541
2.47049 -0.643054 -0.589541
2.48719 -0.656214 -0.594041
2.51335 -0.671571 -0.600792
1.62697 0.580297 -0.337377
1.62879 0.575184 -0.337377
1.63058 0.570064 -0.337377
1.64164 0.568148 -0.339294
1.64342 0.562988 -0.339294
1.64518 0.557823 -0.339294
1.65623 0.555774 -0.34121
1.65797 0.550568 -0.34121
1.65969 0.545356 -0.34121
1.6613 0.54043 -0.34121
1.65374 0.531913 -0.339294
1.66475 0.529691 -0.34121
1.66641 0.524458 -0.34121
1.67742 0.522136 -0.343127
1.66967 0.513977 -0.34121
1.68067 0.511587 -0.343127
1.67287 0.503477 -0.34121
1.68385 0.501017 -0.343127
1.68541 0.495724 -0.343127
1.70581 0.495907 -0.346961
1.69793 0.487836 -0.345044
1.69945 0.482499 -0.345044
1.70096 0.477158 -0.345044
1.71191 0.474432 -0.346961
1.71339 0.469052 -0.346961
1.71486 0.463667 -0.346961
1.72579 0.460809 -0.348878
1.73672 0.457887 -0.350795
1.72865 0.449956 -0.348878
1.73956 0.446966 -0.350795
1.74095 0.441499 -0.350795
1.74233 0.436027 -0.350795
1.74369 0.430552 -0.350795
1.74504 0.425071 -0.350795
1.73682 0.417294 -0.348878
1.77632 0.420888 -0.356546
1.78719 0.417537 -0.358463
1.7885 0.411921 -0.358463
1.79936 0.408473 -0.36038
1.80063 0.402819 -0.36038
1.78272 0.392934 -0.356546
1.82231 0.395661 -0.364213
1.82354 0.389935 -0.364213
1.81515 0.382181 -0.362296
1.82595 0.37847 -0.364213
1.82713 0.372731 -0.364213
1.81867 0.365057 -0.362296
1.82944 0.361244 -0.364213
1.84984 0.359237 -0.368047
1.82203 0.347902 -0.362296
1.78453 0.334934 -0.354629
1.82418 0.336446 -0.362296
1.83489 0.332463 -0.364213
1.84559 0.328417 -0.36613
1.83694 0.320928 -0.364213
1.84761 0.316814 -0.36613
1.8486 0.311008 -0.36613
1.84957 0.305199 -0.36613
1.85052 0.299387 -0.36613
1.86114 0.295109 -0.368047
1.87176 0.290767 -0.369964
1.87266 0.284885 -0.369964
1.87355 0.279001 -0.369964
1.87442 0.273114 -0.369964
1.87527 0.267223 -0.369964
1.88582 0.262685 -0.371881
1.88663 0.256759 -0.371881
1.86874 0.242376 -0.368047
1.88897 0.238967 -0.371881
1.89945 0.234233 -0.373798
1.90018 0.228264 -0.373798
1.91063 0.223433 -0.375715
1.91132 0.21743 -0.375715
1.92175 0.212503 -0.377632
1.94193 0.208561 -0.381466
1.92305 0.200424 -0.377632
1.92367 0.194382 -0.377632
1.92427 0.188338 -0.377632
1.9444 0.184142 -0.381466
1.93519 0.177138 -0.379549
1.89663 0.167601 -0.371881
1.92649 0.164142 -0.377632
1.96612 0.161299 -0.385299
1.9764 0.155893 -0.387216
1.97688 0.149683 -0.387216
1.97734 0.143473 -0.387216
1.98757 0.137939 -0.389133
1.988 0.131694 -0.389133
1.9884 0.125448 -0.389133
1.99858 0.119788 -0.39105
1.99895 0.113509 -0.39105
2.0091 0.107754 -0.392967
2.00942 0.101442 -0.392967
2.01954 0.095592 -0.394884
2.01002 0.088814 -0.392967
2.00048 0.082097 -0.39105
2.02035 0.076554 -0.394884
2.01077 0.069866 -0.392967
2.01098 0.063549 -0.392967
2.0406 0.058068 -0.398718
2.04077 0.051658 -0.398718
2.0213 0.044811 -0.394884
2.04106 0.038834 -0.398718
2.04117 0.032421 -0.398718
2.04126 0.026009 -0.398718
2.05115 0.019691 -0.400635
2.08064 0.013436 -0.406385
2.07086 0.006867 -0.404469
2.00217 0.000349 -0.39105
2.06105 -0.006115 -0.402552
2.07083 -0.01265 -0.404469
2.08059 -0.01961 -0.406385
2.08052 -0.026146 -0.406385
2.10005 -0.03299 -0.410219
2.09013 -0.039403 -0.408302
2.10962 -0.0464 -0.412136
2.10946 -0.053028 -0.412136
2.1191 -0.059932 -0.414053
2.1189 -0.066589 -0.414053
2.12849 -0.073584 -0.41597
2.12825 -0.080271 -0.41597
2.11818 -0.086556 -0.414053
2.15681 -0.101712 -0.421721
2.15648 -0.108488 -0.421721
2.16592 -0.115786 -0.423638
2.15575 -0.122035 -0.421721
2.17495 -0.129978 -0.425555
2.17453 -0.13681 -0.425555
2.17409 -0.143641 -0.425555
2.18342 -0.151148 -0.427472
2.17315 -0.157298 -0.425555
2.16285 -0.163385 -0.423638
2.1819 -0.171719 -0.427472
2.19113 -0.179374 -0.429388
2.18078 -0.185425 -0.427472
2.20951 -0.194862 -0.433222
2.19912 -0.200909 -0.431305
2.21802 -0.209664 -0.435139
2.21735 -0.216631 -0.435139
2.21666 -0.223596 -0.435139
2.2257 -0.231575 -0.437056
2.23472 -0.239612 -0.438973
2.23396 -0.246631 -0.438973
2.23317 -0.253648 -0.438973
2.25186 -0.262939 -0.442807
2.25102 -0.270012 -0.442807
2.26965 -0.279482 -0.446641
2.2785 -0.287841 -0.448558
2.27758 -0.294998 -0.448558
2.27664 -0.302151 -0.448558
2.27563 -0.309699 -0.448558
2.29409 -0.319555 -0.452391
2.29307 -0.326761 -0.452391
2.29203 -0.333963 -0.452391
2.29959 -0.349833 -0.454308
2.32758 -0.361576 -0.460059
2.32643 -0.368886 -0.460059
2.34464 -0.379328 -0.463893
2.32406 -0.383496 -0.460059
2.33253 -0.392424 -0.461976
2.34096 -0.401409 -0.463893
2.34935 -0.41045 -0.46581
2.29974 -0.409231 -0.456225
2.34673 -0.425203 -0.46581
2.40321 -0.443674 -0.477311
2.41145 -0.453034 -0.479228
2.41974 -0.462027 -0.481145
2.40864 -0.467756 -0.479228
2.41679 -0.477222 -0.481145
2.41519 -0.485233 -0.481145
2.41366 -0.492819 -0.481145
2.4121 -0.500399 -0.481145
2.40091 -0.50595 -0.479228
2.4089 -0.515545 -0.481145
2.41686 -0.525194 -0.483062
2.4152 -0.532784 -0.483062
2.43267 -0.544658 -0.486896
2.43095 -0.552297 -0.486896
2.43876 -0.562136 -0.488813
2.44654 -0.572029 -0.49073
2.45428 -0.581977 -0.492647
2.45244 -0.589685 -0.492647
2.47918 -0.60436 -0.498397
2.4868 -0.6145 -0.500314
2.49438 -0.624693 -0.502231
2.50192 -0.634941 -0.504148
2.50941 -0.645242 -0.506065
2.51687 -0.655596 -0.507982
2.52417 -0.666444 -0.509899
1.67444 0.5969 -0.282758
1.65768 0.585064 -0.279616
1.66884 0.583111 -0.281187
1.66133 0.574636 -0.279616
1.66312 0.569415 -0.279616
1.6649 0.564187 -0.279616
1.67603 0.562095 -0.281187
1.67779 0.556826 -0.281187
1.66077 0.545389 -0.278045
1.68116 0.546566 -0.281187
1.66416 0.534944 -0.278045
1.69407 0.538692 -0.282758
1.69575 0.533367 -0.282758
1.69742 0.528036 -0.282758
1.70851 0.525605 -0.284329
1.7007 0.517361 -0.282758
1.70232 0.512016 -0.282758
1.71338 0.50948 -0.284329
1.69603 0.498524 -0.281187
1.72604 0.50146 -0.2859
1.7276 0.496035 -0.2859
1.73865 0.493301 -0.287471
1.74019 0.487836 -0.287471
1.72268 0.477094 -0.284329
1.7337 0.474286 -0.2859
1.74471 0.471414 -0.287471
1.73664 0.463384 -0.2859
1.73809 0.457926 -0.2859
1.75864 0.457435 -0.289041
1.7505 0.449452 -0.287471
1.76148 0.446377 -0.289041
1.77245 0.443236 -0.290612
1.77384 0.437666 -0.290612
1.7752 0.432091 -0.290612
1.77655 0.426512 -0.290612
1.77788 0.420929 -0.290612
1.78881 0.417586 -0.292183
1.78049 0.40975 -0.290612
1.78177 0.404154 -0.290612
1.78303 0.398555 -0.290612
1.80356 0.397199 -0.293754
1.8048 0.391531 -0.293754
1.79637 0.383796 -0.292183
1.80723 0.380183 -0.293754
1.80841 0.374505 -0.293754
1.7999 0.366849 -0.292183
1.82041 0.365076 -0.295325
1.82155 0.359355 -0.295325
1.81298 0.35175 -0.293754
1.82377 0.347903 -0.295325
1.82486 0.342172 -0.295325
1.86477 0.343595 -0.301609
1.90471 0.344772 -0.307892
1.90579 0.338787 -0.307892
1.90684 0.332797 -0.307892
1.90788 0.326805 -0.307892
1.91864 0.322446 -0.309463
1.93913 0.31963 -0.312605
1.93037 0.311961 -0.311034
1.92159 0.30435 -0.309463
1.95181 0.302854 -0.314176
1.94299 0.295237 -0.312605
1.95368 0.290585 -0.314176
1.95458 0.284446 -0.314176
1.95546 0.278304 -0.314176
1.88786 0.262634 -0.303179
1.90824 0.259361 -0.306321
1.90905 0.253365 -0.306321
1.90984 0.247367 -0.306321
1.90081 0.240127 -0.30475
1.91135 0.235362 -0.306321
1.92189 0.230532 -0.307892
1.91279 0.223348 -0.306321
1.9233 0.218453 -0.307892
1.91416 0.211325 -0.306321
1.92463 0.206364 -0.307892
1.92527 0.200316 -0.307892
1.92589 0.194267 -0.307892
1.93632 0.189176 -0.309463
1.93691 0.183091 -0.309463
1.93747 0.177006 -0.309463
1.96753 0.173521 -0.314176
1.97791 0.168176 -0.315746
2.00796 0.164379 -0.320459
2.02815 0.159619 -0.323601
2.03849 0.153991 -0.325172
2.02912 0.146873 -0.323601
2.03942 0.141179 -0.325172
2.03985 0.134772 -0.325172
2.05012 0.128982 -0.326743
2.06038 0.123131 -0.328313
2.06075 0.116658 -0.328313
2.06111 0.110182 -0.328313
2.05158 0.103211 -0.326743
2.0223 0.095369 -0.32203
2.03246 0.08945 -0.323601
2.03273 0.083065 -0.323601
2.03298 0.076678 -0.323601
2.02334 0.06995 -0.32203
2.03342 0.063902 -0.323601
2.03361 0.057514 -0.323601
2.03378 0.051126 -0.323601
2.04381 0.044953 -0.325172
2.04394 0.038532 -0.325172
2.03417 0.031955 -0.323601
2.05401 0.025813 -0.326743
2.06396 0.019453 -0.328313
2.06401 0.012969 -0.328313
2.09367 0.006578 -0.333026
2.09368 -0 -0.333026
2.11342 -0.00664 -0.336168
2.09364 -0.013155 -0.333026
2.09358 -0.020098 -0.333026
2.09351 -0.026675 -0.333026
2.09342 -0.033251 -0.333026
2.08343 -0.03964 -0.331455
2.11291 -0.046842 -0.336168
2.12263 -0.053729 -0.337739
2.13232 -0.060678 -0.33931
2.12225 -0.067065 -0.337739
2.1319 -0.074075 -0.33931
2.13165 -0.080772 -0.33931
2.16099 -0.088683 -0.344022
2.1903 -0.09678 -0.348735
2.18999 -0.10366 -0.348735
2.20938 -0.111536 -0.351877
2.20901 -0.118476 -0.351877
2.23821 -0.127095 -0.356589
2.21809 -0.132944 -0.353447
2.23737 -0.141155 -0.356589
2.23691 -0.148184 -0.356589
2.25614 -0.156578 -0.359731
2.15714 -0.156518 -0.344022
2.18618 -0.165531 -0.348735
2.19549 -0.173175 -0.350306
2.20478 -0.180879 -0.351877
2.2042 -0.187804 -0.351877
2.2036 -0.194728 -0.351877
2.20298 -0.20165 -0.351877
2.23183 -0.211363 -0.356589
2.23116 -0.218374 -0.356589
2.24028 -0.226375 -0.35816
2.23956 -0.233412 -0.35816
2.24864 -0.241501 -0.359731
2.28633 -0.26009 -0.366014
2.32473 -0.271859 -0.372298
2.31406 -0.277984 -0.370727
2.32298 -0.286461 -0.372298
2.33187 -0.294997 -0.373869
2.32113 -0.301051 -0.372298
2.33976 -0.310943 -0.37544
2.35828 -0.321367 -0.378581
2.3377 -0.326046 -0.37544
2.23889 -0.319439 -0.359731
2.30629 -0.336451 -0.370727
2.32475 -0.346607 -0.373869
2.32365 -0.353909 -0.373869
2.32253 -0.361207 -0.373869
2.33114 -0.37005 -0.37544
2.33971 -0.378951 -0.377011
2.33851 -0.386299 -0.377011
2.34702 -0.395284 -0.378581
2.3555 -0.404327 -0.380152
2.38341 -0.416829 -0.384865
2.40153 -0.427778 -0.388007
2.42933 -0.440608 -0.392719
2.43757 -0.450456 -0.39429
2.45555 -0.461762 -0.397432
2.46387 -0.4709 -0.399003
2.44299 -0.474869 -0.395861
2.47055 -0.488286 -0.400574
2.45923 -0.494529 -0.399003
2.35123 -0.480501 -0.381723
2.43674 -0.505955 -0.395861
2.4448 -0.515646 -0.397432
2.45283 -0.525393 -0.399003
2.44151 -0.530997 -0.397432
2.46876 -0.545052 -0.402145
2.47668 -0.554965 -0.403716
2.48455 -0.564932 -0.405286
2.47314 -0.570515 -0.403716
2.50019 -0.585032 -0.408428
2.49833 -0.592884 -0.408428
2.50606 -0.60304 -0.409999
2.51375 -0.613251 -0.41157
2.53098 -0.625886 -0.414712
2.53858 -0.636235 -0.416283
2.54614 -0.646639 -0.417853
2.5441 -0.654634 -0.417853
2.54203 -0.662624 -0.417853
1.63614 0.582926 -0.213853
1.63797 0.577784 -0.213853
1.64914 0.575907 -0.215075
1.65094 0.570723 -0.215075
1.65273 0.565533 -0.215075
1.6639 0.563523 -0.216297
1.63743 0.54883 -0.212631
1.64857 0.546807 -0.213853
1.64084 0.53853 -0.212631
1.65188 0.536727 -0.213853
1.65365 0.531246 -0.213853
1.66477 0.529055 -0.215075
1.66642 0.523822 -0.215075
1.66806 0.518583 -0.215075
1.66968 0.513341 -0.215075
1.67128 0.508093 -0.215075
1.67287 0.502841 -0.215075
1.68395 0.500409 -0.216297
1.68552 0.495116 -0.216297
1.68707 0.489819 -0.216297
1.67906 0.481779 -0.215075
1.69011 0.479209 -0.216297
1.70116 0.476575 -0.217519
1.70265 0.471227 -0.217519
1.7137 0.468494 -0.218741
1.70558 0.460521 -0.217519
1.71661 0.457717 -0.218741
1.72764 0.454849 -0.219963
1.71945 0.446922 -0.218741
1.72085 0.441518 -0.218741
1.72222 0.43611 -0.218741
1.73322 0.433103 -0.219963
1.7442 0.430032 -0.221186
1.7359 0.422204 -0.219963
1.74687 0.419064 -0.221186
1.75784 0.41586 -0.222408
1.75914 0.410335 -0.222408
1.76042 0.404806 -0.222408
1.76168 0.399273 -0.222408
1.77261 0.395902 -0.22363
1.77385 0.39033 -0.22363
1.77506 0.384755 -0.22363
1.77626 0.379177 -0.22363
1.78716 0.375636 -0.224852
1.77861 0.368009 -0.22363
1.78948 0.3644 -0.224852
1.79062 0.358776 -0.224852
1.79174 0.353149 -0.224852
1.79284 0.347519 -0.224852
1.79392 0.341884 -0.224852
1.79499 0.336247 -0.224852
1.83508 0.337793 -0.22974
1.8752 0.339091 -0.234628
1.87625 0.333199 -0.234628
1.88707 0.329007 -0.23585
1.89788 0.324751 -0.237072
1.8891 0.317143 -0.23585
1.89988 0.31282 -0.237072
1.91065 0.308432 -0.238294
1.92141 0.303978 -0.239516
1.93217 0.299461 -0.240738
1.91347 0.29041 -0.238294
1.91438 0.284398 -0.238294
1.94473 0.282665 -0.24196
1.88665 0.268173 -0.234628
1.85799 0.258148 -0.230962
1.86862 0.253644 -0.232184
1.85957 0.246468 -0.230962
1.88987 0.244445 -0.234628
1.87093 0.236022 -0.232184
1.88152 0.231354 -0.233406
1.87238 0.224261 -0.232184
1.89279 0.220677 -0.234628
1.89347 0.21473 -0.234628
1.904 0.209867 -0.23585
1.90465 0.203885 -0.23585
1.89541 0.196875 -0.234628
1.91577 0.192908 -0.237072
1.91637 0.186889 -0.237072
1.91695 0.180867 -0.237072
1.91751 0.174844 -0.237072
1.91805 0.168819 -0.237072
1.96801 0.166988 -0.243182
2.0081 0.164037 -0.24807
2.0086 0.157727 -0.24807
2.00909 0.151417 -0.24807
2.01945 0.14582 -0.249292
2.0397 0.140841 -0.251736
2.01043 0.132475 -0.24807
2.03064 0.127401 -0.250514
2.03103 0.121021 -0.250514
2.05122 0.115759 -0.252958
2.04167 0.108786 -0.251736
2.05191 0.102868 -0.252958
2.00265 0.094092 -0.246848
1.99302 0.087366 -0.245626
1.98337 0.080701 -0.244404
1.99353 0.074841 -0.245626
1.99376 0.068579 -0.245626
2.00388 0.062624 -0.246848
2.00407 0.056329 -0.246848
2.01416 0.050281 -0.24807
2.01431 0.043952 -0.24807
2.02436 0.03781 -0.249292
2.02447 0.031449 -0.249292
2.03448 0.025212 -0.250514
2.03455 0.018821 -0.250514
2.04452 0.012489 -0.251736
2.04455 0.006067 -0.251736
2.05449 -0.000359 -0.252958
2.11402 -0.00701 -0.26029
2.11399 -0.013652 -0.26029
2.11393 -0.020662 -0.26029
2.12378 -0.027431 -0.261512
2.11376 -0.033944 -0.26029
2.13349 -0.040965 -0.262734
2.13335 -0.047668 -0.262734
2.14312 -0.054622 -0.263956
2.15285 -0.061639 -0.265178
2.16257 -0.068717 -0.2664
2.11275 -0.073779 -0.26029
2.11251 -0.080416 -0.26029
2.12216 -0.087461 -0.261512
2.13179 -0.094567 -0.262734
2.1414 -0.101735 -0.263956
2.15098 -0.108964 -0.265178
2.14071 -0.115188 -0.263956
2.15025 -0.122477 -0.265178
2.16967 -0.130422 -0.267622
2.16925 -0.137238 -0.267622
2.17871 -0.14471 -0.268844
2.17825 -0.151554 -0.268844
2.15796 -0.156956 -0.2664
2.14756 -0.162984 -0.265178
2.2163 -0.175205 -0.273732
2.23552 -0.183793 -0.276176
2.23493 -0.190815 -0.276176
2.24421 -0.198711 -0.277398
2.24357 -0.20576 -0.277398
2.25279 -0.213745 -0.27862
2.25211 -0.220822 -0.27862
2.26128 -0.228895 -0.279842
2.26055 -0.235998 -0.279842
2.20059 -0.236729 -0.27251
2.2393 -0.248012 -0.277398
2.2385 -0.255045 -0.277398
2.25741 -0.264386 -0.279842
2.25657 -0.271476 -0.279842
2.2557 -0.278564 -0.279842
2.26466 -0.286896 -0.281064
2.27359 -0.295288 -0.282286
2.27265 -0.302429 -0.282286
2.28147 -0.311306 -0.283509
2.30014 -0.321217 -0.285953
2.27947 -0.325634 -0.283509
2.26862 -0.33136 -0.282286
2.35591 -0.351673 -0.293285
2.37442 -0.362064 -0.295729
2.37327 -0.369522 -0.295729
2.3721 -0.376976 -0.295729
2.3709 -0.384426 -0.295729
2.37947 -0.393492 -0.296951
2.3978 -0.404266 -0.299395
2.35739 -0.405073 -0.294507
2.34633 -0.410766 -0.293285
2.36457 -0.421619 -0.295729
2.38276 -0.432592 -0.298173
2.38131 -0.440491 -0.298173
2.37992 -0.44797 -0.298173
2.38833 -0.456894 -0.299395
2.39662 -0.46629 -0.300617
2.40488 -0.475743 -0.301839
2.41302 -0.485674 -0.303061
2.40176 -0.491264 -0.301839
2.40992 -0.500826 -0.303061
2.41805 -0.510444 -0.304283
2.41643 -0.518038 -0.304283
2.42449 -0.527738 -0.305505
2.42282 -0.535352 -0.305505
2.4405 -0.547305 -0.307949
2.45812 -0.559374 -0.310393
2.46602 -0.569326 -0.311615
2.46422 -0.57707 -0.311615
2.48171 -0.589396 -0.314059
2.47985 -0.597189 -0.314059
2.49724 -0.609685 -0.316503
2.49531 -0.617527 -0.316503
2.50299 -0.627778 -0.317725
2.51062 -0.638083 -0.318947
2.50861 -0.645967 -0.318947
1.77963 0.438438 -0.162091
1.81972 0.442254 -0.165615
1.78235 0.427247 -0.162091
1.83216 0.433104 -0.166495
1.785 0.41604 -0.162091
1.83484 0.421583 -0.166495
1.77787 0.402616 -0.16121
1.83746 0.410046 -0.166495
1.79009 0.393577 -0.162091
1.83026 0.396385 -0.165615
1.78279 0.380244 -0.16121
1.83271 0.384877 -0.165615
1.84367 0.381134 -0.166495
1.8351 0.373355 -0.165615
1.83626 0.367587 -0.165615
1.84718 0.363742 -0.166495
1.84831 0.357937 -0.166495
1.83964 0.350265 -0.165615
1.86032 0.348149 -0.167376
1.8614 0.342302 -0.167376
1.87227 0.338224 -0.168257
1.86352 0.330601 -0.167376
1.85473 0.323035 -0.166495
1.89501 0.32392 -0.170019
1.85672 0.311375 -0.166495
1.87735 0.308774 -0.168257
1.87831 0.302875 -0.168257
1.88909 0.298527 -0.169138
1.89002 0.292591 -0.169138
1.86139 0.282172 -0.166495
1.88197 0.279248 -0.168257
1.88284 0.273334 -0.168257
1.88369 0.267417 -0.168257
1.88452 0.261499 -0.168257
1.88533 0.255576 -0.168257
1.90587 0.252267 -0.170019
1.90666 0.246278 -0.170019
1.90742 0.240287 -0.170019
1.90817 0.234294 -0.170019
1.91878 0.22948 -0.1709
1.92939 0.224603 -0.171781
1.91029 0.2163 -0.170019
1.90106 0.209207 -0.169138
1.91161 0.204292 -0.170019
1.92215 0.199313 -0.1709
1.92277 0.193274 -0.1709
1.93328 0.188198 -0.171781
1.93386 0.182122 -0.171781
1.93442 0.176047 -0.171781
1.92505 0.169096 -0.1709
1.94542 0.164729 -0.172662
1.94593 0.158617 -0.172662
1.96628 0.154058 -0.174424
1.95682 0.147134 -0.173543
1.95727 0.140986 -0.173543
1.96764 0.13552 -0.174424
1.96806 0.129339 -0.174424
1.97839 0.123777 -0.175305
1.97877 0.11756 -0.175305
1.96919 0.110785 -0.174424
1.98942 0.105654 -0.176186
1.97979 0.098907 -0.175305
1.99005 0.093152 -0.176186
2.01023 0.087769 -0.177948
2.00055 0.08105 -0.177067
2.00079 0.074764 -0.177067
2.02093 0.06916 -0.178828
2.02113 0.06281 -0.178828
2.03128 0.056739 -0.179709
2.03145 0.050357 -0.179709
2.03159 0.043975 -0.179709
2.04168 0.037777 -0.18059
2.04179 0.031362 -0.18059
2.05184 0.025069 -0.181471
2.05191 0.018624 -0.181471
2.06192 0.012236 -0.182352
2.05198 0.005731 -0.181471
2.05199 -0.000716 -0.181471
2.06194 -0.007198 -0.182352
2.0619 -0.014035 -0.182352
2.07181 -0.020612 -0.183233
2.0817 -0.027251 -0.184114
2.07164 -0.033629 -0.183233
2.08148 -0.04033 -0.184114
2.09131 -0.047093 -0.184995
2.09115 -0.053663 -0.184995
2.09097 -0.060232 -0.184995
2.10072 -0.067119 -0.185876
2.11046 -0.074068 -0.186757
2.11021 -0.080697 -0.186757
2.12986 -0.08815 -0.188519
2.11962 -0.094398 -0.187638
2.12926 -0.101531 -0.188519
2.13888 -0.108725 -0.1894
2.14847 -0.115981 -0.190281
2.16799 -0.123867 -0.192042
2.16759 -0.130677 -0.192042
2.17711 -0.138117 -0.192923
2.17667 -0.144956 -0.192923
2.1762 -0.151793 -0.192923
2.17571 -0.158629 -0.192923
2.1752 -0.165463 -0.192923
2.17467 -0.172296 -0.192923
2.19397 -0.180763 -0.194685
2.19339 -0.187655 -0.194685
2.1928 -0.194545 -0.194685
2.20209 -0.202344 -0.195566
2.21136 -0.210204 -0.196447
2.21069 -0.21715 -0.196447
2.21991 -0.225099 -0.197328
2.21919 -0.232072 -0.197328
2.22835 -0.240109 -0.198209
2.22759 -0.247109 -0.198209
2.2367 -0.255235 -0.19909
2.24578 -0.263421 -0.199971
2.25483 -0.271667 -0.200852
2.26385 -0.279971 -0.201733
2.27284 -0.288336 -0.202614
2.2818 -0.296759 -0.203494
2.28081 -0.304324 -0.203494
2.29958 -0.314185 -0.205256
2.29858 -0.321408 -0.205256
2.30742 -0.330038 -0.206137
2.30637 -0.337285 -0.206137
2.31515 -0.346002 -0.207018
2.33375 -0.35628 -0.20878
2.32277 -0.362076 -0.207899
2.33146 -0.370936 -0.20878
2.34012 -0.379855 -0.209661
2.33891 -0.387205 -0.209661
2.35733 -0.397866 -0.211423
2.35607 -0.40527 -0.211423
2.36459 -0.414389 -0.212304
2.36328 -0.421816 -0.212304
2.37175 -0.431019 -0.213185
2.38989 -0.442509 -0.214947
2.38849 -0.450015 -0.214947
2.39693 -0.458973 -0.215827
2.40525 -0.468405 -0.216708
2.41346 -0.478315 -0.217589
2.41194 -0.485895 -0.217589
2.42992 -0.497465 -0.219351
2.4381 -0.507125 -0.220232
2.44624 -0.516841 -0.221113
2.45434 -0.526613 -0.221994
2.46241 -0.536442 -0.222875
2.45098 -0.542024 -0.221994
2.46871 -0.554084 -0.223756
2.46696 -0.561837 -0.223756
2.48459 -0.574069 -0.225518
2.49247 -0.584145 -0.226399
2.49062 -0.591973 -0.226399
2.49844 -0.602128 -0.22728
2.49653 -0.609974 -0.22728
2.51394 -0.622603 -0.229041
2.51197 -0.630498 -0.229041
2.5486 -0.648208 -0.232565
2.20591 0.068167 -0.115867
2.19613 0.06096 -0.115342
2.17634 0.053569 -0.114294
2.1765 0.046731 -0.114294
2.17664 0.039894 -0.114294
2.17675 0.033055 -0.114294
2.17684 0.026217 -0.114294
2.17692 0.019378 -0.114294
2.17697 0.012538 -0.114294
2.17699 0.0057 -0.114294
2.19697 -0.00115 -0.115342
2.18697 -0.008016 -0.114818
2.22688 -0.015547 -0.116915
2.22841 0.075092 -0.038323
2.23863 0.068396 -0.038495
2.23883 0.061363 -0.038495
2.24901 0.054572 -0.038667
