2.31294 0.660604 -0.643452
2.29629 0.648487 -0.638284
2.28901 0.638674 -0.6357
2.29101 0.631479 -0.6357
2.28366 0.621741 -0.633115
2.27627 0.612056 -0.630531
2.27818 0.604901 -0.630531
2.27073 0.595291 -0.627947
2.26324 0.585734 -0.625363
2.26506 0.578621 -0.625363
2.2575 0.569141 -0.622779
2.24991 0.559713 -0.620195
2.24227 0.55034 -0.61761
2.2439 0.543684 -0.61761
2.2362 0.534387 -0.615026
2.23786 0.52736 -0.615026
2.2301 0.51814 -0.612442
2.21288 0.506818 -0.607274
2.21446 0.499863 -0.607274
2.20651 0.491192 -0.60469
2.22691 0.488397 -0.609858
2.24732 0.485477 -0.615026
2.24884 0.478415 -0.615026
2.23142 0.467387 -0.609858
2.21395 0.456473 -0.60469
2.23431 0.453358 -0.609858
2.21678 0.442553 -0.60469
2.20868 0.433726 -0.602106
2.21003 0.426785 -0.602106
2.20179 0.418422 -0.599521
2.15562 0.402634 -0.586601
2.16637 0.397604 -0.589185
2.1486 0.387368 -0.584017
2.1498 0.380617 -0.584017
2.15099 0.37386 -0.584017
2.14263 0.365477 -0.581432
2.13424 0.357149 -0.578848
2.14488 0.352007 -0.581432
2.13644 0.343733 -0.578848
2.12791 0.335886 -0.576264
2.12895 0.329199 -0.576264
2.12043 0.321063 -0.57368
2.13098 0.315816 -0.576264
2.13196 0.30912 -0.576264
2.15205 0.305133 -0.581432
2.153 0.298371 -0.581432
2.14435 0.290309 -0.578848
2.14521 0.283945 -0.578848
2.12693 0.27473 -0.57368
2.12778 0.268046 -0.57368
2.12861 0.261361 -0.57368
2.12942 0.254672 -0.57368
2.12062 0.246864 -0.571096
2.11178 0.239114 -0.568512
2.10292 0.231421 -0.565928
2.06521 0.220708 -0.555591
2.05629 0.213222 -0.553007
2.0473 0.206152 -0.550423
2.05755 0.200657 -0.553007
2.05817 0.194192 -0.553007
2.03953 0.185971 -0.547839
2.04973 0.180409 -0.550423
2.05029 0.173969 -0.550423
2.04119 0.166741 -0.547839
2.03208 0.159571 -0.545254
2.03254 0.153541 -0.545254
2.03301 0.147155 -0.545254
2.02383 0.1401 -0.54267
2.01462 0.133105 -0.540086
2.02467 0.127381 -0.54267
2.05399 0.122749 -0.550423
2.05436 0.116296 -0.550423
2.04507 0.109325 -0.547839
2.04541 0.1029 -0.547839
2.03607 0.096018 -0.545254
2.046 0.090404 -0.547839
2.01731 0.082787 -0.540086
2.02722 0.076815 -0.54267
2.00814 0.069775 -0.537502
1.96973 0.062245 -0.527165
1.96026 0.055782 -0.524581
1.97008 0.049868 -0.527165
1.97023 0.043678 -0.527165
1.98001 0.037673 -0.52975
1.99944 0.031758 -0.534918
2.00918 0.025951 -0.537502
2.00925 0.019639 -0.537502
2.00931 0.013326 -0.537502
1.99002 0.006947 -0.532334
1.99969 0.000698 -0.534918
1.99002 -0.005557 -0.532334
1.99966 -0.011866 -0.534918
1.98995 -0.018061 -0.532334
1.98022 -0.024194 -0.52975
1.98014 -0.030415 -0.52975
1.98003 -0.036636 -0.52975
1.96059 -0.042438 -0.524581
1.9025 -0.047161 -0.509076
1.92166 -0.053677 -0.514245
1.92149 -0.059378 -0.514245
1.9213 -0.065414 -0.514245
1.90177 -0.070732 -0.509076
1.91119 -0.077096 -0.511661
1.91094 -0.083099 -0.511661
1.89137 -0.088202 -0.506492
1.90073 -0.094624 -0.509076
1.89078 -0.100084 -0.506492
1.89046 -0.106024 -0.506492
1.88047 -0.111391 -0.503908
1.88977 -0.11757 -0.506492
1.87976 -0.122876 -0.503908
1.87936 -0.128781 -0.503908
1.87895 -0.134684 -0.503908
1.87851 -0.140587 -0.503908
1.89732 -0.14799 -0.509076
1.91611 -0.155513 -0.514245
1.91561 -0.161532 -0.514245
1.90547 -0.166707 -0.511661
1.90494 -0.172692 -0.511661
1.90438 -0.178676 -0.511661
1.90381 -0.184658 -0.511661
1.90326 -0.190306 -0.511661
1.90265 -0.196284 -0.511661
1.88281 -0.200217 -0.506492
1.89178 -0.207183 -0.509076
1.88152 -0.212043 -0.506492
1.87125 -0.216841 -0.503908
1.87059 -0.222392 -0.503908
1.8603 -0.227097 -0.501324
1.81165 -0.226937 -0.488403
1.83009 -0.235089 -0.493572
1.81014 -0.238631 -0.488403
1.80938 -0.244317 -0.488403
1.80865 -0.249684 -0.488403
1.81742 -0.256716 -0.490987
1.80705 -0.261043 -0.488403
1.79666 -0.265308 -0.485819
1.80537 -0.272392 -0.488403
1.80451 -0.278063 -0.488403
1.80362 -0.28373 -0.488403
1.78365 -0.286333 -0.483235
1.79232 -0.293183 -0.485819
1.78187 -0.297223 -0.483235
1.78092 -0.302819 -0.483235
1.77044 -0.306763 -0.480651
1.77899 -0.314003 -0.483235
1.77799 -0.31959 -0.483235
1.78648 -0.326913 -0.485819
1.80444 -0.336062 -0.490987
1.82236 -0.345326 -0.496156
1.81178 -0.349221 -0.493572
1.80119 -0.353053 -0.490987
1.80007 -0.35871 -0.490987
1.79894 -0.364363 -0.490987
1.79778 -0.370013 -0.490987
1.78716 -0.373682 -0.488403
1.77652 -0.377288 -0.485819
1.7754 -0.382557 -0.485819
1.78362 -0.390197 -0.488403
1.78239 -0.395799 -0.488403
1.77171 -0.399272 -0.485819
1.76103 -0.402683 -0.483235
1.76917 -0.410396 -0.485819
1.73026 -0.407102 -0.475483
1.71957 -0.410294 -0.472898
1.71827 -0.415694 -0.472898
1.71696 -0.42109 -0.472898
1.71563 -0.426482 -0.472898
1.71428 -0.43187 -0.472898
1.70355 -0.434864 -0.470314
1.70218 -0.440214 -0.470314
1.70087 -0.445262 -0.470314
1.69012 -0.448128 -0.46773
1.69804 -0.45594 -0.470314
1.68727 -0.458738 -0.46773
1.68582 -0.464036 -0.46773
1.68436 -0.46933 -0.46773
1.68287 -0.47462 -0.46773
1.68138 -0.479904 -0.46773
1.67058 -0.482503 -0.465146
1.66905 -0.487749 -0.465146
1.6676 -0.492699 -0.465146
1.67521 -0.500994 -0.46773
1.67363 -0.506255 -0.46773
1.66279 -0.508684 -0.465146
1.67042 -0.51676 -0.46773
1.65956 -0.519122 -0.465146
1.65793 -0.524333 -0.465146
1.65627 -0.529539 -0.465146
1.65469 -0.534451 -0.465146
1.653 -0.539646 -0.465146
1.66047 -0.547864 -0.46773
1.64042 -0.546966 -0.462562
1.64784 -0.555201 -0.465146
1.64609 -0.560375 -0.465146
1.63519 -0.562402 -0.462562
1.62429 -0.564366 -0.459978
1.64074 -0.575864 -0.465146
1.62981 -0.577788 -0.462562
1.62799 -0.582906 -0.462562
1.62615 -0.588017 -0.462562
1.6243 -0.593123 -0.462562
1.62243 -0.598223 -0.462562
1.61149 -0.599946 -0.459978
1.60959 -0.605006 -0.459978
1.60768 -0.61006 -0.459978
1.60576 -0.615107 -0.459978
1.61294 -0.623351 -0.462562
1.60197 -0.624905 -0.459978
1.6 -0.629935 -0.459978
1.58904 -0.631391 -0.457394
1.59601 -0.639975 -0.459978
1.59399 -0.644986 -0.459978
1.6009 -0.653642 -0.462562
1.58991 -0.654989 -0.459978
1.58784 -0.65998 -0.459978
1.57685 -0.66123 -0.457394
1.58367 -0.669944 -0.459978
1.57267 -0.671124 -0.457394
1.57055 -0.676061 -0.457394
1.56842 -0.680992 -0.457394
2.32361 0.663213 -0.558039
2.30681 0.651022 -0.553539
2.29946 0.641155 -0.551288
2.30146 0.633927 -0.551288
2.29404 0.624136 -0.549038
2.3054 0.619455 -0.551288
2.2885 0.607211 -0.546788
2.28097 0.59755 -0.544538
2.28283 0.59038 -0.544538
2.29412 0.585616 -0.546788
2.2865 0.576026 -0.544538
2.27884 0.566489 -0.542288
2.27115 0.557007 -0.540038
2.27279 0.550265 -0.540038
2.25555 0.538596 -0.535537
2.25723 0.531508 -0.535537
2.2494 0.52221 -0.533287
2.23203 0.510794 -0.528787
2.23363 0.503779 -0.528787
2.2256 0.495034 -0.526537
2.22714 0.48804 -0.526537
2.20962 0.476929 -0.522036
2.21111 0.469985 -0.522036
2.20304 0.461041 -0.519786
2.20447 0.454117 -0.519786
2.20589 0.44719 -0.519786
2.21684 0.442163 -0.522036
2.19909 0.431444 -0.517536
2.1813 0.420843 -0.513036
2.18254 0.414369 -0.513036
2.18383 0.40751 -0.513036
2.17552 0.39889 -0.510786
2.19594 0.395508 -0.515286
2.19717 0.388608 -0.515286
2.19838 0.381702 -0.515286
2.20918 0.376431 -0.517536
2.20074 0.367882 -0.515286
2.19227 0.35939 -0.513036
2.19338 0.352502 -0.513036
2.17517 0.342957 -0.508535
2.18587 0.337609 -0.510786
2.16765 0.327826 -0.506285
2.15903 0.319588 -0.504035
2.10217 0.304425 -0.490534
2.11276 0.299185 -0.492784
2.12334 0.293883 -0.495034
2.10494 0.284599 -0.490534
2.11544 0.279629 -0.492784
2.10664 0.271736 -0.490534
2.09782 0.2639 -0.488284
2.09863 0.257308 -0.488284
2.09943 0.250714 -0.488284
2.09053 0.242992 -0.486034
2.0816 0.235329 -0.483784
2.08233 0.228788 -0.483784
2.07335 0.221212 -0.481534
2.1128 0.218709 -0.490534
2.10375 0.211465 -0.488284
2.1238 0.206744 -0.492784
2.10504 0.198243 -0.488284
2.10565 0.191629 -0.488284
2.10624 0.185013 -0.488284
2.10681 0.178395 -0.488284
2.08794 0.170193 -0.483784
2.07875 0.162871 -0.481534
2.08894 0.157435 -0.483784
2.0797 0.15017 -0.481534
2.08017 0.143635 -0.481534
2.07088 0.136459 -0.479283
2.00323 0.125681 -0.463532
2.0328 0.121127 -0.470283
2.03317 0.11474 -0.470283
2.02379 0.107833 -0.468033
2.01438 0.100987 -0.465782
2.01469 0.094658 -0.465782
2.00523 0.088252 -0.463532
2.0055 0.081952 -0.463532
1.99601 0.075283 -0.461282
1.99624 0.069013 -0.461282
1.9867 0.062434 -0.459032
1.98689 0.056193 -0.459032
1.98706 0.049951 -0.459032
1.97746 0.043494 -0.456782
1.98733 0.037465 -0.459032
1.9777 0.031068 -0.456782
2.01675 0.025697 -0.465782
2.01682 0.019361 -0.465782
2.00713 0.012961 -0.463532
2.00716 0.006656 -0.463532
2.02666 0.000353 -0.468033
2.01691 -0.005984 -0.465782
1.99739 -0.012202 -0.461282
1.99734 -0.018476 -0.461282
1.99727 -0.024751 -0.461282
1.98744 -0.030874 -0.459032
1.9776 -0.036936 -0.456782
1.97747 -0.043149 -0.456782
1.92862 -0.048145 -0.445531
1.92846 -0.054204 -0.445531
1.93803 -0.060228 -0.447781
1.93783 -0.066316 -0.447781
1.94735 -0.072767 -0.450031
1.91791 -0.077702 -0.443281
1.90792 -0.083302 -0.441031
1.91738 -0.089751 -0.443281
1.90736 -0.095288 -0.441031
1.92651 -0.102313 -0.445531
1.91645 -0.107817 -0.443281
1.90638 -0.11326 -0.441031
1.90603 -0.118915 -0.441031
1.89592 -0.124265 -0.438781
1.89552 -0.130221 -0.438781
1.88539 -0.135477 -0.43653
1.89467 -0.142128 -0.438781
1.89421 -0.14808 -0.438781
1.92287 -0.1564 -0.445531
1.92237 -0.16244 -0.445531
1.91215 -0.167627 -0.443281
1.91161 -0.173634 -0.443281
1.91105 -0.179638 -0.443281
1.90078 -0.184699 -0.441031
1.87114 -0.187424 -0.43428
1.87054 -0.193302 -0.43428
1.86024 -0.198145 -0.43203
1.84992 -0.202926 -0.42978
1.84927 -0.208737 -0.42978
1.84861 -0.214545 -0.42978
1.84797 -0.220029 -0.42978
1.84727 -0.225834 -0.42978
1.83688 -0.230423 -0.42753
1.84581 -0.237436 -0.42978
1.84501 -0.243556 -0.42978
1.86355 -0.251962 -0.43428
1.87244 -0.258824 -0.43653
1.87162 -0.264705 -0.43653
1.87078 -0.270584 -0.43653
1.86028 -0.275035 -0.43428
1.85941 -0.280877 -0.43428
1.85852 -0.286718 -0.43428
1.84798 -0.291039 -0.43203
1.85668 -0.298389 -0.43428
1.83656 -0.300748 -0.42978
1.85482 -0.309725 -0.43428
1.83463 -0.312281 -0.42978
1.83364 -0.318043 -0.42978
1.82304 -0.322107 -0.42753
1.75489 -0.315754 -0.411779
1.77306 -0.324777 -0.416279
1.79119 -0.333917 -0.420779
1.78055 -0.337727 -0.418529
1.76992 -0.341473 -0.416279
1.76884 -0.347032 -0.416279
1.76774 -0.352587 -0.416279
1.76662 -0.358139 -0.416279
1.75594 -0.361721 -0.414029
1.7548 -0.367236 -0.414029
1.7727 -0.376798 -0.418529
1.76205 -0.380002 -0.416279
1.75133 -0.383452 -0.414029
1.75011 -0.388952 -0.414029
1.74888 -0.394448 -0.414029
1.74764 -0.399941 -0.414029
1.73688 -0.403226 -0.411779
1.7356 -0.40868 -0.411779
1.73431 -0.414131 -0.411779
1.74247 -0.42187 -0.414029
1.76006 -0.431987 -0.418529
1.76815 -0.439867 -0.420779
1.75731 -0.443037 -0.418529
1.74647 -0.446144 -0.416279
1.7545 -0.45407 -0.418529
1.75314 -0.459274 -0.418529
1.75169 -0.464779 -0.418529
1.74081 -0.467751 -0.416279
1.73933 -0.473218 -0.416279
1.73784 -0.47868 -0.416279
1.73632 -0.484137 -0.416279
1.73479 -0.48959 -0.416279
1.73325 -0.495037 -0.416279
1.74104 -0.503185 -0.418529
1.72075 -0.503183 -0.414029
1.71925 -0.508286 -0.414029
1.65222 -0.494431 -0.398278
1.68796 -0.51091 -0.407278
1.68634 -0.51621 -0.407278
1.68471 -0.521506 -0.407278
1.67377 -0.523885 -0.405028
1.67211 -0.529141 -0.405028
1.67972 -0.53736 -0.407278
1.66885 -0.539345 -0.405028
1.66715 -0.544586 -0.405028
1.67468 -0.552875 -0.407278
1.67294 -0.558133 -0.407278
1.65271 -0.557161 -0.402778
1.66017 -0.565492 -0.405028
1.64917 -0.567534 -0.402778
1.64738 -0.572712 -0.402778
1.64558 -0.577885 -0.402778
1.64375 -0.583052 -0.402778
1.64191 -0.588213 -0.402778
1.63089 -0.590053 -0.400528
1.63818 -0.598518 -0.402778
1.62715 -0.600289 -0.400528
1.63439 -0.608799 -0.402778
1.62335 -0.610501 -0.400528
1.62142 -0.615598 -0.400528
1.61948 -0.620688 -0.400528
1.62672 -0.629005 -0.402778
1.62474 -0.634112 -0.402778
1.62274 -0.639213 -0.402778
1.62072 -0.644308 -0.402778
1.61869 -0.649396 -0.402778
1.61664 -0.654478 -0.402778
1.60556 -0.655869 -0.400528
1.60349 -0.66091 -0.400528
1.59241 -0.662203 -0.398278
1.5993 -0.670972 -0.400528
1.59719 -0.675993 -0.400528
1.59506 -0.681008 -0.400528
1.60186 -0.689869 -0.402778
1.58181 -0.687134 -0.398278
2.33523 0.650692 -0.473477
2.32781 0.640747 -0.471561
2.33928 0.636006 -0.473477
2.33178 0.626109 -0.471561
2.33374 0.61878 -0.471561
2.32618 0.60896 -0.469644
2.31858 0.599193 -0.467727
2.32045 0.591906 -0.467727
2.29374 0.577426 -0.461976
2.28602 0.56785 -0.460059
2.29733 0.563002 -0.461976
2.28945 0.553875 -0.460059
2.29118 0.54668 -0.460059
2.28333 0.537232 -0.458142
2.27544 0.527838 -0.456225
2.26752 0.518499 -0.454308
2.27872 0.51353 -0.456225
2.26107 0.502509 -0.452391
2.28181 0.499602 -0.456225
2.27377 0.490361 -0.454308
2.2657 0.481176 -0.452391
2.2672 0.474057 -0.452391
2.25907 0.464953 -0.450474
2.2509 0.455906 -0.448558
2.25232 0.448831 -0.448558
2.25372 0.441753 -0.448558
2.24546 0.432814 -0.446641
2.23709 0.42432 -0.444724
2.21912 0.413693 -0.44089
2.21075 0.404951 -0.438973
2.22167 0.399742 -0.44089
2.21447 0.384097 -0.438973
2.21566 0.377139 -0.438973
2.19748 0.366943 -0.435139
2.18893 0.358452 -0.433222
2.19005 0.351574 -0.433222
2.18139 0.343547 -0.431305
2.18246 0.336692 -0.431305
2.1738 0.328368 -0.429388
2.16511 0.320102 -0.427472
2.16611 0.313299 -0.427472
2.16708 0.306492 -0.427472
2.15831 0.298339 -0.425555
2.16896 0.292869 -0.427472
2.16982 0.286433 -0.427472
2.17071 0.279615 -0.427472
2.1521 0.270347 -0.423638
2.17242 0.265971 -0.427472
2.15376 0.25682 -0.423638
2.1448 0.248921 -0.421721
2.15533 0.243283 -0.423638
2.11706 0.232229 -0.41597
2.12754 0.226617 -0.417887
2.0599 0.21287 -0.404469
2.12888 0.213617 -0.417887
2.12954 0.206928 -0.417887
2.12041 0.199317 -0.41597
2.12103 0.192655 -0.41597
2.11184 0.185133 -0.414053
2.11242 0.178498 -0.414053
2.11297 0.171862 -0.414053
2.10371 0.164457 -0.412136
2.08461 0.156743 -0.408302
2.09489 0.150899 -0.410219
2.08556 0.143642 -0.408302
2.07621 0.136446 -0.406385
2.08642 0.130535 -0.408302
2.0578 0.11577 -0.402552
2.08756 0.110866 -0.408302
2.0879 0.104307 -0.408302
2.07841 0.097288 -0.406385
2.07869 0.091121 -0.406385
2.06916 0.084192 -0.404469
2.0596 0.077322 -0.402552
2.04022 0.070177 -0.398718
2.04043 0.063766 -0.398718
2.03081 0.05708 -0.396801
2.04079 0.050946 -0.398718
2.02132 0.044105 -0.394884
1.97238 0.036839 -0.385299
2.03137 0.031556 -0.396801
2.04127 0.025653 -0.398718
2.03152 0.019148 -0.396801
2.03157 0.012765 -0.396801
2.02179 0.006352 -0.394884
2.0218 -0 -0.394884
2.01197 -0.006321 -0.392967
2.01194 -0.012642 -0.392967
2.01189 -0.018962 -0.392967
2.02164 -0.025406 -0.394884
2.01173 -0.031603 -0.392967
2.01163 -0.037923 -0.392967
1.99187 -0.043811 -0.389133
1.96229 -0.049328 -0.383382
1.96213 -0.055493 -0.383382
1.96175 -0.067477 -0.383382
1.96153 -0.07364 -0.383382
1.96129 -0.079802 -0.383382
1.96103 -0.085963 -0.383382
1.97055 -0.092584 -0.385299
1.94084 -0.0973 -0.379549
1.95033 -0.103919 -0.381466
1.9304 -0.10894 -0.377632
1.93984 -0.115588 -0.379549
1.94929 -0.121955 -0.381466
1.9391 -0.127435 -0.379549
1.9289 -0.132852 -0.377632
1.90889 -0.137501 -0.373798
1.89866 -0.142761 -0.371881
1.92756 -0.151025 -0.377632
1.95642 -0.159472 -0.383382
1.94613 -0.16479 -0.381466
1.95538 -0.171761 -0.383382
1.93528 -0.176125 -0.379549
1.92495 -0.181283 -0.377632
1.90483 -0.185428 -0.373798
1.90427 -0.191079 -0.373798
1.90366 -0.19706 -0.373798
1.90304 -0.20304 -0.373798
1.89263 -0.207946 -0.371881
1.89197 -0.213891 -0.371881
1.89129 -0.219833 -0.371881
1.87114 -0.22312 -0.368047
1.88017 -0.23019 -0.369964
1.85996 -0.233649 -0.36613
1.86895 -0.240745 -0.368047
1.8876 -0.249513 -0.371881
1.85763 -0.251492 -0.36613
1.89577 -0.262385 -0.373798
1.8755 -0.265587 -0.369964
1.87465 -0.271478 -0.369964
1.85437 -0.274492 -0.36613
1.88261 -0.284719 -0.371881
1.86231 -0.287636 -0.368047
1.84201 -0.290428 -0.364213
1.87016 -0.30089 -0.369964
1.85957 -0.30485 -0.368047
1.83924 -0.307454 -0.364213
1.83827 -0.313231 -0.364213
1.85662 -0.322362 -0.368047
1.84593 -0.326484 -0.36613
1.81592 -0.327062 -0.36038
1.83419 -0.336306 -0.364213
1.84277 -0.343867 -0.36613
1.83204 -0.347824 -0.364213
1.83094 -0.353577 -0.364213
1.82019 -0.357436 -0.362296
1.80943 -0.361231 -0.36038
1.80829 -0.366914 -0.36038
1.79751 -0.370611 -0.358463
1.80595 -0.378269 -0.36038
1.79515 -0.381898 -0.358463
1.8036 -0.389293 -0.36038
1.7832 -0.390756 -0.356546
1.80112 -0.400618 -0.36038
1.79028 -0.404113 -0.358463
1.77943 -0.407545 -0.356546
1.7877 -0.415354 -0.358463
1.76728 -0.416466 -0.354629
1.76597 -0.422016 -0.354629
1.78371 -0.432184 -0.358463
1.76328 -0.433103 -0.354629
1.76191 -0.438641 -0.354629
1.77004 -0.446575 -0.356546
1.78765 -0.456995 -0.36038
1.7577 -0.455227 -0.354629
1.76584 -0.462929 -0.356546
1.77386 -0.470993 -0.358463
1.74393 -0.468918 -0.352712
1.76139 -0.47955 -0.356546
1.74095 -0.479866 -0.352712
1.74889 -0.48797 -0.354629
1.76624 -0.498797 -0.358463
1.71748 -0.490858 -0.348878
1.72536 -0.498978 -0.350795
1.7332 -0.507152 -0.352712
1.73169 -0.512293 -0.352712
1.70177 -0.509586 -0.346961
1.70956 -0.517775 -0.348878
1.71731 -0.526017 -0.350795
1.70627 -0.528506 -0.348878
1.69524 -0.53093 -0.346961
1.69356 -0.536254 -0.346961
1.69187 -0.541571 -0.346961
1.69025 -0.546589 -0.346961
1.68853 -0.551896 -0.346961
1.67747 -0.55412 -0.345044
1.66641 -0.556279 -0.343127
1.67395 -0.564649 -0.345044
1.67217 -0.569905 -0.345044
1.67965 -0.57835 -0.346961
1.66856 -0.5804 -0.345044
1.67598 -0.588892 -0.346961
1.67413 -0.594155 -0.346961
1.66301 -0.5961 -0.345044
1.67036 -0.604662 -0.346961
1.65923 -0.606537 -0.345044
1.65732 -0.611746 -0.345044
1.65539 -0.61695 -0.345044
1.64426 -0.618691 -0.343127
1.65148 -0.627339 -0.345044
1.63117 -0.625496 -0.34121
1.63847 -0.633874 -0.343127
1.63646 -0.639018 -0.343127
1.62532 -0.640558 -0.34121
1.63242 -0.649288 -0.343127
1.63037 -0.654413 -0.343127
1.62831 -0.659532 -0.343127
1.61714 -0.660931 -0.34121
1.62413 -0.66975 -0.343127
1.62202 -0.674849 -0.343127
1.61084 -0.676143 -0.34121
1.60871 -0.6812 -0.34121
1.60656 -0.68625 -0.34121
1.61341 -0.695178 -0.343127
1.60222 -0.696331 -0.34121
1.60002 -0.701361 -0.34121
2.29484 0.631243 -0.378581
2.354 0.639567 -0.388007
2.34646 0.62961 -0.386436
2.34842 0.622234 -0.386436
2.34081 0.612355 -0.384865
2.33316 0.602528 -0.383294
2.32547 0.592756 -0.381723
2.32732 0.585448 -0.381723
2.31957 0.575754 -0.380152
2.32137 0.568463 -0.380152
2.30384 0.556932 -0.377011
2.29597 0.547402 -0.37544
2.27846 0.535666 -0.372298
2.29937 0.532965 -0.37544
2.28178 0.521338 -0.372298
2.2834 0.514168 -0.372298
2.27528 0.50525 -0.370727
2.2865 0.500211 -0.372298
2.28806 0.493024 -0.372298
2.31045 0.482678 -0.37544
2.32163 0.477406 -0.377011
2.30376 0.466193 -0.373869
2.30521 0.458952 -0.373869
2.29695 0.44981 -0.372298
2.28865 0.440725 -0.370727
2.29965 0.435771 -0.372298
2.2913 0.426736 -0.370727
2.29263 0.419535 -0.370727
2.1773 0.391365 -0.351877
2.22714 0.393107 -0.359731
2.22837 0.386107 -0.359731
2.2101 0.375794 -0.356589
2.20152 0.367224 -0.355018
2.20267 0.360306 -0.355018
2.19404 0.351821 -0.353447
2.19507 0.345309 -0.353447
2.19615 0.338412 -0.353447
2.18743 0.330037 -0.351877
2.17869 0.321721 -0.350306
2.17969 0.314875 -0.350306
2.17089 0.306644 -0.348735
2.18162 0.301173 -0.350306
2.22171 0.299597 -0.356589
2.23238 0.294295 -0.35816
2.2235 0.28602 -0.356589
2.21459 0.277804 -0.355018
2.22525 0.272044 -0.356589
2.20648 0.262716 -0.353447
2.2171 0.25692 -0.355018
2.17865 0.24553 -0.348735
2.18922 0.239759 -0.350306
2.18997 0.23288 -0.350306
2.08263 0.214851 -0.333026
2.12256 0.212608 -0.33931
2.13305 0.206893 -0.34088
2.11402 0.198345 -0.337739
2.11463 0.191702 -0.337739
2.09555 0.183337 -0.334597
2.10596 0.177582 -0.336168
2.1065 0.170966 -0.336168
2.08734 0.162811 -0.333026
2.08781 0.156616 -0.333026
2.09815 0.150766 -0.334597
2.08876 0.143496 -0.333026
2.06949 0.135642 -0.329884
2.08962 0.130369 -0.333026
2.08016 0.123219 -0.331455
2.08053 0.116685 -0.331455
2.09075 0.110669 -0.333026
2.07136 0.103119 -0.329884
2.08154 0.09707 -0.331455
2.06209 0.090033 -0.328313
2.06236 0.083555 -0.328313
2.04287 0.076337 -0.325172
2.03323 0.069581 -0.323601
2.04331 0.063499 -0.325172
2.03363 0.056805 -0.323601
2.0338 0.050416 -0.323601
2.03395 0.044026 -0.323601
2.0242 0.037453 -0.32203
2.03418 0.031245 -0.323601
2.04414 0.025332 -0.325172
2.07384 0.019185 -0.329884
2.07389 0.012669 -0.329884
2.06404 0.006124 -0.328313
2.0838 -0.000364 -0.331455
2.07392 -0.006877 -0.329884
2.05413 -0.013265 -0.326743
2.04421 -0.019624 -0.325172
2.07376 -0.026423 -0.329884
2.05392 -0.032624 -0.326743
2.06368 -0.039264 -0.328313
2.0438 -0.04531 -0.325172
2.03377 -0.05148 -0.323601
1.9645 -0.055903 -0.312605
1.98407 -0.062352 -0.315746
1.98386 -0.068585 -0.315746
1.9639 -0.074072 -0.312605
1.96365 -0.080242 -0.312605
1.96339 -0.08641 -0.312605
1.95325 -0.092113 -0.311034
1.94308 -0.097752 -0.309463
1.94277 -0.103856 -0.309463
1.96215 -0.111076 -0.312605
1.95194 -0.11665 -0.311034
1.94172 -0.121823 -0.309463
1.92162 -0.126623 -0.306321
1.93107 -0.13334 -0.307892
1.93064 -0.139406 -0.307892
1.93019 -0.145471 -0.307892
1.93957 -0.152307 -0.309463
1.97845 -0.161616 -0.315746
1.95826 -0.16616 -0.312605
1.98724 -0.174909 -0.317317
1.97684 -0.180255 -0.315746
1.9861 -0.187392 -0.317317
1.95601 -0.190755 -0.312605
1.95544 -0.196558 -0.312605
1.97446 -0.204737 -0.315746
1.97381 -0.210939 -0.315746
1.97313 -0.217139 -0.315746
1.96263 -0.222225 -0.314176
1.92268 -0.223822 -0.307892
1.96123 -0.23421 -0.314176
1.93108 -0.236765 -0.309463
1.89113 -0.2379 -0.303179
1.87079 -0.241313 -0.300038
1.87977 -0.248811 -0.301609
1.86919 -0.253389 -0.300038
1.86843 -0.258934 -0.300038
1.86761 -0.264802 -0.300038
1.85699 -0.269251 -0.298467
1.86591 -0.276531 -0.300038
1.85526 -0.280914 -0.298467
1.85437 -0.286741 -0.298467
1.84371 -0.291025 -0.296896
1.86228 -0.299957 -0.300038
1.84189 -0.302282 -0.296896
1.84094 -0.308067 -0.296896
1.83996 -0.313849 -0.296896
1.83897 -0.319628 -0.296896
1.83795 -0.325404 -0.296896
1.84664 -0.332928 -0.298467
1.83587 -0.336945 -0.296896
1.85422 -0.346338 -0.300038
1.88223 -0.357693 -0.30475
1.8714 -0.36173 -0.303179
1.83149 -0.359988 -0.296896
1.87877 -0.375416 -0.30475
1.85823 -0.377385 -0.301609
1.85703 -0.383221 -0.301609
1.84616 -0.387027 -0.300038
1.84493 -0.392825 -0.300038
1.84376 -0.398297 -0.300038
1.8425 -0.404088 -0.300038
1.84122 -0.409874 -0.300038
1.84955 -0.417833 -0.301609
1.83861 -0.421435 -0.300038
1.84689 -0.429445 -0.301609
1.82631 -0.430712 -0.298467
1.77692 -0.424962 -0.290612
1.79477 -0.435196 -0.293754
1.77422 -0.436118 -0.290612
1.77284 -0.44169 -0.290612
1.77144 -0.447257 -0.290612
1.77003 -0.45282 -0.290612
1.75904 -0.455901 -0.289041
1.75768 -0.461118 -0.289041
1.77531 -0.471709 -0.292183
1.76428 -0.474718 -0.290612
1.76278 -0.480259 -0.290612
1.76126 -0.485794 -0.290612
1.73119 -0.483358 -0.2859
1.74867 -0.494165 -0.289041
1.73762 -0.496941 -0.287471
1.72656 -0.499652 -0.2859
1.73446 -0.507849 -0.287471
1.73294 -0.512993 -0.287471
1.71231 -0.513067 -0.284329
1.72014 -0.521308 -0.2859
1.72794 -0.529604 -0.287471
1.7074 -0.529182 -0.284329
1.70573 -0.534544 -0.284329
1.70404 -0.5399 -0.284329
1.71174 -0.548263 -0.2859
1.69132 -0.547259 -0.282758
1.70836 -0.558709 -0.2859
1.7066 -0.564073 -0.2859
1.69545 -0.566303 -0.284329
1.70302 -0.574785 -0.2859
1.69186 -0.576945 -0.284329
1.69004 -0.582257 -0.284329
1.6882 -0.587564 -0.284329
1.69567 -0.59614 -0.2859
1.68448 -0.598159 -0.284329
1.67329 -0.600114 -0.282758
1.68069 -0.608731 -0.284329
1.67877 -0.614008 -0.284329
1.66756 -0.615858 -0.282758
1.66562 -0.621094 -0.282758
1.65442 -0.622844 -0.281187
1.66168 -0.631547 -0.282758
1.65969 -0.636764 -0.282758
1.6578 -0.641686 -0.282758
1.65577 -0.64689 -0.282758
1.63536 -0.644844 -0.279616
1.65167 -0.657281 -0.282758
1.6496 -0.662467 -0.282758
1.63836 -0.663937 -0.281187
1.63627 -0.66908 -0.281187
1.63416 -0.674218 -0.281187
1.63203 -0.679348 -0.281187
1.63899 -0.688296 -0.282758
1.62773 -0.689589 -0.281187
1.62555 -0.694699 -0.281187
1.62336 -0.699803 -0.281187
1.62116 -0.704899 -0.281187
1.63702 -0.717922 -0.284329
2.34467 0.644508 -0.299395
2.32752 0.631939 -0.296951
2.33909 0.627194 -0.298173
2.32186 0.614761 -0.295729
2.32378 0.607463 -0.295729
2.31606 0.59768 -0.294507
2.30831 0.587952 -0.293285
2.30052 0.578278 -0.292063
2.29269 0.568658 -0.290841
2.30411 0.563811 -0.292063
2.28648 0.552312 -0.289619
2.26889 0.540526 -0.287175
2.27058 0.533396 -0.287175
2.27224 0.526259 -0.287175
2.26421 0.516909 -0.285953
2.25614 0.507615 -0.284731
2.25763 0.500919 -0.284731
2.2592 0.493824 -0.284731
2.24133 0.482546 -0.282286
2.26225 0.479618 -0.284731
2.25403 0.470482 -0.283509
2.24578 0.461401 -0.282286
2.24722 0.454344 -0.282286
2.24863 0.447281 -0.282286
2.23055 0.436402 -0.279842
2.24165 0.431269 -0.281064
2.22342 0.420923 -0.27862
2.22473 0.413937 -0.27862
2.21626 0.40516 -0.277398
2.20775 0.396442 -0.276176
2.19921 0.387781 -0.274954
2.2102 0.382562 -0.276176
2.24074 0.380603 -0.279842
2.24193 0.373561 -0.279842
2.23329 0.364916 -0.27862
2.22463 0.356329 -0.277398
2.22568 0.349726 -0.277398
2.21696 0.341222 -0.276176
2.2082 0.332776 -0.274954
2.21906 0.327286 -0.276176
2.21025 0.318896 -0.274954
2.1621 0.305018 -0.268844
2.16305 0.298225 -0.268844
2.15414 0.290102 -0.267622
2.16483 0.285006 -0.268844
2.14603 0.275674 -0.2664
2.14688 0.26893 -0.2664
2.14772 0.262185 -0.2664
2.14853 0.255436 -0.2664
2.14932 0.248685 -0.2664
2.14023 0.240822 -0.265178
2.13111 0.233018 -0.263956
2.11209 0.224226 -0.261512
2.11279 0.21759 -0.261512
2.10355 0.210333 -0.26029
2.1042 0.203724 -0.26029
2.13447 0.199888 -0.263956
2.13509 0.19318 -0.263956
2.15546 0.188199 -0.2664
2.12637 0.17893 -0.262734
2.12692 0.172249 -0.262734
2.11756 0.164796 -0.261512
2.11804 0.158512 -0.261512
2.11853 0.151858 -0.261512
2.11899 0.145201 -0.261512
2.10953 0.137897 -0.26029
2.10005 0.130652 -0.259068
2.0311 0.119957 -0.250514
2.0711 0.115793 -0.255402
2.05163 0.10824 -0.252958
2.04205 0.101302 -0.251736
2.04236 0.094886 -0.251736
2.03272 0.088395 -0.250514
2.03298 0.082009 -0.250514
2.03323 0.075621 -0.250514
2.02354 0.068896 -0.249292
2.02375 0.062538 -0.249292
2.01401 0.055905 -0.24807
2.01418 0.049578 -0.24807
2.01432 0.043249 -0.24807
2.00452 0.036739 -0.246848
2.00463 0.030441 -0.246848
2.01464 0.024615 -0.24807
2.04448 0.018556 -0.251736
2.0743 0.012309 -0.255402
2.0644 0.005765 -0.25418
2.06441 -0.000721 -0.25418
2.05447 -0.007171 -0.252958
2.04452 -0.01356 -0.251736
2.04446 -0.019983 -0.251736
2.03447 -0.026277 -0.250514
2.0443 -0.032828 -0.251736
2.03426 -0.03906 -0.250514
2.01428 -0.045007 -0.24807
2.00421 -0.051082 -0.246848
1.9842 -0.05681 -0.244404
1.96418 -0.06207 -0.24196
1.94414 -0.067551 -0.239516
1.95383 -0.074034 -0.240738
1.94367 -0.079765 -0.239516
1.94341 -0.085871 -0.239516
1.94314 -0.091976 -0.239516
1.94284 -0.09808 -0.239516
1.9227 -0.10312 -0.237072
1.93227 -0.109722 -0.238294
1.93192 -0.115792 -0.238294
1.92166 -0.120901 -0.237072
1.92127 -0.126937 -0.237072
1.92086 -0.132972 -0.237072
1.91054 -0.13829 -0.23585
1.91009 -0.144291 -0.23585
1.88984 -0.148734 -0.233406
1.89926 -0.15548 -0.234628
1.94821 -0.16565 -0.240738
1.94768 -0.17177 -0.240738
1.96689 -0.179694 -0.243182
1.95644 -0.184938 -0.24196
1.95585 -0.191083 -0.24196
1.95527 -0.196886 -0.24196
1.95464 -0.203027 -0.24196
1.94413 -0.208111 -0.240738
1.9336 -0.21313 -0.239516
1.94278 -0.220322 -0.240738
1.92236 -0.224125 -0.238294
1.92169 -0.229828 -0.238294
1.92096 -0.235864 -0.238294
1.91036 -0.240657 -0.237072
1.86038 -0.240301 -0.230962
1.85957 -0.246468 -0.230962
1.84895 -0.250974 -0.22974
1.86786 -0.259187 -0.232184
1.84739 -0.262264 -0.22974
1.84655 -0.268067 -0.22974
1.83589 -0.27241 -0.228518
1.83502 -0.278176 -0.228518
1.82433 -0.282421 -0.227296
1.83324 -0.2897 -0.228518
1.82252 -0.293878 -0.227296
1.82164 -0.299284 -0.227296
1.8109 -0.303366 -0.226074
1.81972 -0.310724 -0.227296
1.80896 -0.314738 -0.226074
1.80796 -0.320419 -0.226074
1.80694 -0.326098 -0.226074
1.80591 -0.331773 -0.226074
1.80486 -0.337444 -0.226074
1.80379 -0.343113 -0.226074
1.80271 -0.348778 -0.226074
1.8016 -0.35444 -0.226074
1.80048 -0.360098 -0.226074
1.78961 -0.363775 -0.224852
1.77874 -0.367388 -0.22363
1.78729 -0.375012 -0.224852
1.7861 -0.380626 -0.224852
1.77526 -0.383826 -0.22363
1.76436 -0.387273 -0.222408
1.77282 -0.394973 -0.22363
1.78125 -0.402729 -0.224852
1.76063 -0.403885 -0.222408
1.76902 -0.411663 -0.22363
1.75806 -0.414939 -0.222408
1.74709 -0.41815 -0.221186
1.75541 -0.425977 -0.222408
1.75407 -0.431489 -0.222408
1.73344 -0.432196 -0.219963
1.75132 -0.442502 -0.222408
1.74992 -0.448002 -0.222408
1.7389 -0.451005 -0.221186
1.73755 -0.456163 -0.221186
1.7457 -0.46417 -0.222408
1.72507 -0.464491 -0.219963
1.7236 -0.469908 -0.219963
1.73168 -0.477961 -0.221186
1.72062 -0.480728 -0.219963
1.72865 -0.488832 -0.221186
1.71756 -0.491529 -0.219963
1.71601 -0.496923 -0.219963
1.71444 -0.502311 -0.219963
1.71294 -0.507396 -0.219963
1.71125 -0.513074 -0.219963
1.70013 -0.515567 -0.218741
1.6985 -0.520905 -0.218741
1.70634 -0.529179 -0.219963
1.6952 -0.531567 -0.218741
1.69352 -0.53689 -0.218741
1.69182 -0.542208 -0.218741
1.69021 -0.547225 -0.218741
1.67905 -0.549446 -0.217519
1.68673 -0.557834 -0.218741
1.67556 -0.559984 -0.217519
1.66439 -0.56207 -0.216297
1.67201 -0.570501 -0.217519
1.66083 -0.572517 -0.216297
1.67776 -0.584259 -0.218741
1.65719 -0.58294 -0.216297
1.65536 -0.588144 -0.216297
1.6535 -0.593341 -0.216297
1.65163 -0.598533 -0.216297
1.64042 -0.600308 -0.215075
1.64783 -0.608899 -0.216297
1.64591 -0.614072 -0.216297
1.63469 -0.615742 -0.215075
1.64202 -0.624402 -0.216297
1.63079 -0.626 -0.215075
1.63818 -0.634421 -0.216297
1.62693 -0.635951 -0.215075
1.63416 -0.644701 -0.216297
1.62291 -0.64616 -0.215075
1.62087 -0.651256 -0.215075
1.61881 -0.656345 -0.215075
1.62593 -0.665185 -0.216297
1.61466 -0.666503 -0.215075
1.61256 -0.671572 -0.215075
1.61044 -0.676635 -0.215075
1.6083 -0.681691 -0.215075
1.59703 -0.682838 -0.213853
1.59487 -0.687852 -0.213853
1.59271 -0.692859 -0.213853
1.59961 -0.701847 -0.215075
2.3361 0.633827 -0.214066
2.3477 0.629064 -0.214947
2.3304 0.616589 -0.213185
2.34196 0.611782 -0.214066
2.32458 0.599447 -0.212304
2.3168 0.589684 -0.211423
2.31864 0.582403 -0.211423
2.31079 0.572719 -0.210542
2.31258 0.565456 -0.210542
2.30456 0.556256 -0.209661
2.29661 0.546706 -0.20878
2.28862 0.537213 -0.207899
2.2903 0.53002 -0.207899
2.28224 0.520606 -0.207018
2.27414 0.511249 -0.206137
2.27565 0.5045 -0.206137
2.26749 0.495223 -0.205256
2.2593 0.486002 -0.204375
2.26081 0.478901 -0.204375
2.26231 0.471797 -0.204375
2.26378 0.464687 -0.204375
2.2457 0.453629 -0.202614
2.24711 0.446571 -0.202614
2.23873 0.437598 -0.201733
2.24009 0.430564 -0.201733
2.23157 0.422064 -0.200852
2.22309 0.413231 -0.199971
2.22438 0.406244 -0.199971
2.21584 0.397496 -0.19909
2.20727 0.388805 -0.198209
2.19867 0.380171 -0.197328
2.19985 0.373262 -0.197328
2.19118 0.364713 -0.196447
2.19232 0.357828 -0.196447
2.1836 0.349365 -0.195566
2.18462 0.342884 -0.195566
2.17584 0.334506 -0.194685
2.17689 0.327668 -0.194685
2.16805 0.319377 -0.193804
2.15918 0.311144 -0.192923
2.16015 0.304358 -0.192923
2.16109 0.29757 -0.192923
2.16202 0.290779 -0.192923
2.16287 0.284364 -0.192923
2.15388 0.2763 -0.192042
2.14485 0.268295 -0.191161
2.14568 0.261555 -0.191161
2.1366 0.253639 -0.190281
2.14728 0.248069 -0.191161
2.11835 0.237986 -0.188519
2.12899 0.232411 -0.1894
2.1099 0.223621 -0.187638
2.11059 0.216991 -0.187638
2.11123 0.210729 -0.187638
2.09205 0.202179 -0.185876
2.09267 0.195605 -0.185876
2.09328 0.189029 -0.185876
2.09386 0.182452 -0.185876
2.0845 0.17504 -0.184995
2.08504 0.168491 -0.184995
2.07563 0.161168 -0.184114
2.0761 0.155008 -0.184114
2.06664 0.147776 -0.183233
2.07703 0.141962 -0.184114
2.05759 0.13414 -0.182352
2.06794 0.128292 -0.183233
2.05839 0.121209 -0.182352
2.05876 0.114743 -0.182352
2.03921 0.107227 -0.18059
2.04949 0.101313 -0.181471
2.0498 0.094873 -0.181471
2.04012 0.08836 -0.18059
2.02048 0.081151 -0.178828
2.04063 0.07554 -0.18059
2.02095 0.068455 -0.178828
2.03111 0.062411 -0.179709
2.0313 0.05603 -0.179709
2.03146 0.049648 -0.179709
2.03161 0.043266 -0.179709
2.02178 0.036702 -0.178828
2.01192 0.030201 -0.177948
2.02196 0.024351 -0.178828
2.01207 0.017911 -0.177948
2.01211 0.011589 -0.177948
1.99222 0.005216 -0.176186
1.99222 -0.001043 -0.176186
2.00217 -0.007338 -0.177067
1.98222 -0.013493 -0.175305
1.99213 -0.019819 -0.176186
1.98209 -0.025947 -0.175305
2.00192 -0.032497 -0.177067
1.98189 -0.0384 -0.175305
1.9718 -0.044402 -0.174424
1.98161 -0.050852 -0.175305
1.97148 -0.05679 -0.174424
1.96135 -0.062323 -0.173543
1.9711 -0.068832 -0.174424
1.96092 -0.074645 -0.173543
1.96068 -0.080806 -0.173543
1.96041 -0.086965 -0.173543
1.96013 -0.093123 -0.173543
1.95983 -0.099281 -0.173543
1.95951 -0.105437 -0.173543
1.93928 -0.11046 -0.171781
1.9588 -0.117747 -0.173543
1.95845 -0.123558 -0.173543
1.96799 -0.130369 -0.174424
1.99738 -0.13862 -0.177067
2.00687 -0.145615 -0.177948
2.0064 -0.151919 -0.177948
2.00592 -0.158221 -0.177948
1.98555 -0.162893 -0.176186
2.00488 -0.170822 -0.177948
2.00434 -0.177119 -0.177948
2.03353 -0.186139 -0.18059
2.02302 -0.191588 -0.179709
2.01249 -0.196972 -0.178828
2.0119 -0.202942 -0.178828
1.99144 -0.2072 -0.177067
2.0403 -0.218765 -0.181471
1.93119 -0.286895 -0.172662
1.97952 -0.300434 -0.177067
1.88904 -0.298857 -0.169138
1.88809 -0.30479 -0.169138
1.90684 -0.313624 -0.1709
2.14689 0.025481 -0.112721
2.15695 0.018824 -0.113245
2.11705 0.011824 -0.111148
2.13705 0.005221 -0.112197
2.14704 -0.001499 -0.112721
2.11707 -0.008129 -0.111148
2.12702 -0.01485 -0.111672
2.13695 -0.021633 -0.112197
2.12688 -0.028214 -0.111672
2.14675 -0.035223 -0.112721
2.14663 -0.041967 -0.112721
2.17644 -0.04939 -0.114294
2.20967 0.004627 -0.03798
2.20967 -0.002314 -0.03798
2.19966 -0.009214 -0.037808
2.17962 -0.015978 -0.037464
2.17956 -0.022825 -0.037464
2.18947 -0.029808 -0.037636
2.17937 -0.036519 -0.037464
